PROTID	PROTLEN	0	0	0	1	1	1
m.1	362	6	6	2	6	6	2
m.1000	214	62	60	34	47	57	33
m.10009	206	8	11	4	20	12	10
m.10012	278	0	0	0	0	1	0
m.10015	205	20	21	12	22	17	11
m.10041	171	0	0	0	0	1	0
m.1005	498	14	17	11	11	18	16
m.10054	107	0	0	0	3	0	0
m.1007	159	0	0	0	0	0	1
m.10080	526	29	31	14	23	36	21
m.10101	187	0	0	2	0	2	1
m.10111	222	6	9	2	9	9	1
m.10119	416	0	1	1	0	0	0
m.1013	969	0	1	1	0	1	0
m.10132	182	0	0	2	0	2	2
m.10135	467	25	25	4	19	28	12
m.10138	474	3	8	3	6	7	1
m.10139	271	3	1	0	0	0	0
m.10164	157	3	3	0	3	0	0
m.10182	249	2	3	0	0	3	0
m.10194	572	56	47	30	30	51	29
m.10196	145	1	1	0	2	0	2
m.10199	219	14	15	14	17	16	11
m.10205	893	0	2	0	0	0	0
m.10239	279	1	3	0	0	2	1
m.10260	232	4	4	2	2	5	4
m.10264	203	1	0	0	0	0	0
m.10289	705	0	4	1	3	1	2
m.10304	278	0	0	1	0	0	0
m.10324	680	5	5	1	0	1	4
m.10327	1122	15	11	7	14	13	9
m.10342	512	0	0	1	0	0	0
m.10346	250	1	2	4	2	0	0
m.10353	112	0	0	0	0	1	1
m.1036	1192	1	3	1	0	0	0
m.10378	725	7	5	5	11	9	4
m.1038	113	17	18	10	18	20	11
m.10387	484	10	12	11	9	6	8
m.104	1674	96	94	64	47	104	44
m.1041	396	3	3	4	3	3	1
m.1042	331	7	6	4	2	5	2
m.1044	836	1	0	0	0	0	0
m.10463	220	9	4	2	3	4	2
m.10468	320	21	15	14	14	18	11
m.10472	547	14	10	7	6	9	6
m.10496	298	32	14	21	23	18	14
m.10498	209	0	0	0	0	1	0
m.10499	214	4	7	0	1	1	3
m.1054	285	20	18	9	18	21	14
m.10547	1648	0	1	0	0	1	1
m.10557	131	0	2	2	0	1	0
m.10558	176	8	12	4	6	11	7
m.10560	427	24	28	13	16	10	9
m.10575	652	1	3	0	7	0	3
m.10580	205	1	0	1	0	0	0
m.10586	414	2	0	1	0	1	0
m.1060	147	0	3	2	3	6	3
m.10603	487	4	4	0	5	5	2
m.10605	698	4	7	2	5	3	2
m.10621	420	4	5	9	3	8	2
m.10638	702	0	3	2	1	1	0
m.10645	257	0	3	0	1	2	1
m.1069	424	12	15	9	14	15	10
m.10693	451	1	0	0	5	0	0
m.107	99	24	22	16	14	24	14
m.10713	218	35	30	23	30	26	19
m.10714	429	10	15	11	14	14	15
m.10723	443	1	2	2	0	1	3
m.10726	1630	11	20	5	10	10	7
m.1073	371	4	5	2	5	7	4
m.1074	292	9	8	4	4	6	3
m.10744	282	18	10	11	12	10	8
m.10807	572	51	55	32	44	51	40
m.10812	189	5	1	2	4	3	0
m.10816	192	8	10	4	7	6	3
m.10818	372	2	5	1	6	1	3
m.10831	206	3	3	6	1	0	1
m.10852	208	2	5	1	1	3	1
m.10862	241	0	0	0	0	2	0
m.10878	258	0	1	0	1	0	1
m.10883	471	44	41	21	33	31	18
m.1089	117	23	23	15	26	28	16
m.10893	298	53	37	13	32	56	28
m.10901	228	2	2	1	0	2	0
m.10905	398	8	12	5	3	7	6
m.10909	251	0	1	0	3	0	4
m.10914	217	11	9	8	13	10	5
m.10928	723	5	5	3	8	5	4
m.10938	346	16	10	5	3	7	7
m.10939	1302	6	6	4	4	7	2
m.10942	329	1	1	0	0	0	0
m.10944	532	1	2	0	0	2	2
m.10974	566	9	11	4	9	10	3
m.110	1165	112	129	73	81	147	86
m.1100	513	10	6	7	7	6	6
m.11021	150	0	3	0	1	1	0
m.1103	1107	2	0	0	0	4	0
m.11035	299	4	4	0	6	8	4
m.11041	876	0	1	0	0	0	0
m.11045	121	7	2	1	3	6	2
m.11092	1439	1	0	0	0	0	0
m.11100	1144	22	31	13	21	26	16
m.11107	150	24	23	14	21	25	15
m.11115	300	0	1	5	3	0	2
m.11137	540	1	1	2	1	3	2
m.11149	227	22	17	11	17	19	8
m.11152	593	1	3	1	3	0	2
m.1116	106	0	0	0	0	0	1
m.11167	387	1	0	0	0	0	0
m.1126	148	11	7	5	5	7	4
m.11265	213	4	3	3	4	3	2
m.11298	283	0	2	2	2	3	1
m.113	378	114	72	57	47	111	56
m.11313	319	0	0	1	1	0	0
m.1133	280	4	5	3	3	4	5
m.11340	155	4	4	4	7	3	5
m.11346	282	2	3	3	0	3	1
m.1135	538	14	14	16	10	9	12
m.11354	351	29	30	16	24	26	18
m.11405	546	2	1	0	0	1	0
m.1141	910	1	2	0	0	0	2
m.11430	456	0	0	1	0	0	0
m.11436	297	0	1	0	1	1	2
m.11443	1087	5	6	0	5	5	0
m.1145	390	3	0	1	0	3	2
m.11458	213	7	8	6	5	9	9
m.11472	334	9	14	5	6	11	7
m.11482	410	2	2	0	1	1	1
m.1149	736	7	6	0	2	3	3
m.115	216	18	15	13	11	15	9
m.1152	2284	0	0	4	9	2	2
m.11523	224	1	1	0	0	0	1
m.11536	523	2	2	2	0	0	0
m.11543	385	14	16	12	16	9	8
m.11553	214	40	28	12	23	22	15
m.11561	392	0	1	0	0	0	0
m.1157	147	8	8	4	6	5	3
m.11575	150	4	3	2	3	7	4
m.11603	537	4	2	4	0	6	3
m.1163	121	8	12	4	6	7	7
m.1164	164	3	2	0	3	3	1
m.11654	271	0	3	0	3	2	2
m.1168	430	2	1	1	1	0	2
m.11683	186	0	0	0	3	0	0
m.11687	197	1	3	0	3	3	1
m.11700	147	0	0	0	0	0	1
m.11724	829	5	10	2	9	8	5
m.11725	118	1	1	2	0	1	1
m.1173	565	0	0	1	0	0	1
m.11744	384	6	5	0	4	7	3
m.11754	237	10	7	5	10	7	7
m.11767	390	1	1	1	2	2	3
m.1177	593	0	2	0	0	0	0
m.11786	188	1	3	3	0	0	2
m.11819	281	12	10	6	9	18	8
m.11820	1432	1	3	0	0	2	3
m.11826	566	1	3	2	0	4	2
m.11828	346	1	3	0	1	0	1
m.11831	212	7	13	5	20	8	8
m.11832	897	23	26	11	20	26	14
m.11842	252	1	0	1	2	0	3
m.11872	568	2	1	0	0	1	0
m.11876	224	3	2	2	0	2	0
m.1188	293	10	13	11	8	11	6
m.11898	748	0	3	1	0	0	0
m.11907	647	0	0	1	0	0	0
m.11921	315	0	0	0	1	1	1
m.11924	283	1	2	0	0	0	3
m.11933	202	3	3	1	2	2	1
m.11971	202	1	2	0	0	0	0
m.11993	245	0	0	1	0	0	1
m.11995	326	11	7	7	14	8	4
m.12002	156	3	5	4	3	4	2
m.12007	433	16	17	13	8	11	14
m.12009	511	6	7	4	1	8	2
m.12028	524	0	1	0	1	3	0
m.12035	180	1	5	2	5	4	3
m.1204	135	1	2	0	2	0	0
m.12048	569	23	30	13	18	25	11
m.12051	247	4	5	1	4	3	2
m.12056	309	5	3	4	1	3	2
m.12069	191	0	0	0	1	1	0
m.12097	491	1	1	0	0	0	0
m.12124	155	2	6	0	5	2	2
m.12129	447	157	179	95	104	216	110
m.1215	381	8	10	5	6	14	4
m.12175	403	6	7	4	6	8	5
m.12185	535	9	7	2	6	6	2
m.12229	471	59	56	32	37	58	29
m.1223	739	3	9	3	4	5	3
m.12238	232	45	40	27	35	45	27
m.12306	644	2	2	1	1	4	3
m.12326	225	3	4	0	1	2	0
m.12334	1458	6	10	3	7	7	3
m.1235	511	3	6	3	9	4	3
m.12364	195	0	3	0	0	0	0
m.1238	450	4	6	1	7	7	4
m.1240	151	0	0	1	0	0	0
m.12417	694	6	12	6	7	8	5
m.1245	204	38	48	26	40	45	32
m.1249	263	22	14	11	6	31	14
m.12517	148	1	0	1	0	0	1
m.12521	914	32	30	22	28	29	20
m.12550	201	7	6	6	5	4	3
m.12589	426	0	2	0	2	0	2
m.12606	311	4	4	5	0	1	1
m.1261	196	4	2	4	3	9	3
m.12642	195	73	59	40	48	65	39
m.12643	211	1	4	0	2	2	1
m.12644	250	0	0	0	1	0	0
m.12647	377	0	1	0	0	2	0
m.12648	162	4	2	1	3	3	0
m.1265	381	2	0	1	0	0	1
m.12659	176	0	0	3	0	0	0
m.12662	470	23	19	14	16	16	15
m.12676	293	1	1	0	1	2	2
m.12686	459	1	4	1	3	4	4
m.12693	1749	20	26	14	23	17	22
m.12695	530	2	1	1	0	3	1
m.12698	142	17	11	7	7	13	6
m.12699	199	19	17	12	15	18	9
m.12709	550	26	26	15	23	30	16
m.12711	510	8	2	2	3	8	4
m.12713	362	0	0	0	0	1	0
m.12716	167	7	4	4	4	4	2
m.12721	179	0	1	5	3	0	1
m.12722	407	3	7	2	6	6	4
m.12724	296	0	0	0	3	0	2
m.12725	224	22	22	16	19	26	17
m.12732	698	35	33	24	31	38	24
m.12733	700	16	18	4	12	14	8
m.12740	434	21	21	12	14	19	15
m.12744	483	4	5	1	5	4	2
m.12757	255	22	14	12	16	18	8
m.12762	252	9	7	29	8	0	11
m.12764	395	2	2	1	0	2	1
m.12766	325	0	0	2	0	0	0
m.12770	763	5	3	1	1	3	1
m.12778	145	1	2	1	2	2	2
m.12781	500	4	3	1	4	4	3
m.12786	174	0	0	3	2	0	0
m.12790	138	14	9	1	6	9	5
m.12795	196	1	0	0	1	1	0
m.12796	156	21	16	15	13	18	10
m.12799	378	9	7	8	7	7	6
m.1281	317	1	2	0	1	2	0
m.12810	529	27	24	12	5	22	18
m.12813	219	13	9	8	8	6	7
m.12818	193	33	28	13	21	37	18
m.12824	377	27	37	21	28	15	18
m.12825	688	4	5	3	0	2	2
m.12829	263	2	4	2	4	2	1
m.1283	112	9	11	4	8	5	5
m.12839	312	8	6	2	4	10	3
m.12859	409	1	0	1	0	0	0
m.1286	2829	730	643	466	491	771	434
m.12872	385	5	7	5	8	4	6
m.12890	232	0	7	2	2	2	2
m.12895	388	4	3	0	4	0	1
m.129	503	5	5	1	4	6	4
m.12917	415	1	3	2	4	3	1
m.12931	406	1	0	0	0	0	1
m.12941	323	29	14	19	18	22	10
m.12945	765	2	1	1	0	1	1
m.1296	468	14	13	9	12	13	6
m.12970	372	12	8	5	2	10	7
m.12976	264	5	8	4	4	7	2
m.12982	418	6	8	5	10	7	6
m.12989	486	0	0	0	0	1	0
m.12991	100	61	53	33	34	71	38
m.12999	500	5	3	2	1	6	2
m.1301	177	15	25	17	14	22	12
m.13014	751	0	1	0	0	1	0
m.13024	171	0	3	1	0	0	1
m.13026	699	1	5	1	4	1	1
m.13039	212	0	0	2	2	0	0
m.13050	236	0	4	1	0	4	1
m.13075	235	5	5	2	6	6	2
m.13082	610	0	0	2	1	2	2
m.13085	424	9	8	5	7	10	5
m.13089	190	11	15	8	13	9	6
m.13090	174	9	8	4	9	9	4
m.13091	557	6	5	2	4	9	2
m.13094	265	0	0	4	0	0	0
m.13107	529	5	14	8	12	5	5
m.13119	549	13	12	2	14	18	10
m.13131	436	10	16	8	16	10	11
m.13133	304	17	15	17	15	9	12
m.13136	222	2	3	1	3	3	2
m.13171	608	0	1	0	0	1	1
m.13173	263	0	1	0	0	0	0
m.13180	357	9	4	7	7	1	2
m.13191	264	11	10	7	8	10	6
m.13197	189	6	3	6	4	6	4
m.132	146	0	0	1	1	0	0
m.13206	240	5	11	0	6	8	1
m.13208	752	0	0	0	0	0	1
m.13218	683	4	1	0	4	0	1
m.13226	326	10	13	7	4	11	3
m.13233	253	13	5	8	0	13	5
m.13240	197	7	9	3	6	6	3
m.13248	748	1	0	0	1	0	0
m.1328	203	2	2	1	0	2	0
m.13287	313	2	1	1	3	0	1
m.13295	297	1	7	2	4	5	2
m.133	397	2	3	1	3	3	1
m.13303	395	2	4	1	0	4	2
m.13314	295	23	20	23	19	30	8
m.1334	391	4	4	2	1	3	2
m.13347	625	0	0	0	0	1	0
m.13356	586	10	1	1	2	1	1
m.13371	1200	18	29	14	9	14	11
m.1339	464	9	24	10	11	9	10
m.134	169	7	5	4	4	4	2
m.13409	233	11	9	7	9	7	5
m.13423	531	11	11	8	11	11	8
m.13424	343	1	2	0	1	2	2
m.13425	114	0	1	1	1	0	0
m.13427	257	2	2	1	3	0	0
m.13432	425	1	2	0	0	0	1
m.13434	1309	1	1	1	1	0	0
m.13436	653	8	13	4	13	10	6
m.13443	372	59	35	28	19	54	30
m.13444	605	9	9	5	3	10	8
m.13448	293	9	8	3	3	12	6
m.1346	158	18	21	13	26	25	13
m.13471	151	8	5	5	3	5	7
m.13475	469	7	10	7	18	10	5
m.13476	183	5	3	2	5	0	3
m.13486	292	41	30	32	15	37	25
m.13488	163	3	3	2	0	5	3
m.13490	255	19	12	9	12	15	8
m.13492	741	0	1	0	0	0	0
m.13513	367	3	3	0	1	2	2
m.13514	432	3	6	2	2	2	2
m.13516	189	23	20	14	15	23	16
m.13531	269	1	6	2	5	5	3
m.13540	365	0	1	2	1	0	2
m.1355	1555	14	13	9	11	14	10
m.13557	339	10	7	6	3	4	3
m.13574	515	10	6	7	6	9	3
m.13590	549	41	37	30	28	36	22
m.13617	393	2	5	2	3	5	3
m.13622	146	3	4	2	4	3	2
m.13637	665	0	2	0	1	2	0
m.13659	548	1	3	3	1	3	1
m.1369	374	174	166	124	163	195	112
m.13710	208	1	1	2	2	1	2
m.13716	211	0	0	0	1	0	0
m.13720	455	0	0	0	3	0	0
m.1373	177	1	1	0	0	3	1
m.13742	710	1	1	0	0	0	1
m.13743	311	22	23	12	21	21	16
m.13744	138	6	7	2	6	5	3
m.13748	486	0	1	0	1	1	2
m.13753	335	4	8	5	1	7	3
m.13791	176	0	1	2	0	0	1
m.13811	436	3	5	4	0	1	1
m.13842	680	13	30	19	25	40	20
m.13862	447	13	8	6	11	14	8
m.13863	1106	17	42	1	11	25	13
m.13869	191	4	5	3	0	4	1
m.13885	1031	0	1	0	3	1	4
m.139	190	12	13	5	10	9	6
m.1390	448	51	35	22	35	40	26
m.13903	193	3	3	1	2	3	2
m.13957	123	0	1	1	2	1	0
m.1396	509	3	3	2	3	3	1
m.13977	445	52	30	29	23	33	21
m.14053	115	0	0	2	0	1	0
m.1408	226	5	19	2	15	16	8
m.14083	1506	3	1	2	0	2	1
m.141	436	105	92	62	66	92	53
m.14108	268	4	2	1	2	4	0
m.14109	662	1	5	2	2	0	2
m.14128	211	7	17	19	11	8	12
m.1413	338	12	14	11	11	16	10
m.14134	135	1	3	0	4	0	0
m.14137	212	0	2	2	1	1	3
m.1415	197	1	7	5	1	3	8
m.14152	569	3	3	2	1	1	2
m.14201	145	2	2	0	0	2	1
m.14203	282	1	0	0	0	0	0
m.14213	220	0	0	2	3	2	0
m.14255	219	8	8	5	7	7	3
m.14269	430	1	7	2	0	2	0
m.14297	518	0	1	0	1	0	0
m.14312	960	43	40	32	39	60	39
m.14349	643	5	2	2	0	2	3
m.14355	846	41	36	20	28	37	22
m.1436	550	60	66	38	35	62	45
m.14364	158	1	0	0	0	2	0
m.1437	515	2	3	3	5	3	3
m.14375	119	3	4	2	3	5	1
m.14377	379	0	0	0	1	0	1
m.1440	833	3	4	1	3	2	1
m.14422	417	20	16	14	8	17	10
m.14438	273	1	0	1	5	4	2
m.14458	126	5	6	4	5	6	3
m.14465	536	0	1	0	1	0	0
m.1447	450	4	4	2	1	4	3
m.14490	140	9	3	1	3	3	5
m.145	467	0	0	3	0	2	1
m.14507	364	0	0	0	0	1	2
m.1454	475	10	7	4	6	5	5
m.14543	392	20	15	6	15	20	13
m.1456	431	6	6	1	4	7	3
m.14602	310	6	6	2	2	4	6
m.1461	469	0	5	2	0	1	1
m.14620	195	2	3	0	3	3	1
m.14627	134	3	0	0	0	0	0
m.1463	394	13	9	8	7	11	8
m.14636	169	0	0	1	0	0	0
m.14672	359	0	0	0	3	0	2
m.14712	256	3	2	2	0	4	2
m.1472	277	21	12	17	13	15	12
m.1473	555	30	20	18	18	29	15
m.14730	134	3	3	2	2	3	2
m.14738	152	2	3	1	4	3	2
m.14739	401	4	4	3	5	2	4
m.14754	356	24	23	17	16	19	13
m.14756	396	8	9	5	8	7	5
m.14765	420	5	7	4	2	3	5
m.1478	617	3	4	2	0	6	3
m.14803	174	2	0	0	0	0	0
m.1487	314	1	0	0	0	0	0
m.14897	346	1	6	1	0	4	2
m.14910	573	7	15	6	3	10	6
m.14914	470	1	4	2	2	0	2
m.14915	293	41	45	13	41	64	38
m.14918	406	1	5	1	2	3	4
m.14921	762	1	2	0	0	0	1
m.14923	328	18	16	7	12	15	10
m.1493	232	16	15	13	9	14	9
m.14938	965	0	1	0	0	0	0
m.14946	234	10	9	5	2	3	2
m.14952	249	9	11	4	0	9	6
m.14956	520	2	2	1	0	1	0
m.14963	1061	68	54	37	34	55	37
m.14967	111	1	0	0	0	1	0
m.14972	298	0	3	0	3	2	0
m.14975	171	1	1	0	0	0	0
m.14983	218	21	24	14	16	20	12
m.14984	440	11	7	10	11	13	8
m.14994	562	5	7	7	4	12	3
m.14998	1027	0	3	2	5	0	1
m.14999	503	192	159	119	117	207	132
m.1500	101	0	0	0	3	0	0
m.15017	296	2	0	0	0	0	1
m.15018	456	1	0	1	0	0	0
m.15022	221	50	39	23	19	48	24
m.15026	538	2	5	0	4	7	2
m.15038	332	0	2	0	0	0	0
m.1504	136	6	10	5	11	11	8
m.15047	323	40	33	20	33	45	26
m.1505	423	16	14	10	13	10	8
m.15054	242	55	33	24	38	47	24
m.15058	304	0	1	0	0	0	0
m.15063	195	1	2	1	0	0	2
m.15067	179	21	23	11	17	23	12
m.15074	356	1	0	0	0	1	0
m.15079	260	32	34	26	31	29	20
m.1509	223	10	13	5	13	12	7
m.15090	1470	3	4	0	2	5	3
m.15096	468	2	9	3	5	2	8
m.15098	368	0	1	0	0	0	1
m.151	201	0	2	1	2	3	0
m.15111	545	57	57	40	42	76	37
m.15114	369	5	4	3	6	3	4
m.15118	99	4	5	0	6	0	2
m.15122	236	0	0	1	1	0	1
m.15126	176	3	6	0	7	2	2
m.15134	1205	5	6	1	4	6	3
m.15139	435	96	79	66	62	94	56
m.15141	227	28	36	18	25	30	20
m.15155	891	4	1	0	1	0	0
m.15158	259	4	3	2	1	6	2
m.15162	152	38	32	19	25	36	19
m.15166	611	5	2	0	2	4	1
m.15170	715	3	3	3	1	3	2
m.15172	116	0	1	1	3	0	1
m.15175	266	15	18	8	17	15	11
m.15185	362	50	33	26	19	47	29
m.15189	147	4	6	3	2	3	4
m.15196	185	1	0	0	0	0	0
m.152	115	7	4	4	1	7	3
m.15200	788	6	7	6	11	8	5
m.15204	648	75	52	44	40	66	42
m.15205	198	3	0	2	1	1	1
m.15213	424	2	1	1	0	0	1
m.15220	508	27	16	17	8	20	19
m.15241	654	12	15	3	14	11	12
m.15247	289	5	9	5	5	7	5
m.15259	327	8	5	4	4	6	4
m.1527	299	41	37	21	24	33	22
m.15281	346	1	1	0	5	4	0
m.15288	254	1	2	0	2	1	0
m.15290	959	8	8	6	4	14	3
m.153	398	2	4	1	3	4	3
m.1530	391	11	7	11	1	18	8
m.15303	441	2	3	0	0	2	0
m.15306	507	0	1	0	2	1	0
m.15314	289	0	0	3	0	0	2
m.15316	161	0	1	1	0	0	0
m.15323	305	11	19	8	12	19	8
m.15325	4828	1	3	2	4	1	0
m.15331	209	22	14	10	8	20	9
m.15345	109	0	1	0	0	0	0
m.15365	326	0	0	0	0	0	1
m.15370	180	18	21	15	18	11	16
m.15377	555	45	37	28	28	48	24
m.15388	345	6	4	2	2	2	2
m.15396	329	0	3	1	3	1	2
m.15400	429	15	19	10	13	17	11
m.15409	308	0	0	0	1	0	0
m.15418	181	0	5	4	3	1	7
m.15419	125	2	3	1	0	3	1
m.15426	1113	10	17	8	11	14	11
m.15449	425	5	6	2	3	6	3
m.15457	489	2	7	1	0	4	2
m.15462	185	7	7	6	6	6	4
m.1547	193	10	12	4	11	12	7
m.15471	509	4	1	5	3	6	5
m.15477	423	0	0	1	1	9	1
m.15479	147	0	0	0	1	3	0
m.15484	173	0	1	2	0	0	2
m.15491	328	0	5	2	2	0	1
m.15526	304	10	11	4	4	9	4
m.15530	386	10	10	11	5	0	3
m.15544	155	15	13	8	6	10	7
m.15555	863	0	1	0	0	0	5
m.15579	236	0	0	0	0	1	0
m.15586	275	20	25	14	23	26	12
m.1560	548	25	27	17	29	33	16
m.15618	675	0	0	2	0	1	1
m.1563	266	0	0	1	0	0	0
m.15633	448	111	87	67	72	81	44
m.15686	206	11	8	7	7	7	6
m.1569	147	1	0	0	0	1	1
m.15693	310	34	36	24	27	33	21
m.15700	399	0	7	2	5	2	3
m.15722	235	42	38	34	26	42	24
m.15724	695	13	7	5	7	6	3
m.1573	128	2	3	0	1	0	0
m.15750	815	12	7	7	5	12	8
m.15756	276	3	3	2	0	0	2
m.1576	513	14	19	11	21	15	14
m.15764	225	10	9	3	3	8	5
m.15779	427	0	2	0	0	0	0
m.15796	107	2	0	1	2	0	2
m.15797	333	0	0	0	0	0	1
m.15802	284	0	2	0	0	0	0
m.15803	206	7	7	3	3	1	4
m.1582	284	2	3	1	0	1	3
m.15822	319	6	0	3	0	3	0
m.1583	327	19	16	13	16	22	12
m.15831	119	0	1	1	0	0	2
m.15838	328	0	0	3	1	0	1
m.15839	183	10	15	5	12	13	5
m.15850	195	1	3	0	2	3	2
m.15857	420	7	8	5	6	9	6
m.15859	410	7	18	5	16	9	8
m.15899	456	1	3	1	1	6	2
m.15900	181	2	0	0	0	0	1
m.1592	810	6	3	2	2	3	3
m.15923	2429	26	66	12	33	39	32
m.15962	187	1	3	1	1	1	0
m.15986	209	6	6	4	6	3	4
m.1600	347	1	2	0	1	3	1
m.16001	119	1	1	0	3	0	2
m.16005	488	0	1	1	0	0	0
m.16009	808	20	29	15	20	26	19
m.16029	467	0	3	0	0	4	2
m.16036	305	12	11	8	5	10	6
m.16056	335	2	1	0	0	2	0
m.16090	446	26	28	15	20	33	22
m.16099	216	0	1	4	0	2	0
m.16108	243	3	4	1	3	1	0
m.16119	234	4	8	1	2	3	4
m.16132	345	7	4	3	3	6	4
m.16180	508	9	8	7	3	6	4
m.16211	276	2	2	1	3	3	2
m.16222	296	3	2	0	0	3	2
m.16224	295	3	4	6	0	2	1
m.16233	161	16	16	12	12	14	10
m.16246	388	7	6	2	0	6	1
m.16247	347	1	1	0	0	0	2
m.16258	131	0	4	0	1	4	2
m.16259	270	1	3	2	4	3	1
m.1626	326	16	13	13	13	14	10
m.16276	140	2	0	1	0	0	0
m.16281	177	9	13	5	9	8	6
m.16282	297	2	4	3	8	3	2
m.16303	320	0	0	0	0	1	0
m.16309	388	6	3	5	2	1	2
m.16319	224	9	8	4	7	8	6
m.16321	224	1	2	1	4	2	2
m.16351	226	15	15	11	13	11	8
m.16371	297	5	5	2	3	6	2
m.16384	119	2	2	1	0	2	0
m.16414	306	1	3	0	2	3	1
m.16423	301	5	6	2	0	3	1
m.16442	194	2	1	2	4	2	5
m.16446	276	3	4	4	3	0	1
m.16449	935	14	23	6	18	22	13
m.16465	273	8	11	6	7	7	4
m.16496	187	2	2	0	0	0	0
m.1652	495	67	56	48	53	67	39
m.16523	512	1	0	1	0	0	1
m.16526	293	5	4	1	1	0	3
m.16548	260	2	1	0	1	1	0
m.1655	411	21	14	10	9	26	9
m.16591	233	9	8	4	9	7	3
m.16598	409	2	0	2	2	3	1
m.166	168	3	3	1	0	4	3
m.16613	231	0	0	0	1	0	0
m.16618	108	0	0	0	0	0	1
m.16651	319	7	5	5	7	7	3
m.16692	411	26	20	14	16	26	11
m.16736	134	2	3	1	1	1	0
m.16745	191	1	0	0	0	6	0
m.1680	375	4	5	4	4	1	2
m.16813	293	0	1	0	0	1	1
m.16825	240	1	0	0	0	0	0
m.1685	362	3	7	3	3	3	2
m.16853	182	3	0	0	0	3	0
m.16859	1199	11	12	9	5	14	9
m.16863	391	1	2	1	0	0	0
m.16864	208	1	4	0	0	2	0
m.16877	305	0	1	2	0	0	0
m.1688	655	0	2	1	0	0	0
m.1689	2742	3	6	2	5	4	2
m.16901	126	0	0	0	0	2	1
m.16910	2217	18	48	7	25	34	21
m.16955	391	3	0	2	1	0	1
m.16994	221	11	14	8	12	10	6
m.16997	579	42	70	34	22	45	32
m.17002	969	2	7	2	4	5	3
m.17007	211	0	2	0	6	4	1
m.17032	119	0	1	1	0	0	0
m.1706	388	3	6	2	1	0	4
m.17099	205	2	8	3	0	5	2
m.171	2522	2	10	2	4	4	0
m.17101	439	11	10	13	7	11	12
m.17110	253	0	0	0	0	0	1
m.17128	1219	7	8	5	4	2	3
m.1714	264	7	5	2	2	3	4
m.17144	187	0	0	0	2	0	2
m.17178	533	0	1	2	0	2	0
m.17196	197	0	0	0	0	1	0
m.17237	424	0	1	0	2	0	0
m.17242	566	1	4	2	3	3	2
m.17244	319	1	2	1	0	1	0
m.1729	398	0	0	1	0	0	0
m.17297	163	1	0	0	1	0	0
m.173	389	414	323	234	260	364	232
m.17323	421	58	49	27	58	59	42
m.1733	1264	3	0	0	1	0	0
m.17333	372	0	0	0	0	0	1
m.17346	797	4	6	3	7	3	5
m.1736	553	0	2	0	0	1	0
m.17361	189	0	0	0	0	2	0
m.17363	155	0	1	0	0	0	1
m.17386	142	1	0	0	1	0	3
m.17418	331	0	0	0	0	1	0
m.17427	215	0	2	2	0	0	0
m.17435	484	41	43	21	30	47	27
m.17466	666	50	38	14	31	36	22
m.17473	414	0	0	1	0	1	0
m.17476	386	2	4	3	1	2	1
m.17496	405	10	12	8	8	8	4
m.17508	148	2	4	2	1	2	2
m.17509	429	11	10	9	9	9	6
m.17514	369	3	5	2	3	6	3
m.17521	185	48	49	32	32	48	31
m.17527	348	0	0	3	0	0	0
m.17547	505	15	20	8	19	18	12
m.17560	348	0	0	1	0	1	3
m.17562	293	1	2	4	0	0	1
m.17572	133	8	9	8	9	10	6
m.17577	207	2	0	0	0	0	0
m.17582	562	20	17	3	7	23	8
m.17587	233	4	7	3	6	6	2
m.17595	424	30	28	12	17	27	18
m.17598	232	0	0	1	0	0	0
m.17599	105	1	0	1	0	1	0
m.17609	155	0	0	0	1	0	0
m.1761	2437	6	30	6	6	9	8
m.17615	183	4	4	1	5	6	2
m.17619	306	5	0	2	0	0	1
m.17634	303	1	2	0	0	0	2
m.17642	405	16	12	10	8	10	9
m.17646	144	3	1	2	0	1	2
m.17653	215	7	12	5	8	12	8
m.17655	964	4	6	0	3	11	2
m.17662	137	3	5	2	2	3	2
m.17663	669	0	0	1	0	0	0
m.17682	122	0	1	2	2	2	1
m.17683	465	0	4	0	3	3	5
m.17686	418	7	1	0	8	15	2
m.17688	106	0	0	1	0	0	0
m.17700	509	1	1	2	1	0	2
m.17718	670	43	38	17	13	26	13
m.17739	255	25	33	19	23	27	26
m.17758	659	2	4	0	3	3	0
m.17769	574	8	5	4	0	6	4
m.17776	322	4	8	4	6	4	1
m.17784	409	2	1	2	1	3	0
m.17789	102	1	0	0	0	2	0
m.17794	846	68	54	30	37	42	36
m.17804	580	51	32	24	21	42	21
m.17812	263	1	3	2	1	1	0
m.17821	322	86	73	47	63	85	56
m.17836	548	0	1	0	1	0	0
m.17857	135	3	5	0	5	1	3
m.17859	221	1	3	1	3	6	1
m.17885	208	10	13	5	10	10	5
m.17895	500	13	14	12	9	12	8
m.17897	385	5	6	3	3	8	1
m.17910	625	4	4	0	1	3	4
m.1793	310	5	4	3	2	4	2
m.17930	292	3	4	0	3	0	1
m.17939	224	2	1	0	1	1	0
m.1796	557	36	32	23	19	34	19
m.17967	175	5	5	3	4	4	4
m.17970	233	8	6	1	1	5	2
m.17977	658	1	0	1	0	1	0
m.17984	639	22	19	13	18	23	15
m.17992	724	29	30	19	20	35	25
m.18001	225	0	2	0	3	0	5
m.18002	175	3	1	1	3	2	0
m.18003	350	0	1	0	0	0	0
m.18008	238	3	1	0	0	1	1
m.18009	870	1	1	0	1	1	0
m.1802	545	3	2	0	1	1	3
m.18040	327	23	24	12	19	19	12
m.18048	376	33	22	22	20	27	16
m.1806	594	5	5	0	1	3	1
m.18060	194	5	3	2	0	2	1
m.18062	181	14	11	12	7	11	10
m.18064	292	0	2	0	2	0	1
m.18070	421	3	4	4	7	4	5
m.1809	261	0	0	1	2	1	0
m.18090	289	3	3	1	2	2	1
m.1811	272	15	15	12	18	18	7
m.18144	177	5	2	5	0	2	4
m.18155	470	20	21	10	23	18	9
m.1816	454	1	4	0	3	7	0
m.18174	206	0	1	0	0	2	0
m.18183	178	1	0	1	0	0	1
m.18203	117	0	0	0	3	0	0
m.18216	767	10	8	1	0	3	0
m.18230	315	0	0	0	1	3	0
m.18280	786	5	9	0	8	13	7
m.18288	378	12	8	7	3	10	3
m.18294	121	3	2	1	0	0	0
m.18326	402	0	1	0	0	0	0
m.18336	196	10	4	2	7	8	6
m.1834	596	18	20	21	18	20	14
m.18355	140	1	1	1	1	0	0
m.18362	249	22	14	12	3	11	11
m.18366	538	20	22	9	18	24	15
m.18370	247	1	2	1	2	4	1
m.18373	191	4	1	1	7	0	6
m.18387	243	0	8	1	7	7	7
m.1839	150	0	0	3	6	3	0
m.184	376	422	328	230	260	356	218
m.18406	213	8	6	3	5	2	5
m.18408	135	1	1	0	0	1	0
m.18439	485	1	0	0	0	2	1
m.1846	234	2	1	3	0	2	0
m.18462	162	1	3	1	3	2	0
m.18470	326	16	10	10	13	21	8
m.18491	290	3	2	2	1	3	0
m.18493	251	0	0	1	0	0	1
m.1850	391	2	4	1	2	5	3
m.18511	317	1	0	0	0	0	0
m.18531	393	1	3	3	0	1	1
m.18543	325	0	0	0	2	0	0
m.18550	321	9	8	4	9	9	6
m.18553	252	9	5	7	7	11	5
m.18556	357	24	25	15	30	26	19
m.18584	365	1	3	1	3	1	1
m.18619	214	1	3	1	0	0	0
m.1862	270	1	1	4	0	0	1
m.1866	1135	15	11	14	8	11	9
m.18667	123	0	3	0	1	1	0
m.18729	206	0	0	3	0	0	0
m.1874	125	0	0	0	0	0	1
m.18748	201	14	16	10	15	13	8
m.18767	961	8	15	2	11	8	3
m.1881	292	51	30	47	23	49	29
m.18818	131	3	0	2	1	0	1
m.18819	1444	70	86	48	57	75	49
m.18825	839	81	62	42	63	70	49
m.18834	354	7	11	3	8	6	5
m.1884	645	5	12	4	8	6	2
m.18862	137	9	8	7	6	0	2
m.1889	383	1	4	0	0	0	2
m.18898	207	18	24	12	21	22	12
m.18909	204	2	0	1	0	3	0
m.18940	324	0	2	0	0	2	0
m.18969	102	5	6	2	0	5	5
m.1897	265	6	4	10	5	4	3
m.18995	284	0	0	2	0	0	0
m.18998	315	1	2	0	0	0	0
m.190	135	0	2	0	1	1	1
m.19020	385	2	0	0	0	0	0
m.1903	378	10	9	8	8	7	5
m.19033	252	55	55	30	44	58	34
m.19068	541	0	0	0	0	0	1
m.19079	424	4	5	0	1	2	2
m.19080	266	0	2	3	3	3	1
m.19105	387	2	0	1	0	1	0
m.19106	321	2	5	1	1	1	1
m.1911	462	0	2	1	2	0	0
m.19148	194	0	1	1	0	0	0
m.19151	186	19	17	10	7	23	11
m.19166	267	2	2	0	0	0	1
m.19195	126	6	4	3	3	4	3
m.19225	469	13	10	5	14	19	6
m.19242	719	25	28	11	25	12	13
m.1925	184	0	0	1	0	0	0
m.19271	554	1	2	0	0	0	1
m.19281	105	0	2	0	0	1	0
m.1931	256	0	1	0	0	0	0
m.1936	223	5	4	1	7	7	2
m.19360	173	14	10	10	10	10	5
m.19365	277	14	18	10	13	11	10
m.19391	189	0	0	1	0	1	1
m.19416	143	20	11	8	7	8	8
m.19419	213	0	1	0	0	0	0
m.19423	152	4	0	3	2	4	1
m.19446	282	6	10	3	6	3	4
m.19454	152	5	5	4	5	6	5
m.19455	354	0	0	1	1	0	0
m.19460	144	17	16	10	16	14	8
m.19461	242	2	0	1	0	0	0
m.19463	429	1	0	0	0	0	0
m.19469	629	3	1	1	1	1	2
m.19483	336	0	3	1	5	1	0
m.19487	501	4	5	2	5	7	5
m.19494	241	2	4	2	4	5	2
m.19495	508	28	25	10	26	22	17
m.19496	684	0	0	1	2	0	2
m.195	212	1	2	0	0	1	3
m.1950	311	5	11	6	9	11	7
m.19503	183	3	3	2	1	0	1
m.19510	516	32	45	26	39	38	29
m.19514	1648	10	12	4	13	6	4
m.19531	314	0	1	0	0	0	0
m.19534	303	0	0	0	2	0	0
m.19535	181	2	2	2	3	0	2
m.19543	104	3	0	1	0	3	2
m.19558	268	8	3	4	3	5	6
m.19561	251	0	3	0	6	5	0
m.19580	222	1	0	2	0	2	0
m.19587	374	0	1	0	0	0	0
m.19593	255	0	0	0	1	0	0
m.19597	531	25	28	15	28	33	19
m.19598	1537	3	5	2	4	3	3
m.196	258	7	6	4	6	9	9
m.19610	677	5	10	3	9	12	8
m.19621	362	0	0	8	3	13	11
m.19647	482	1	3	0	3	3	2
m.19657	547	7	5	3	5	4	4
m.19661	333	29	27	17	26	24	16
m.19674	317	12	16	9	15	15	14
m.19685	242	4	6	0	2	8	3
m.19688	311	2	2	1	0	2	0
m.19695	105	0	0	1	0	0	0
m.19700	101	1	1	2	4	1	2
m.19704	127	7	5	0	2	5	4
m.19708	361	22	14	11	9	16	6
m.19722	109	0	0	0	4	3	1
m.19726	448	0	1	1	0	2	2
m.1973	357	0	0	1	0	0	0
m.19748	107	0	0	0	1	1	0
m.19751	156	1	2	0	0	0	0
m.19764	354	14	10	9	9	13	9
m.19768	178	7	4	5	4	7	3
m.19801	196	0	0	1	0	0	1
m.19802	135	0	0	1	0	0	0
m.19805	110	14	14	10	13	11	9
m.19807	203	0	0	2	0	0	0
m.1983	176	1	0	0	0	0	0
m.19866	117	1	1	0	0	3	1
m.19870	153	3	3	1	5	0	1
m.19899	782	7	5	0	8	4	7
m.19914	123	3	2	1	0	2	1
m.19922	158	0	1	1	0	0	1
m.19923	914	0	1	0	0	2	1
m.19927	386	6	6	2	2	10	4
m.19936	369	0	3	0	0	0	1
m.19949	302	2	4	2	0	1	1
m.1996	868	19	38	10	30	35	15
m.19966	302	22	10	14	17	21	11
m.19978	746	13	11	7	12	13	8
m.19983	183	8	8	7	8	7	5
m.19991	861	13	23	25	33	21	26
m.19993	588	7	9	3	4	2	2
m.2	157	17	16	9	14	11	8
m.20	400	1	0	0	0	0	0
m.200	1142	68	68	42	63	65	46
m.20009	465	1	2	0	0	0	0
m.20013	565	27	30	16	19	32	22
m.20041	230	56	51	34	28	46	32
m.20062	124	8	3	0	6	0	5
m.20081	531	11	5	6	2	8	4
m.2011	367	0	4	1	1	0	0
m.20145	264	0	2	0	2	1	1
m.20155	114	0	0	0	0	1	0
m.20175	165	8	9	4	4	4	2
m.202	101	5	3	3	4	3	4
m.2022	539	7	18	6	3	8	6
m.20248	122	1	3	4	0	0	1
m.20249	222	1	0	0	1	0	0
m.20253	281	6	7	2	8	4	4
m.20256	148	1	1	0	1	0	0
m.2026	290	0	0	0	0	2	0
m.20279	200	1	0	0	0	1	0
m.2030	436	5	4	4	1	11	0
m.20317	123	2	5	1	1	3	3
m.2032	373	16	20	14	11	8	14
m.20374	285	11	15	1	12	11	9
m.20468	481	0	1	0	0	1	1
m.20487	290	4	2	0	2	0	1
m.2050	233	4	6	5	0	8	2
m.20506	179	7	6	3	6	7	3
m.20509	361	5	6	2	4	8	4
m.20530	217	0	1	0	0	0	0
m.20599	102	1	1	3	0	0	0
m.20617	373	3	2	2	1	2	4
m.20656	236	3	5	6	14	2	5
m.2066	222	1	1	0	0	0	0
m.20660	110	0	1	0	0	0	0
m.2067	217	13	2	4	0	12	4
m.20683	314	0	2	1	1	0	0
m.20684	130	0	1	2	0	0	2
m.207	457	0	2	2	1	2	2
m.20764	128	0	0	1	0	0	0
m.20784	421	0	0	0	0	1	1
m.20818	279	1	1	0	5	0	3
m.20823	136	1	3	0	2	3	1
m.20828	231	3	7	2	3	3	3
m.2085	249	0	0	0	2	0	0
m.20898	435	8	17	8	8	15	6
m.20912	285	1	1	1	0	1	0
m.20916	317	26	24	15	15	23	13
m.20918	315	11	6	5	5	9	3
m.20924	380	13	6	6	9	10	5
m.20930	647	114	104	63	67	102	61
m.20941	628	16	14	10	13	21	12
m.20945	770	8	14	4	10	8	5
m.20950	164	0	2	0	1	0	0
m.20951	166	0	3	0	0	0	0
m.20957	639	27	32	22	33	29	25
m.20959	229	26	18	5	15	25	9
m.20967	304	4	1	0	3	6	2
m.20978	138	15	12	9	13	13	7
m.20979	350	3	3	0	0	3	2
m.20992	502	3	1	0	2	1	2
m.21	461	77	65	63	47	80	58
m.21000	372	13	14	7	10	16	11
m.21001	182	0	1	1	0	0	0
m.21002	259	0	5	1	2	2	5
m.21013	777	0	1	2	0	0	0
m.21018	369	4	3	2	3	3	5
m.21023	149	1	3	1	3	3	2
m.21024	188	6	5	2	4	3	2
m.21046	141	3	4	4	3	3	2
m.21047	294	9	14	6	7	9	6
m.21052	665	1	4	1	1	4	2
m.2107	529	23	18	14	16	15	13
m.21074	449	3	4	0	3	3	2
m.21131	238	0	3	0	0	1	2
m.21152	377	4	9	4	8	7	7
m.21153	225	7	7	5	3	6	4
m.21167	266	0	0	0	1	0	0
m.21179	265	28	21	18	20	25	13
m.21180	384	4	2	0	2	1	1
m.212	347	4	6	4	4	5	5
m.21217	277	1	2	1	2	1	1
m.21223	127	3	5	3	1	2	3
m.21227	279	1	0	2	3	1	2
m.21267	565	3	2	0	1	0	1
m.21268	784	0	8	4	3	10	6
m.21281	322	0	3	0	0	2	0
m.21313	552	18	25	14	10	19	12
m.21346	340	8	9	6	11	9	7
m.2136	361	1	0	1	0	4	1
m.21375	111	3	3	2	0	2	2
m.21376	204	0	4	0	3	2	2
m.21379	246	25	20	13	18	26	14
m.21388	376	0	3	0	2	0	0
m.21390	125	28	19	17	21	24	15
m.21416	355	2	2	1	2	3	2
m.21438	701	17	23	8	17	21	12
m.21445	216	0	1	0	0	1	0
m.21457	115	13	8	9	3	12	7
m.2146	314	3	4	1	0	2	2
m.2147	314	7	6	7	5	8	3
m.21474	364	1	5	0	3	2	2
m.21495	148	2	2	2	0	2	1
m.215	195	23	22	15	21	29	16
m.2150	326	6	7	7	8	7	6
m.21521	685	0	2	0	0	0	1
m.21525	176	0	1	0	3	3	0
m.21529	322	1	2	2	0	1	1
m.21538	175	7	4	3	5	9	2
m.21583	404	0	0	1	0	0	0
m.21596	525	12	16	10	19	5	11
m.2164	240	3	3	2	3	4	2
m.21665	130	5	5	1	4	1	1
m.21674	280	3	4	2	6	4	2
m.21683	274	1	1	0	0	0	0
m.21690	240	7	6	3	3	8	3
m.21691	163	0	0	1	0	0	0
m.217	121	32	18	11	21	19	5
m.21702	178	2	2	2	3	2	2
m.2171	309	3	4	2	5	6	2
m.21710	219	3	4	0	0	0	1
m.21736	444	6	0	6	5	6	1
m.21772	262	0	2	5	6	6	2
m.21798	281	4	8	2	8	7	6
m.218	310	37	35	24	30	33	23
m.21819	1189	3	6	1	0	9	2
m.21828	279	0	1	1	1	0	1
m.21832	170	0	0	0	1	0	0
m.21842	395	26	28	16	21	28	30
m.2185	737	3	5	0	6	7	3
m.21863	436	0	4	1	1	1	0
m.21864	258	1	2	0	1	3	0
m.21876	142	4	6	3	2	4	3
m.21911	295	4	5	5	0	0	0
m.21939	120	2	3	2	0	3	2
m.21993	204	0	0	0	0	1	1
m.22064	312	0	0	2	2	0	1
m.22085	331	6	9	5	4	10	6
m.2212	675	7	6	1	3	3	6
m.22122	295	1	1	0	0	0	0
m.22127	173	3	3	2	1	0	0
m.22180	238	3	5	0	0	0	0
m.22205	653	11	21	3	7	5	2
m.22210	207	4	0	6	2	12	0
m.2223	305	0	0	0	1	0	0
m.22271	234	3	3	3	1	3	1
m.22274	438	11	13	6	10	9	7
m.22282	310	16	7	12	12	20	12
m.2229	343	1	4	3	7	1	2
m.22295	361	2	0	0	0	0	2
m.223	287	0	5	1	0	1	3
m.22300	797	1	2	0	0	3	2
m.22305	311	1	1	1	1	2	1
m.22307	275	3	8	6	3	3	3
m.22336	329	0	0	2	0	2	0
m.22339	1615	3	4	0	2	1	0
m.22354	142	2	2	1	0	0	1
m.22358	156	2	2	2	4	0	4
m.22365	587	4	15	4	6	11	6
m.22377	200	3	4	1	3	3	2
m.22382	236	0	1	0	1	1	1
m.22392	222	18	14	10	12	12	8
m.22394	559	13	14	9	17	21	8
m.22405	246	10	5	6	7	5	4
m.2241	107	4	4	3	3	4	2
m.22412	708	10	7	3	9	2	1
m.22424	314	7	5	7	4	4	3
m.22426	144	3	3	0	3	4	1
m.22427	401	5	5	4	3	6	3
m.22434	265	3	2	1	4	3	2
m.2244	1940	9	5	2	2	4	3
m.22444	205	2	0	1	0	0	0
m.22447	261	5	6	1	0	11	2
m.22448	329	3	3	2	3	3	2
m.22449	384	4	6	4	5	4	4
m.22509	381	0	0	0	0	0	1
m.22510	131	0	4	0	0	1	0
m.22518	514	20	14	12	18	17	13
m.22535	540	0	1	0	0	0	0
m.22539	256	4	7	5	8	8	3
m.22541	115	1	1	2	0	0	0
m.22542	615	199	121	128	99	144	81
m.22547	139	3	0	3	0	0	0
m.22551	320	1	2	0	4	1	1
m.22556	121	2	3	0	0	0	1
m.22580	202	7	6	3	3	2	3
m.22589	501	1	0	0	0	1	1
m.22619	255	2	1	0	3	0	0
m.22671	529	1	3	2	1	2	2
m.22676	166	3	1	4	2	3	0
m.22685	890	0	0	0	0	2	0
m.2269	469	2	3	0	0	2	0
m.22691	209	1	2	0	1	0	2
m.227	359	6	5	6	3	6	5
m.22707	617	0	0	0	0	3	0
m.22737	450	1	3	1	2	1	1
m.22746	109	3	3	0	1	1	0
m.22755	303	0	1	0	0	0	0
m.2278	237	2	2	0	0	0	0
m.22782	553	13	11	5	7	14	7
m.22784	250	1	3	1	0	2	0
m.22792	194	0	0	1	0	0	1
m.22799	396	0	1	0	0	0	0
m.22806	335	3	0	0	0	0	0
m.22810	245	9	8	8	6	13	5
m.22850	470	8	7	4	2	4	3
m.22904	580	18	18	13	11	19	12
m.22921	1220	5	10	3	6	6	2
m.22925	162	2	1	2	0	1	0
m.22934	136	3	6	1	3	1	1
m.22940	466	21	28	13	22	22	20
m.22944	994	87	85	43	57	81	46
m.22952	530	17	7	10	9	6	6
m.22956	201	2	0	0	1	1	1
m.22958	120	0	0	1	0	0	1
m.22977	195	0	1	0	0	0	0
m.230	211	30	23	17	24	21	16
m.23013	106	3	1	1	2	0	0
m.23037	263	11	6	10	11	13	5
m.23042	858	11	12	3	9	7	7
m.23072	302	4	6	4	6	7	5
m.23079	454	0	4	0	1	3	2
m.2309	217	2	5	0	3	2	1
m.23103	397	3	3	2	5	6	2
m.23110	258	9	7	3	5	9	5
m.23144	148	0	0	0	0	1	0
m.23145	569	3	2	0	0	0	1
m.23157	316	5	3	2	3	3	2
m.2316	597	1	2	0	0	2	0
m.2317	307	4	6	2	2	3	4
m.23172	335	0	1	1	2	3	2
m.232	1282	11	12	10	10	9	6
m.23218	266	1	1	0	0	0	0
m.23233	725	15	16	7	8	15	7
m.23247	172	10	15	5	12	11	6
m.2327	164	4	2	0	2	3	1
m.23275	219	5	8	4	7	9	5
m.23328	172	2	3	1	2	3	1
m.23347	148	0	2	0	0	3	0
m.23354	104	0	0	1	0	0	0
m.23358	103	0	1	0	6	0	2
m.23371	196	12	16	7	16	13	11
m.23377	644	1	3	2	0	0	2
m.23397	127	13	11	9	8	7	2
m.23436	547	0	0	2	0	0	0
m.23454	187	47	38	22	30	27	16
m.23459	176	1	2	0	1	0	0
m.2353	1773	4	12	5	4	12	9
m.23575	291	13	17	12	14	18	10
m.23588	389	2	2	0	0	1	0
m.23594	226	0	1	0	0	1	0
m.23599	895	157	147	79	112	189	102
m.2360	1533	6	8	4	14	9	9
m.23602	166	10	9	8	10	11	10
m.23607	647	22	26	18	10	27	18
m.23611	241	23	22	13	13	29	18
m.23613	106	8	5	2	5	5	3
m.23617	128	2	3	1	2	1	1
m.23626	176	1	3	0	0	5	0
m.23629	351	8	13	5	9	9	6
m.23632	169	5	4	7	3	3	2
m.23641	168	3	2	2	0	2	2
m.23661	550	7	3	2	5	5	4
m.23671	219	9	7	1	4	5	3
m.23676	166	0	0	1	2	0	1
m.23685	446	69	52	30	46	89	34
m.23696	547	0	2	0	3	0	0
m.23699	552	43	22	36	8	29	20
m.23716	147	10	9	7	4	10	7
m.23728	760	0	2	0	0	1	2
m.23737	412	20	18	12	18	27	12
m.23776	270	3	7	2	0	6	2
m.23795	157	2	0	1	0	0	0
m.23801	309	0	0	3	0	0	0
m.23814	289	4	6	5	5	5	5
m.23817	738	3	9	5	0	2	3
m.23821	306	51	51	32	54	52	31
m.23824	188	15	10	8	9	18	8
m.23859	213	5	5	5	0	1	1
m.23867	427	5	8	2	4	3	2
m.23871	448	0	3	0	0	1	1
m.23900	193	1	0	1	3	0	0
m.23918	356	1	3	1	2	3	1
m.23926	521	4	4	2	2	4	4
m.23962	496	6	1	4	0	2	2
m.23963	466	0	2	0	0	1	0
m.2398	398	0	1	0	2	1	0
m.23996	320	0	1	0	0	0	0
m.23997	257	5	3	1	5	5	3
m.24011	345	11	13	8	13	16	9
m.24013	131	0	0	4	0	0	0
m.24029	442	7	7	7	5	14	6
m.24046	310	0	2	0	0	1	1
m.24081	202	10	8	8	9	8	3
m.24092	176	0	1	0	2	0	2
m.24113	335	2	2	0	0	1	1
m.2412	527	3	8	1	4	6	2
m.24125	101	2	1	0	0	1	0
m.2413	303	0	0	0	0	0	1
m.24130	123	1	0	1	0	0	0
m.24137	338	1	5	1	1	7	2
m.24143	156	1	3	3	6	3	2
m.24161	162	1	0	1	1	0	0
m.24170	270	0	2	0	2	0	1
m.24183	283	1	1	0	3	2	1
m.24205	912	2	4	0	0	3	2
m.24213	244	0	0	0	0	0	2
m.24219	687	9	14	9	7	14	7
m.24224	138	1	1	0	0	0	1
m.2423	566	0	0	0	1	0	3
m.24247	254	1	2	0	0	1	2
m.2425	858	0	5	0	0	1	1
m.24250	139	0	2	0	2	0	0
m.24266	335	1	1	1	0	2	0
m.24290	586	1	2	0	0	2	0
m.24308	388	5	7	3	2	4	2
m.24310	205	0	4	0	2	2	1
m.24316	262	3	7	2	0	3	3
m.2433	832	1	7	0	0	0	1
m.24351	185	1	0	1	2	1	0
m.24356	255	2	2	0	1	0	0
m.2438	9514	4	15	28	9	5	15
m.24423	342	11	7	6	10	6	8
m.24451	280	0	2	1	0	0	2
m.24493	298	1	5	1	2	6	2
m.24508	120	0	0	0	0	0	1
m.24565	525	0	1	0	0	0	0
m.24569	99	8	6	2	6	6	4
m.24620	241	9	6	5	17	6	1
m.24660	142	0	0	1	0	0	0
m.247	406	1	4	1	3	1	0
m.24722	174	8	3	4	3	6	3
m.24851	900	38	38	26	32	39	25
m.24916	265	0	1	0	1	0	0
m.24926	333	6	10	12	5	7	14
m.24931	171	1	3	0	0	0	2
m.24936	844	5	3	2	2	6	1
m.24947	295	9	11	5	6	12	9
m.24948	811	1	7	1	2	2	5
m.2495	336	0	2	1	0	1	0
m.24952	767	1	3	0	1	2	1
m.24964	992	11	17	17	8	12	10
m.24975	251	12	12	6	12	13	8
m.24983	433	3	1	1	4	2	1
m.2503	175	0	0	2	0	3	3
m.25041	188	3	8	5	8	10	3
m.25047	221	14	14	8	11	17	7
m.25058	226	2	3	0	0	2	0
m.251	263	0	0	2	0	0	0
m.25100	471	1	2	3	0	1	1
m.25115	481	1	0	0	1	1	0
m.25121	520	4	1	0	1	4	3
m.25139	549	18	20	9	19	25	14
m.25151	247	4	1	0	1	1	0
m.25153	155	0	7	0	0	0	0
m.25161	139	0	0	1	0	0	0
m.25176	115	7	7	5	3	6	4
m.25190	620	0	0	0	0	0	2
m.25195	896	3	10	0	5	1	3
m.2520	559	11	4	5	1	5	0
m.25213	140	0	0	1	0	0	0
m.25217	316	1	0	0	5	0	1
m.25218	280	8	5	4	6	9	7
m.25244	393	9	4	9	2	7	5
m.25258	278	11	7	6	7	14	9
m.25260	257	6	7	3	5	4	4
m.25270	173	0	1	0	1	1	2
m.25292	283	3	3	2	4	5	2
m.2531	239	20	18	11	9	14	12
m.25311	287	1	3	2	1	0	0
m.25325	239	9	8	3	4	7	5
m.25327	306	1	3	1	0	4	2
m.25376	167	2	3	3	3	3	3
m.2539	1354	20	17	5	8	16	10
m.25392	246	0	0	0	0	1	0
m.25409	132	2	4	1	3	2	2
m.25410	350	21	21	15	12	19	14
m.2542	649	28	28	23	12	23	18
m.25428	275	0	1	0	0	0	0
m.25435	194	3	3	3	2	5	2
m.25446	279	0	0	0	0	1	0
m.255	815	13	13	4	4	13	8
m.25538	553	2	3	1	3	4	2
m.25546	453	19	19	10	13	20	13
m.25552	512	1	5	0	3	2	0
m.2558	405	0	3	0	2	0	3
m.25638	115	6	3	4	0	5	2
m.25678	189	13	20	11	11	15	12
m.25694	384	1	1	1	1	0	1
m.25703	334	3	4	1	4	2	0
m.2571	802	1	1	0	0	0	0
m.25715	184	1	0	0	0	0	0
m.25727	713	0	0	1	0	0	1
m.25744	213	7	7	5	8	9	4
m.25761	371	0	2	0	0	1	1
m.25763	303	5	4	1	2	1	3
m.25784	125	0	0	0	2	0	0
m.25801	239	53	40	23	34	36	19
m.25802	790	0	0	1	0	0	0
m.25826	146	12	12	8	12	11	8
m.25835	116	8	10	5	9	13	5
m.25869	277	5	6	2	6	3	4
m.25878	131	0	5	2	0	3	1
m.259	296	0	3	0	2	0	1
m.25912	450	2	2	0	0	1	0
m.25920	229	1	1	0	1	0	0
m.2593	497	0	0	1	1	1	2
m.25982	154	3	3	2	1	1	2
m.25985	421	50	42	28	36	37	25
m.2600	343	2	4	7	8	0	6
m.26006	448	105	87	88	67	93	58
m.26013	535	3	4	1	6	3	6
m.26030	262	4	5	7	5	4	1
m.26049	373	1	1	4	2	3	2
m.26080	182	4	7	3	7	8	3
m.26081	187	6	8	5	13	7	5
m.26093	209	4	8	3	6	8	2
m.26096	232	5	3	2	1	3	3
m.2611	732	21	26	3	15	18	10
m.26116	135	2	3	1	3	5	1
m.26118	200	0	0	1	0	0	0
m.26130	154	3	3	0	5	0	3
m.26158	399	7	8	4	1	6	6
m.26179	500	4	5	5	2	5	1
m.26224	229	8	3	2	8	5	4
m.26235	513	1	0	1	0	3	0
m.26243	545	3	4	4	4	4	3
m.26261	222	1	4	3	4	0	3
m.26278	149	6	7	3	6	9	5
m.26292	190	1	2	2	0	1	0
m.26295	159	1	0	0	1	1	0
m.26296	112	0	3	2	3	1	0
m.26302	181	9	4	9	0	12	7
m.2633	542	0	2	1	0	0	0
m.26336	389	15	10	6	16	6	7
m.26339	197	10	7	4	11	10	4
m.26379	171	8	4	6	3	7	5
m.26381	192	1	4	1	4	2	3
m.26392	100	3	3	2	0	3	1
m.26409	122	11	9	5	7	5	5
m.26425	183	1	0	1	0	0	0
m.26428	129	2	2	0	0	0	0
m.26433	413	2	6	1	3	3	1
m.26466	184	3	6	6	6	3	5
m.26467	454	7	3	1	0	3	1
m.26519	179	0	0	1	0	0	0
m.26522	211	9	11	6	15	8	6
m.2655	450	25	17	9	10	24	13
m.26602	100	1	0	1	0	0	0
m.2661	154	1	0	2	1	0	1
m.26616	1020	0	2	0	1	0	1
m.26618	221	0	1	0	0	0	2
m.26680	176	1	4	0	5	2	1
m.26683	335	1	4	2	1	2	2
m.26704	140	1	3	0	2	3	0
m.26709	377	1	1	1	0	0	1
m.26727	287	6	3	2	2	6	0
m.26748	214	3	2	2	3	2	1
m.26751	180	7	4	6	4	10	1
m.26781	114	0	0	4	0	0	0
m.26788	760	13	20	6	13	18	13
m.26880	126	28	17	14	11	20	17
m.26896	558	0	1	0	0	0	0
m.26905	195	0	1	0	0	0	0
m.26906	143	3	7	3	5	6	8
m.26907	311	11	11	3	4	12	7
m.26926	313	1	7	1	0	8	4
m.26932	113	0	1	0	1	0	0
m.26933	140	10	5	2	9	5	4
m.26935	282	0	3	0	1	0	0
m.26940	335	19	10	8	3	21	7
m.26941	195	0	0	1	0	0	0
m.26952	376	107	97	64	77	97	70
m.26956	495	33	45	23	33	40	24
m.26981	281	4	10	3	7	13	5
m.2705	268	34	38	27	28	30	19
m.27078	180	9	20	9	0	17	12
m.27080	181	3	4	3	5	4	2
m.27104	291	1	1	1	0	0	0
m.27110	419	2	5	0	1	3	4
m.27111	329	2	0	1	0	1	0
m.27117	475	6	25	4	17	18	12
m.27125	414	0	0	0	2	0	0
m.2713	305	0	1	0	2	0	1
m.27134	171	4	9	0	1	1	1
m.2715	610	35	14	26	21	14	18
m.27183	206	0	0	0	2	3	2
m.2719	951	0	2	1	3	1	2
m.27220	121	1	0	0	0	0	0
m.2723	969	1	0	0	0	0	1
m.27234	308	53	57	34	44	57	29
m.27245	439	0	2	1	0	1	1
m.27343	272	5	6	5	4	4	5
m.2736	403	3	0	0	1	3	0
m.2737	226	1	5	2	0	4	2
m.27407	217	5	7	2	0	6	4
m.2744	660	0	2	0	2	0	0
m.27472	139	10	4	4	10	6	4
m.27474	600	1	1	0	0	2	0
m.27519	235	1	1	0	0	0	1
m.2752	168	26	19	15	28	24	13
m.2758	817	0	2	3	5	0	2
m.27586	330	8	13	5	5	8	8
m.27591	172	2	0	2	4	0	0
m.27600	192	1	5	1	5	1	3
m.27603	105	3	3	1	2	2	2
m.27605	263	4	3	4	4	2	0
m.27606	280	0	0	0	0	1	0
m.27613	234	9	16	6	11	7	5
m.27614	142	12	12	11	4	12	5
m.27625	216	0	0	0	0	1	1
m.27628	467	3	1	0	0	2	2
m.27646	180	8	6	3	5	4	4
m.2765	1329	0	4	1	2	1	0
m.27658	363	1	3	0	1	0	1
m.27664	165	6	3	7	1	5	5
m.27687	497	4	14	5	9	9	6
m.27691	423	3	6	1	0	0	1
m.27700	104	15	13	10	8	17	10
m.27731	112	5	3	2	4	3	2
m.27736	105	2	1	0	1	2	0
m.27757	157	10	6	8	17	6	5
m.27772	428	0	0	3	0	0	2
m.27778	204	10	9	3	4	7	5
m.2778	160	0	0	0	3	2	0
m.27791	585	32	17	19	9	27	17
m.278	253	303	254	171	202	254	163
m.27802	451	0	6	0	4	2	5
m.27813	362	8	10	5	9	8	5
m.27819	169	1	3	2	1	1	1
m.27822	350	0	3	1	3	1	2
m.27879	255	1	0	0	0	0	0
m.27902	108	0	2	0	3	2	2
m.2792	427	11	22	10	4	40	0
m.2794	658	85	60	52	49	101	48
m.27948	285	0	0	1	0	0	0
m.27954	454	2	1	1	1	1	0
m.27979	288	2	3	0	3	3	0
m.27998	400	12	23	3	18	17	6
m.2800	281	0	2	1	0	0	0
m.28013	833	11	12	5	12	13	6
m.28035	226	0	1	1	0	1	0
m.28068	132	15	7	4	8	8	5
m.28097	108	2	3	2	3	3	2
m.2811	300	0	1	0	0	0	0
m.28137	274	13	19	7	11	12	6
m.28144	117	3	4	3	6	3	1
m.28151	99	2	1	0	0	0	0
m.28154	158	12	5	3	4	15	3
m.28159	179	3	2	1	3	2	2
m.2821	497	0	1	0	1	0	1
m.2824	459	17	22	9	11	24	9
m.28261	194	0	0	0	0	0	2
m.28278	688	4	6	6	2	2	2
m.28289	123	0	3	1	2	0	2
m.28313	382	0	8	2	4	0	4
m.28364	198	1	2	0	0	1	0
m.284	444	6	11	9	10	11	7
m.2841	371	2	8	3	8	0	2
m.28410	144	4	3	1	3	3	1
m.28413	203	4	2	2	4	2	3
m.28417	112	1	0	1	0	3	0
m.28419	437	8	6	5	1	3	0
m.28430	410	0	4	0	1	0	0
m.28435	230	7	11	3	8	8	4
m.28438	291	6	5	4	6	4	3
m.28444	404	7	12	3	9	6	7
m.2848	287	7	7	6	4	8	7
m.28480	131	16	15	0	2	14	8
m.28497	512	1	1	1	0	0	2
m.285	338	3	3	7	7	3	3
m.28515	510	7	10	2	6	10	3
m.28519	329	1	4	3	2	1	1
m.28520	237	0	0	1	1	2	0
m.2853	518	10	11	10	8	10	5
m.28534	505	15	7	11	11	8	4
m.28537	125	10	14	6	14	8	9
m.28546	235	47	31	23	48	46	30
m.2856	532	47	49	32	35	35	25
m.2860	768	42	38	24	17	37	33
m.28601	246	1	3	1	1	0	0
m.28662	374	4	1	1	4	0	1
m.28687	461	5	5	3	2	8	2
m.28742	295	10	14	11	12	12	8
m.2877	192	2	3	2	0	1	0
m.28770	229	12	12	6	13	12	7
m.28774	853	1	3	0	0	0	1
m.2878	281	15	14	8	11	10	9
m.288	547	3	2	2	0	3	3
m.28820	245	27	24	10	19	25	16
m.28880	200	3	3	2	1	3	2
m.28920	220	3	2	2	3	1	2
m.28999	107	0	0	0	0	0	1
m.29	104	13	13	6	18	12	6
m.2905	396	8	6	6	9	10	6
m.29084	160	10	9	11	3	14	7
m.29115	136	6	6	3	9	4	3
m.29137	625	3	2	4	1	2	2
m.29142	223	9	9	5	5	7	7
m.29147	109	0	0	0	1	0	0
m.29183	293	0	1	0	0	0	0
m.29192	208	2	1	2	6	0	1
m.29199	285	1	4	2	7	6	3
m.29219	277	66	52	35	40	64	38
m.29240	253	18	17	12	18	2	9
m.29249	121	1	0	2	0	3	1
m.29291	227	2	3	2	0	0	2
m.29299	328	4	3	0	3	4	0
m.29343	368	0	0	2	2	0	2
m.2935	127	0	0	0	1	0	1
m.29350	356	1	1	0	1	4	0
m.2936	227	2	2	3	3	2	0
m.2937	301	1	0	0	0	1	0
m.29378	194	0	2	0	0	2	1
m.29414	119	0	0	2	0	1	0
m.29428	193	35	36	23	36	24	21
m.29444	108	0	1	0	0	2	0
m.29450	117	0	1	1	0	0	0
m.29488	137	2	0	0	0	0	0
m.295	166	7	8	9	6	4	4
m.29523	191	21	24	9	13	22	14
m.29527	167	5	0	1	4	2	2
m.29546	408	0	3	1	0	0	0
m.29572	122	0	0	2	0	0	1
m.29582	292	0	3	3	2	3	2
m.29599	227	3	5	2	3	3	2
m.29601	249	0	2	1	0	3	2
m.29602	100	2	5	3	1	5	2
m.29606	138	3	3	1	3	2	1
m.29620	137	0	4	0	1	0	0
m.29673	125	3	1	2	1	2	2
m.297	271	10	12	7	7	10	5
m.2971	483	4	0	0	0	4	1
m.29775	144	2	0	3	0	0	1
m.29778	253	0	0	0	3	0	1
m.29805	227	0	2	1	2	0	2
m.29808	242	34	28	16	25	40	23
m.29813	455	4	9	3	4	8	4
m.29835	460	150	174	92	104	200	104
m.29841	260	0	0	2	0	0	0
m.29844	459	0	3	1	0	1	1
m.29861	185	59	50	26	39	56	36
m.29863	501	1	1	0	0	0	1
m.29873	128	3	2	1	0	1	0
m.29888	284	30	26	13	24	28	18
m.2989	1509	0	0	0	0	1	0
m.29890	126	0	1	0	2	0	0
m.29917	129	1	0	1	0	0	0
m.29952	124	6	7	8	6	4	1
m.29969	216	0	1	0	0	0	0
m.29972	1069	11	28	12	13	23	15
m.29981	276	0	1	0	5	0	0
m.30023	103	0	0	0	1	0	0
m.30038	189	1	1	0	0	0	0
m.3004	377	4	12	3	4	8	8
m.3005	453	5	11	5	3	6	5
m.30054	147	2	4	1	0	1	0
m.30091	627	0	1	1	2	0	0
m.30104	442	2	1	6	4	0	3
m.3013	523	4	0	0	2	2	0
m.30171	172	12	6	4	5	0	1
m.30190	252	2	0	1	0	0	0
m.30203	117	7	5	3	2	11	6
m.30240	180	0	0	0	0	1	0
m.30248	266	0	3	0	1	0	0
m.3027	702	0	2	1	0	2	0
m.3029	290	0	3	1	0	0	0
m.3030	150	4	6	4	5	3	2
m.3037	1596	2	9	1	4	5	1
m.30381	850	1	0	0	0	0	2
m.30396	488	97	84	60	50	89	66
m.304	134	8	8	5	6	5	4
m.30404	107	6	5	5	5	11	5
m.30405	235	85	95	50	55	131	60
m.30436	263	9	8	5	4	5	7
m.30492	247	12	13	8	8	15	11
m.30496	451	25	23	25	14	22	17
m.30517	248	9	10	5	2	7	2
m.3052	140	4	4	0	5	6	5
m.30536	122	0	0	4	0	0	0
m.3058	258	0	1	6	0	0	0
m.30602	306	14	11	9	6	8	3
m.3061	248	9	12	5	14	12	6
m.30649	133	3	11	0	7	10	6
m.30676	389	3	2	0	0	2	2
m.307	487	24	25	18	18	43	20
m.3079	696	44	21	27	13	26	27
m.308	201	22	11	7	0	19	7
m.3082	374	0	1	0	0	1	0
m.3088	506	4	6	0	8	4	2
m.3090	880	13	18	13	17	17	15
m.30917	239	3	5	1	3	5	2
m.30927	172	46	38	26	31	48	29
m.30955	229	21	28	17	23	29	17
m.30956	124	0	1	1	0	1	0
m.30965	169	10	18	4	11	10	8
m.30968	150	10	12	4	8	9	5
m.30969	340	1	0	0	1	1	0
m.30980	429	7	14	3	13	10	7
m.3100	352	5	3	4	8	10	4
m.31016	134	1	0	2	0	0	1
m.31093	201	3	4	1	3	2	1
m.31095	139	0	1	0	0	0	0
m.31110	276	1	0	2	0	0	0
m.31184	221	1	0	1	0	0	2
m.31187	410	1	0	1	0	0	0
m.3122	173	6	6	0	0	13	3
m.31247	245	0	0	3	0	1	0
m.3128	439	1	0	0	0	1	0
m.3130	1155	3	3	7	3	5	6
m.31300	423	18	12	5	10	13	5
m.31335	295	1	2	2	6	3	0
m.3140	708	0	1	0	0	0	0
m.31435	113	4	6	2	6	3	1
m.31437	438	11	13	6	9	11	9
m.31443	176	1	3	1	0	0	2
m.3153	509	17	9	12	13	14	14
m.31539	379	12	15	8	14	14	10
m.31542	149	3	5	0	3	4	2
m.31593	374	2	0	0	0	1	1
m.316	240	4	8	4	7	9	3
m.31603	496	2	5	1	6	7	5
m.31623	358	11	12	3	6	9	4
m.31625	195	3	2	2	2	1	1
m.31645	197	0	0	1	0	0	0
m.3167	409	1	0	1	2	0	0
m.31712	115	9	10	6	8	7	7
m.3172	280	5	11	4	5	8	6
m.31748	138	6	7	4	10	8	6
m.3177	109	0	4	0	2	0	0
m.31848	219	1	1	1	0	0	0
m.3187	131	3	0	1	0	0	0
m.31877	154	0	0	0	0	0	3
m.31932	104	0	3	0	3	3	1
m.31958	263	2	5	2	8	8	1
m.31989	241	26	21	20	22	27	15
m.32004	521	20	18	16	18	20	16
m.32045	172	1	0	0	0	2	1
m.32071	562	2	3	4	6	4	3
m.32074	263	0	0	0	0	1	2
m.32095	297	2	3	2	2	3	0
m.321	419	1	1	0	3	0	2
m.32107	309	5	8	4	6	8	5
m.32114	195	1	0	1	1	0	0
m.32194	430	0	1	1	3	0	3
m.3220	414	28	20	16	10	16	11
m.32200	195	0	0	0	4	0	0
m.3221	325	20	15	16	24	20	14
m.32224	134	2	1	1	0	0	0
m.32263	177	2	2	2	2	3	2
m.32275	204	3	4	2	3	1	1
m.32284	203	1	0	2	0	0	0
m.323	492	18	16	8	16	19	9
m.32319	119	2	4	0	3	5	1
m.32350	106	9	8	3	3	8	4
m.32357	153	5	8	2	7	9	6
m.32359	150	3	3	2	2	2	2
m.32372	367	4	2	9	6	5	6
m.32400	152	33	37	22	33	49	28
m.3241	263	0	2	0	4	0	4
m.32417	162	17	17	12	15	19	16
m.32424	125	0	1	0	0	0	0
m.32437	322	11	17	15	19	17	7
m.32472	518	2	7	0	3	5	2
m.32473	135	0	2	0	0	1	1
m.3249	378	0	0	1	0	0	0
m.32493	173	2	2	0	1	1	1
m.3251	282	1	3	2	1	1	2
m.32539	222	4	9	3	4	3	3
m.32541	130	0	0	0	0	1	0
m.3255	868	3	4	5	0	4	1
m.3257	309	1	0	0	0	1	1
m.32635	153	8	1	6	0	2	1
m.32645	340	4	3	3	3	6	1
m.3273	568	7	5	1	2	8	5
m.3276	306	12	14	10	8	7	9
m.32828	176	18	11	14	14	7	10
m.32831	225	15	16	9	19	18	11
m.32846	176	0	5	1	3	3	3
m.32852	395	1	0	2	0	4	2
m.33004	467	3	4	1	5	4	1
m.33026	112	21	19	11	21	19	11
m.33051	377	5	5	1	6	1	1
m.33059	120	3	1	3	1	4	1
m.33135	103	91	71	49	35	62	46
m.33136	368	8	10	2	3	4	2
m.33150	205	0	1	0	0	0	0
m.332	282	75	37	92	36	28	38
m.33203	178	0	2	0	0	0	0
m.33261	166	0	4	1	5	3	1
m.33265	255	0	0	0	0	0	2
m.33343	126	1	2	0	3	0	1
m.3341	135	1	3	0	4	0	1
m.33410	147	4	5	3	7	6	2
m.33455	109	7	9	4	4	9	6
m.3347	452	2	0	2	0	0	2
m.33471	155	2	2	0	0	1	0
m.33472	425	8	4	8	4	7	3
m.3348	683	0	0	1	0	0	0
m.33492	113	4	0	1	2	0	0
m.33497	112	2	4	1	3	2	3
m.33500	300	31	40	14	21	38	26
m.33503	162	11	13	5	6	11	4
m.33514	310	10	19	6	17	11	7
m.33520	102	1	0	2	0	0	1
m.3353	326	0	1	1	0	0	0
m.33573	158	0	4	1	1	2	2
m.33579	108	3	0	1	0	0	0
m.33585	222	7	11	4	6	11	4
m.33619	266	0	0	1	1	1	0
m.33735	105	3	2	0	1	0	0
m.3377	199	16	13	10	11	21	11
m.338	206	0	1	0	1	0	0
m.3381	122	2	1	2	2	2	1
m.33823	263	2	1	2	2	4	2
m.33827	165	0	0	0	0	2	1
m.33839	126	1	0	1	0	0	0
m.33846	162	0	1	0	0	0	0
m.33851	449	4	0	3	2	8	2
m.33873	140	0	0	1	0	0	0
m.33885	143	1	0	2	3	2	1
m.33899	140	3	3	2	5	3	1
m.33904	946	0	0	0	0	0	1
m.33912	110	1	0	0	3	1	0
m.3392	310	0	1	0	0	1	1
m.33958	343	1	0	2	0	0	0
m.3398	116	0	1	0	0	0	0
m.34056	168	8	7	5	8	8	5
m.3406	975	0	0	0	3	0	2
m.34074	300	10	9	9	18	6	7
m.3410	419	8	9	5	6	11	6
m.34124	301	4	2	0	3	0	2
m.3413	246	1	1	1	0	2	0
m.34157	102	27	20	15	7	24	16
m.34165	271	3	3	2	2	3	2
m.34189	296	21	19	12	18	23	10
m.342	284	13	14	10	6	17	10
m.3422	302	5	2	5	0	7	7
m.34230	432	0	4	1	0	1	2
m.3426	883	0	3	0	4	2	1
m.34300	263	1	0	1	1	1	0
m.34307	327	9	8	3	2	3	1
m.34320	345	6	20	2	9	25	9
m.34321	298	8	9	6	9	6	0
m.3433	518	0	0	0	1	0	0
m.34343	261	0	1	0	1	0	0
m.34366	163	0	0	1	0	0	0
m.34388	510	2	4	2	1	1	0
m.3442	136	1	1	1	0	0	1
m.34428	306	0	3	0	0	0	8
m.3444	334	3	5	2	6	6	3
m.34462	419	8	1	7	4	9	4
m.34493	172	14	7	5	2	8	5
m.34525	118	1	0	0	3	2	1
m.34604	140	14	2	3	7	10	7
m.34605	160	3	6	1	3	4	2
m.3462	8400	94	130	29	61	79	59
m.34626	203	1	2	1	3	2	1
m.3463	3039	26	50	12	30	22	21
m.34688	318	6	9	3	9	8	4
m.34690	147	0	3	0	2	0	1
m.347	455	73	50	57	55	57	56
m.34706	440	3	2	0	0	1	2
m.34742	173	1	2	0	0	1	0
m.34749	285	3	2	1	0	3	0
m.3477	1085	37	65	26	41	46	34
m.34772	240	4	7	3	4	4	3
m.34788	177	0	1	0	2	1	1
m.34789	370	3	8	1	5	5	3
m.348	295	15	20	19	8	10	9
m.34809	103	1	3	0	0	2	0
m.3487	164	2	0	0	0	0	0
m.34882	162	1	1	0	0	0	0
m.3494	2140	338	303	176	216	394	221
m.3499	474	2	3	2	3	4	2
m.34991	288	8	7	4	8	13	6
m.34993	434	0	1	0	0	0	0
m.34996	174	2	4	2	2	3	3
m.3501	191	2	3	1	3	0	2
m.35012	113	2	0	1	0	0	0
m.35071	140	5	3	3	2	4	3
m.35136	334	7	7	5	5	4	3
m.35147	172	1	8	0	1	6	3
m.35210	516	0	0	0	0	0	2
m.3526	763	1	1	0	0	0	0
m.3530	1232	0	3	0	0	0	0
m.35307	214	0	0	0	1	0	0
m.35322	108	2	2	0	2	1	1
m.35335	197	0	2	2	1	2	2
m.3535	553	7	4	2	1	5	5
m.35429	187	5	1	3	0	2	2
m.3543	203	6	13	1	3	26	2
m.35438	157	1	3	1	0	0	1
m.3547	337	5	7	3	3	6	4
m.355	256	77	57	42	45	67	42
m.35511	123	2	3	2	3	3	2
m.35564	204	3	6	2	6	6	5
m.35589	142	1	0	1	0	2	0
m.35648	145	0	0	1	0	0	0
m.3565	211	0	0	0	0	0	1
m.3569	156	0	0	0	1	1	0
m.357	733	2	6	4	6	6	2
m.3586	360	2	3	2	3	1	2
m.35893	316	2	3	1	3	4	2
m.35895	213	4	3	3	10	3	3
m.35910	178	0	2	0	0	0	0
m.35911	133	11	11	5	12	8	6
m.35954	196	1	2	1	0	0	0
m.35966	105	0	2	0	0	4	0
m.35994	269	0	0	0	1	0	0
m.36003	135	6	10	3	9	8	5
m.36021	202	0	0	0	0	0	8
m.36024	385	2	0	2	0	0	0
m.36043	110	7	8	5	7	8	4
m.36049	334	39	13	21	20	29	16
m.3610	348	1	2	1	1	0	0
m.36158	113	17	15	8	13	15	10
m.3619	642	1	1	0	0	0	0
m.362	112	0	2	2	0	1	0
m.3621	404	2	2	1	2	1	2
m.36229	183	2	2	1	0	0	0
m.36235	154	7	0	0	1	1	1
m.3627	290	10	4	1	7	4	0
m.36293	247	6	7	6	7	7	3
m.36338	299	0	0	0	0	0	1
m.36358	231	0	1	1	2	1	0
m.36366	100	1	5	0	5	2	2
m.36412	362	6	6	2	3	5	3
m.36423	114	2	4	0	3	2	2
m.365	460	32	29	16	31	23	26
m.36655	249	11	4	2	4	6	6
m.36657	206	9	10	4	13	19	4
m.36658	156	18	15	13	10	10	7
m.36659	126	1	0	0	0	0	0
m.3666	213	75	55	31	43	79	36
m.3671	523	0	1	0	2	1	0
m.36731	170	10	15	4	16	17	14
m.3675	482	5	3	0	3	4	4
m.3689	731	13	14	10	7	9	8
m.3691	708	0	3	0	0	0	1
m.37006	248	0	1	0	0	0	0
m.37188	283	0	5	0	3	3	5
m.3719	533	0	0	0	2	0	0
m.3723	105	7	6	4	3	5	5
m.3733	331	0	0	2	0	0	1
m.37396	133	1	2	1	3	0	2
m.37430	123	1	2	1	0	1	1
m.3747	251	0	0	0	2	0	0
m.3754	202	0	2	0	0	4	0
m.37557	428	1	4	0	0	0	0
m.37594	113	0	1	0	1	0	0
m.3760	164	7	4	5	3	5	3
m.37637	179	13	24	17	17	17	15
m.37732	163	11	8	3	9	9	4
m.3774	882	3	3	2	4	3	2
m.37749	348	0	0	0	0	0	1
m.37753	190	0	1	0	0	0	1
m.3779	703	1	0	1	0	0	0
m.37798	118	2	5	3	1	5	3
m.378	200	39	34	20	30	36	20
m.37833	126	25	22	11	22	18	12
m.37859	172	2	4	1	5	4	4
m.3788	369	2	0	1	0	0	0
m.37922	139	12	10	7	5	9	7
m.37930	119	5	1	0	6	6	4
m.37938	177	1	3	0	0	2	0
m.3794	222	1	2	0	0	2	0
m.37941	99	0	1	1	3	0	0
m.37962	437	9	9	8	11	6	4
m.37963	226	3	9	1	8	0	3
m.38016	118	0	1	0	2	1	0
m.38017	121	0	5	5	8	8	5
m.38026	211	0	0	0	0	0	1
m.38034	178	1	3	2	1	2	2
m.38035	133	1	3	2	2	0	1
m.38037	198	28	14	15	12	24	15
m.38038	462	10	6	9	5	10	6
m.38041	516	0	0	0	6	0	0
m.38073	190	7	9	7	6	12	5
m.3808	609	19	26	24	37	7	22
m.38166	122	0	3	2	0	4	0
m.3817	410	4	4	2	3	1	4
m.3819	199	0	1	0	0	0	0
m.38264	113	0	2	0	0	0	0
m.3827	229	1	4	4	6	4	1
m.38282	359	5	3	2	5	2	5
m.38312	216	0	1	1	0	0	0
m.38315	119	0	0	0	2	0	0
m.38320	204	6	4	4	4	3	2
m.3835	317	1	2	0	0	1	1
m.38375	116	0	0	0	0	2	0
m.38396	326	0	2	0	0	1	0
m.384	422	160	115	133	82	185	101
m.38400	158	3	3	2	3	3	2
m.38413	128	0	1	1	2	0	1
m.3844	610	147	146	96	102	157	94
m.38468	195	0	6	2	0	3	3
m.38478	153	1	2	1	1	1	3
m.38509	319	2	1	0	0	0	0
m.38525	104	4	4	3	4	7	4
m.38547	130	2	3	0	0	1	0
m.38555	178	1	0	0	0	0	0
m.38570	122	0	2	0	2	1	1
m.38571	236	2	1	0	1	0	0
m.386	335	11	15	3	6	11	7
m.3862	708	2	2	1	3	0	1
m.38633	275	18	15	15	17	15	8
m.38685	106	0	1	1	1	1	3
m.38705	99	0	3	0	2	0	2
m.3872	704	5	9	3	2	1	1
m.38787	130	0	2	0	1	0	0
m.38797	138	0	0	0	0	1	0
m.388	373	0	1	0	0	2	0
m.38847	116	0	0	2	1	0	0
m.38848	117	0	0	2	0	0	0
m.38866	198	0	0	2	0	3	0
m.38878	127	1	0	0	3	0	0
m.39	352	1	2	0	2	3	1
m.3912	229	4	3	1	3	2	2
m.3914	142	11	9	9	13	12	6
m.392	136	41	32	24	21	25	16
m.3929	668	4	8	1	2	6	4
m.3936	244	16	13	9	15	17	10
m.395	594	1	2	3	0	0	1
m.3953	259	10	7	6	4	12	6
m.3970	459	8	6	4	2	10	6
m.3976	1422	0	2	0	0	1	1
m.3978	582	55	48	36	22	35	23
m.3981	180	0	9	5	4	1	7
m.3982	105	0	0	1	1	0	0
m.3988	161	1	6	1	4	3	2
m.3991	359	3	6	3	2	5	3
m.4	1370	74	75	53	62	127	40
m.4023	352	0	0	3	2	0	0
m.4025	297	0	0	0	0	1	0
m.4026	349	3	3	4	8	7	3
m.405	356	4	10	4	0	7	7
m.406	119	8	7	7	6	3	3
m.408	537	5	5	4	3	4	3
m.4092	124	73	70	46	63	60	46
m.4094	218	2	2	0	0	0	0
m.4111	173	1	4	3	1	2	3
m.4131	303	8	9	2	4	4	3
m.4166	132	3	3	1	1	2	1
m.4186	1024	0	0	4	2	0	1
m.4192	379	11	15	7	13	12	6
m.4212	929	32	37	17	35	34	20
m.4224	397	14	18	5	16	13	9
m.4229	273	0	10	2	6	6	6
m.423	229	23	17	10	16	20	17
m.4233	452	4	4	2	3	4	2
m.4234	287	3	0	0	0	0	0
m.4250	288	43	38	26	33	55	31
m.426	811	5	7	7	6	3	4
m.4268	630	1	0	1	0	0	0
m.4279	306	1	3	0	0	3	0
m.428	332	8	15	8	8	8	9
m.4286	402	3	6	2	4	3	3
m.429	369	2	4	2	0	1	1
m.4296	880	0	0	0	0	0	1
m.43	257	7	15	3	12	6	4
m.4309	396	5	7	1	5	6	4
m.431	153	0	0	0	0	1	0
m.4326	136	3	3	6	3	1	2
m.4327	322	3	1	6	12	5	6
m.4330	257	3	3	0	1	3	0
m.4332	180	2	0	0	1	0	3
m.4337	518	1	1	0	0	1	0
m.4350	198	0	3	1	5	3	3
m.4353	392	22	23	12	21	24	17
m.4356	640	5	6	4	3	6	5
m.4358	403	8	7	2	5	5	4
m.4359	370	3	4	2	2	6	1
m.4371	294	0	2	1	2	3	0
m.4386	383	26	34	10	14	25	15
m.4387	576	4	5	0	6	6	2
m.4396	851	0	0	2	0	0	0
m.44	328	6	6	6	4	7	3
m.441	423	41	45	25	31	31	18
m.4415	804	0	0	2	1	3	2
m.4416	678	0	0	0	0	3	1
m.4429	352	3	3	0	1	4	0
m.443	202	0	3	1	0	0	3
m.444	342	0	0	1	1	0	1
m.4449	151	2	3	2	0	2	2
m.4453	365	5	8	2	7	9	6
m.449	162	8	11	8	11	9	6
m.450	995	4	0	2	3	1	3
m.4533	744	1	4	2	1	5	3
m.454	722	2	3	0	1	1	2
m.4541	228	1	1	1	3	3	1
m.4556	530	3	5	1	5	8	3
m.4558	266	2	0	4	6	0	4
m.458	572	4	0	2	1	3	1
m.459	339	16	19	6	10	10	10
m.4593	1009	2	1	1	0	0	0
m.4597	352	2	1	2	0	1	1
m.4598	220	3	1	1	0	3	1
m.460	402	18	12	9	8	16	9
m.461	891	0	3	2	4	2	2
m.4616	493	1	1	0	0	0	0
m.462	353	11	8	6	8	10	6
m.4637	291	7	6	3	0	4	5
m.4641	249	1	0	2	2	1	3
m.4645	459	2	3	0	0	0	0
m.466	178	4	7	4	3	2	4
m.4694	414	24	20	7	19	23	15
m.47	1132	0	0	1	0	3	2
m.471	360	0	0	0	1	1	1
m.4724	266	0	1	0	0	0	1
m.4728	213	2	4	0	2	0	0
m.473	628	2	4	1	0	2	2
m.4733	390	5	5	0	1	7	2
m.474	402	3	3	2	0	3	1
m.4747	349	19	16	22	20	28	13
m.4759	223	18	34	11	27	30	15
m.4781	617	63	56	26	44	65	34
m.4805	113	2	1	0	0	0	0
m.481	1150	1	4	7	0	0	0
m.4855	1250	4	5	1	3	2	1
m.4865	531	12	15	11	11	14	12
m.4874	397	0	0	1	0	0	0
m.4876	497	35	36	21	26	27	23
m.4878	331	54	33	36	38	45	25
m.4884	253	43	43	26	38	32	31
m.4889	468	4	3	0	0	4	0
m.4892	422	0	3	2	2	1	2
m.4894	508	2	3	1	5	4	2
m.4897	319	19	23	14	12	17	11
m.4900	202	1	2	2	0	3	0
m.4903	2982	1	3	5	1	0	2
m.491	248	33	33	18	21	28	16
m.4911	552	158	139	97	123	174	100
m.4921	158	30	32	14	15	32	17
m.4923	315	33	36	19	22	26	20
m.4926	159	1	1	1	1	0	0
m.4935	224	0	3	2	2	2	0
m.494	400	2	5	2	0	2	0
m.4943	647	94	102	65	53	79	46
m.4946	322	4	4	1	4	3	1
m.4958	221	3	3	3	3	4	1
m.4960	840	55	54	42	35	41	29
m.4974	208	5	6	2	0	5	4
m.4978	368	109	108	71	93	109	64
m.498	709	3	4	2	1	2	2
m.4980	256	1	1	0	2	1	0
m.4988	204	9	8	8	2	10	4
m.4990	351	12	9	7	7	9	5
m.4998	325	1	0	2	4	0	1
m.50	394	2	3	2	6	4	3
m.500	227	7	8	1	3	5	4
m.5005	481	45	47	29	31	47	27
m.5012	2350	248	208	134	144	261	140
m.5017	206	3	3	2	3	3	2
m.5020	224	22	29	16	11	15	11
m.5022	151	22	16	13	16	20	10
m.5025	257	44	33	22	25	39	25
m.5026	617	0	2	2	0	0	1
m.5028	1007	51	72	33	60	61	35
m.5030	279	40	26	25	27	39	22
m.5036	327	2	7	0	5	6	3
m.504	1022	4	6	0	4	2	2
m.5042	675	6	9	3	8	5	5
m.5045	171	0	2	0	1	0	1
m.5056	403	11	14	8	16	11	10
m.506	193	10	8	11	5	4	7
m.5061	506	22	22	9	16	34	13
m.5062	346	21	15	16	8	11	7
m.5064	342	20	14	10	21	19	16
m.5075	186	0	1	0	1	0	0
m.5076	1105	19	22	16	12	20	16
m.508	371	4	12	7	0	7	3
m.5080	107	17	17	9	14	16	10
m.5081	198	22	20	17	24	28	19
m.5087	320	10	6	5	4	6	3
m.5096	1402	4	15	6	8	10	8
m.5108	251	116	120	63	96	120	76
m.5109	131	13	9	5	6	10	6
m.5113	272	16	12	8	10	12	7
m.5115	549	20	31	15	28	20	16
m.5116	342	3	1	0	1	3	1
m.5120	694	65	67	33	48	61	37
m.5125	382	0	4	1	1	2	4
m.5128	376	4	0	7	3	11	4
m.5142	151	18	11	11	11	7	5
m.5146	126	6	11	7	10	7	6
m.5147	416	30	28	14	24	25	12
m.5148	167	4	2	4	3	2	2
m.5150	488	6	6	2	3	3	1
m.5161	451	10	18	2	14	14	6
m.5163	1400	0	0	0	7	6	0
m.5172	212	0	3	0	1	1	0
m.5182	409	33	38	17	30	42	19
m.5185	122	3	1	1	0	1	0
m.5186	242	121	94	64	83	139	74
m.5189	253	4	3	5	2	8	1
m.519	515	29	24	22	24	36	18
m.5191	2106	1	9	2	2	14	6
m.5196	113	0	2	0	0	1	1
m.5199	639	6	7	4	3	4	4
m.5203	1963	0	0	0	0	1	0
m.5212	302	1	0	0	0	0	1
m.5216	1018	1	3	3	5	0	2
m.523	663	2	5	2	3	2	4
m.5250	227	24	3	8	3	6	3
m.5253	335	92	55	49	39	82	56
m.5256	138	10	9	11	9	12	7
m.5266	746	1	3	2	0	1	0
m.5270	380	5	14	7	8	9	7
m.5277	148	1	3	0	2	3	0
m.5290	1690	34	36	18	21	18	23
m.5296	670	1	5	0	1	3	2
m.5305	270	14	6	8	2	14	6
m.5309	1972	276	277	177	187	266	193
m.531	580	40	25	26	21	28	17
m.5315	882	22	31	14	14	22	12
m.5317	354	17	20	17	16	21	15
m.532	113	18	16	11	18	18	12
m.5328	257	9	3	4	4	12	2
m.5331	336	0	0	0	1	1	1
m.534	225	48	32	32	26	31	24
m.5346	119	2	3	0	1	3	1
m.5347	415	22	19	14	10	17	10
m.535	370	14	11	5	11	19	3
m.5352	328	3	3	1	2	3	2
m.5354	547	36	42	22	21	31	25
m.5358	207	1	5	5	6	3	3
m.5364	172	21	23	10	18	23	13
m.5369	500	22	15	20	21	24	13
m.537	304	0	3	1	2	0	0
m.5372	300	1	0	0	0	0	0
m.5376	135	0	2	1	1	2	1
m.5382	195	6	5	4	4	4	3
m.5384	568	1	6	3	5	7	3
m.5390	842	18	15	10	7	26	13
m.5398	324	4	5	3	1	3	2
m.5400	164	16	17	10	15	20	14
m.5403	461	28	26	17	16	29	15
m.5407	595	19	21	8	17	23	15
m.5413	216	7	2	3	0	0	2
m.5415	188	12	9	7	12	11	6
m.5416	476	2	3	0	0	2	0
m.5422	1121	26	19	14	17	24	14
m.5425	415	56	49	46	41	52	37
m.5435	138	1	0	1	0	0	1
m.5439	531	0	1	0	0	0	0
m.5442	167	32	28	25	28	23	17
m.5451	290	8	8	5	6	9	5
m.5457	390	4	3	0	3	1	1
m.5459	641	0	0	0	1	0	0
m.5463	882	147	147	89	119	172	95
m.5465	622	9	8	3	3	5	3
m.5473	170	0	1	2	3	0	2
m.548	221	1	0	1	0	1	2
m.5484	707	5	4	2	4	8	5
m.5486	109	4	4	2	6	1	3
m.5487	105	4	1	1	1	0	1
m.5493	248	8	2	1	0	6	0
m.5494	170	0	0	0	0	2	0
m.550	489	85	48	51	29	55	42
m.5502	228	19	22	10	16	17	10
m.5507	231	7	7	5	10	6	3
m.5510	229	21	18	13	13	15	9
m.5513	246	13	11	10	11	9	6
m.5516	387	22	18	10	18	14	6
m.5519	372	0	1	0	2	0	1
m.552	338	23	31	12	20	25	16
m.5522	429	12	7	3	7	7	6
m.5525	456	27	28	16	33	27	21
m.5528	192	0	3	0	0	2	1
m.5531	219	1	2	0	0	0	0
m.5534	255	0	1	3	0	2	2
m.5535	314	0	0	0	1	1	0
m.5538	480	56	46	38	43	55	29
m.554	167	0	1	0	0	0	0
m.5544	228	1	1	0	0	1	0
m.5546	1101	34	33	5	10	31	14
m.555	591	0	0	2	0	0	0
m.5564	236	0	0	0	0	1	0
m.5581	320	13	11	8	10	15	8
m.5582	258	15	15	5	14	16	10
m.5583	175	13	8	8	7	10	9
m.5593	175	8	7	5	5	7	4
m.56	236	20	23	15	16	18	16
m.5603	203	2	6	5	4	4	4
m.5605	166	0	0	3	1	0	2
m.5606	190	8	11	5	4	14	6
m.5611	317	33	36	20	30	37	21
m.5613	134	17	17	11	18	17	11
m.5618	330	0	2	0	3	2	1
m.5619	199	7	6	8	7	3	3
m.5620	959	3	5	0	5	5	4
m.5623	526	1	1	0	0	1	1
m.5624	813	26	22	16	21	15	10
m.5628	431	44	38	22	38	46	37
m.5634	149	19	21	10	15	21	20
m.5643	338	6	2	4	0	5	0
m.5644	430	29	32	20	29	27	23
m.5659	127	10	10	6	10	6	7
m.5664	242	39	36	20	28	38	30
m.5665	346	19	18	15	11	34	11
m.5669	235	4	4	0	4	1	2
m.5670	433	1	3	0	0	4	0
m.5676	297	7	7	6	6	8	3
m.5677	398	6	2	2	2	10	3
m.5679	145	2	0	0	2	0	0
m.5686	252	3	3	1	3	3	2
m.5689	476	8	7	3	3	9	3
m.5692	394	0	3	0	3	3	5
m.5696	189	12	11	8	13	14	7
m.5712	270	6	6	2	1	2	4
m.5724	205	3	8	4	7	8	2
m.5735	289	2	2	1	1	1	1
m.5746	161	22	21	14	21	19	13
m.5747	202	3	1	1	2	0	2
m.5752	384	1	2	0	0	2	1
m.5753	396	4	8	4	9	9	4
m.5755	241	8	8	7	6	9	4
m.5774	539	0	2	0	0	1	1
m.579	570	65	59	37	52	66	54
m.5798	414	0	0	0	0	2	0
m.580	344	61	60	31	37	45	29
m.5803	326	9	4	5	6	5	2
m.5804	1293	17	31	10	17	15	19
m.5811	486	60	48	30	48	53	28
m.5813	899	1	2	2	0	1	1
m.5819	163	0	0	2	0	1	1
m.5828	1791	7	13	1	9	8	3
m.5833	121	4	5	4	3	1	3
m.5839	328	8	8	6	7	12	8
m.585	748	1	0	0	0	3	0
m.5851	386	0	3	0	0	1	1
m.5859	199	14	22	11	20	21	16
m.5862	284	1	2	0	0	0	0
m.5867	472	8	9	6	11	6	7
m.5868	232	1	3	3	2	1	1
m.5869	404	7	15	4	9	10	5
m.5870	1080	24	25	7	13	21	11
m.5881	363	13	22	14	11	13	8
m.5891	357	2	3	4	3	0	2
m.5892	125	15	21	9	14	15	11
m.5898	324	0	3	0	0	1	0
m.5900	332	4	5	2	5	3	3
m.5906	614	0	0	1	1	0	0
m.5911	687	1	2	0	0	1	1
m.5919	327	0	2	0	0	2	4
m.592	568	7	8	1	4	6	3
m.5921	124	1	0	0	0	1	0
m.5924	163	7	7	3	0	5	3
m.5940	470	45	33	17	16	50	10
m.5946	412	4	2	3	5	3	5
m.5947	328	11	12	7	9	17	9
m.595	591	17	16	10	13	11	7
m.5953	1295	79	87	48	60	87	47
m.5961	726	87	86	57	62	88	68
m.5981	145	12	10	5	10	13	7
m.599	163	1	6	2	7	4	2
m.60	320	10	8	4	15	11	8
m.6000	281	24	16	15	15	15	12
m.6006	339	67	59	43	52	74	38
m.6024	399	6	8	4	3	4	6
m.6025	191	9	6	6	6	11	2
m.604	626	23	16	12	16	19	11
m.6042	807	3	3	0	2	6	1
m.6043	332	3	1	4	1	0	2
m.6046	318	0	0	1	0	0	1
m.6058	1126	0	0	1	0	5	0
m.606	401	16	37	16	32	32	21
m.6062	535	40	29	25	33	35	20
m.6067	290	8	11	5	10	10	4
m.6094	163	0	1	0	0	0	0
m.6098	224	2	2	1	0	0	1
m.6100	310	10	19	12	2	14	8
m.6106	1183	16	18	11	17	20	13
m.611	550	17	16	17	13	12	16
m.612	679	141	118	67	89	151	80
m.6121	222	0	0	1	0	0	0
m.6130	287	34	21	24	24	27	17
m.6137	829	5	6	4	4	7	3
m.6149	834	28	25	15	26	28	20
m.6153	459	6	7	7	7	3	4
m.616	1072	6	5	16	11	6	9
m.6160	246	18	14	14	9	13	12
m.6161	297	13	15	8	4	11	9
m.6174	243	38	49	28	32	41	28
m.6180	693	111	88	55	69	123	63
m.6186	860	1	0	0	0	0	1
m.6190	936	0	4	1	1	3	2
m.6192	463	57	39	31	22	39	22
m.6193	694	6	6	1	7	5	4
m.6203	143	23	19	16	17	18	13
m.6207	485	4	6	3	7	3	5
m.6212	640	82	60	51	54	91	46
m.6219	1290	10	12	5	8	7	5
m.6230	105	0	1	1	0	0	1
m.6233	239	11	6	6	0	9	5
m.6235	1030	4	5	2	5	5	5
m.6244	213	0	0	2	1	0	2
m.6258	470	11	10	5	10	7	4
m.6265	202	3	3	1	2	3	1
m.6266	564	60	33	41	22	46	23
m.6279	328	0	0	0	3	0	2
m.628	379	4	7	2	1	2	3
m.6293	273	1	1	0	0	1	1
m.631	168	1	1	0	1	0	0
m.6313	386	0	0	0	0	1	0
m.6354	185	3	11	8	5	7	5
m.6361	1066	19	19	9	19	25	12
m.6363	693	4	6	3	4	4	5
m.637	726	0	2	0	1	0	1
m.6370	313	45	41	30	39	43	27
m.6404	402	6	13	10	6	7	7
m.6408	422	5	3	2	4	5	2
m.6410	391	2	1	0	3	1	0
m.6414	454	10	15	8	15	12	5
m.644	181	33	30	18	22	36	19
m.6458	848	0	0	1	0	0	1
m.6463	6996	30	26	16	32	30	13
m.6490	438	46	47	26	27	35	30
m.6492	285	9	8	7	7	8	4
m.6495	278	2	3	0	0	3	1
m.6499	297	31	28	16	23	32	16
m.650	554	1	0	2	1	3	3
m.6505	217	1	1	0	1	3	1
m.651	113	19	20	15	20	22	13
m.6511	281	20	19	12	13	25	16
m.6517	538	37	28	29	28	44	22
m.6522	302	45	21	59	18	19	21
m.6524	587	63	67	33	54	75	41
m.6534	473	3	5	0	2	1	0
m.6550	319	0	2	0	0	0	0
m.6554	533	51	36	24	31	34	15
m.6562	225	2	1	1	0	2	2
m.657	677	26	24	11	20	22	10
m.6574	602	5	9	4	1	8	8
m.6586	314	0	0	0	2	1	0
m.6593	1058	50	50	31	47	67	42
m.6599	345	0	1	0	1	1	0
m.6603	632	5	5	1	2	3	2
m.6613	526	0	0	1	0	1	0
m.6614	1203	1	0	0	3	0	2
m.6620	708	21	10	10	16	24	11
m.6627	1941	224	275	158	170	305	200
m.6645	175	3	3	0	3	4	2
m.6650	137	4	2	0	7	5	0
m.6654	227	7	4	9	7	9	4
m.6678	2678	13	16	4	8	13	10
m.6688	381	7	7	4	3	7	7
m.6692	457	1	7	2	1	4	2
m.6698	487	60	71	32	43	83	43
m.6705	727	33	36	28	34	31	24
m.6707	440	0	2	0	1	0	0
m.671	663	1	6	6	0	1	1
m.6717	339	1	4	1	2	3	2
m.6724	676	13	24	11	14	20	17
m.6735	993	3	4	3	1	3	1
m.6750	260	32	31	24	33	21	22
m.6751	684	4	0	0	1	3	0
m.6756	433	3	1	0	1	1	1
m.6764	636	2	7	2	1	10	5
m.6771	349	0	0	1	0	0	0
m.6777	271	9	12	6	8	7	6
m.6795	338	1	6	2	5	3	3
m.681	2015	190	142	131	106	176	101
m.6811	526	0	0	0	0	0	1
m.6816	173	7	6	6	8	9	5
m.6822	465	12	13	8	12	11	7
m.6835	423	11	14	9	12	15	11
m.6841	251	0	2	2	1	1	1
m.6844	389	26	26	21	28	19	5
m.6853	404	1	3	0	0	1	1
m.6854	281	3	3	2	2	2	2
m.6864	607	0	0	3	0	1	3
m.6865	1038	3	4	0	5	5	1
m.6868	946	13	17	8	9	18	12
m.6883	567	54	54	33	44	38	32
m.6885	153	3	3	1	2	0	0
m.6935	148	0	0	0	0	1	0
m.694	857	0	3	1	1	1	2
m.6949	182	4	0	3	0	3	0
m.6956	142	4	2	1	0	1	1
m.6968	331	2	4	2	2	2	2
m.6975	388	8	10	7	12	5	6
m.6977	342	4	13	6	4	9	8
m.698	256	1	4	0	4	3	2
m.6990	479	14	24	15	20	22	15
m.7005	1086	80	85	27	43	86	42
m.7042	188	0	0	1	0	0	1
m.7051	436	0	4	0	0	2	0
m.707	329	2	2	2	0	0	2
m.7103	496	14	10	5	12	9	7
m.7107	168	0	1	0	2	0	0
m.711	289	0	0	2	3	0	1
m.7111	267	2	3	2	0	2	2
m.7115	1367	10	9	2	7	6	3
m.7131	978	5	3	6	6	3	3
m.7140	275	9	9	4	17	7	6
m.7159	1549	8	21	6	11	8	6
m.7183	139	8	5	5	9	5	5
m.7185	949	0	2	0	3	0	1
m.720	102	3	5	4	3	7	4
m.7206	974	18	22	9	13	16	10
m.7209	320	1	3	6	1	3	4
m.721	1283	0	4	1	1	2	2
m.7210	168	3	2	3	3	4	2
m.7211	854	0	2	1	0	2	2
m.7240	672	6	2	6	3	9	7
m.7242	348	0	1	1	0	2	3
m.725	200	0	1	0	0	0	0
m.7262	373	46	38	31	52	40	38
m.7275	197	0	0	1	0	0	0
m.7276	101	0	0	1	0	0	0
m.7285	870	4	5	0	3	2	3
m.7288	361	12	9	7	9	14	7
m.7296	413	97	61	65	58	84	43
m.7297	100	24	18	12	16	27	14
m.7320	149	2	3	2	3	2	3
m.733	773	26	29	19	7	17	12
m.7334	628	2	2	1	0	0	0
m.7348	315	30	27	15	22	29	11
m.7357	273	1	0	0	0	0	0
m.7374	436	10	14	9	6	14	6
m.7375	539	2	3	1	4	4	2
m.738	140	1	3	0	17	4	15
m.7395	220	4	3	2	4	4	2
m.7404	524	254	190	132	170	246	143
m.742	625	0	2	0	0	2	0
m.7426	502	88	77	45	52	86	60
m.7437	674	29	35	13	14	24	16
m.745	243	39	34	20	28	31	25
m.7457	110	17	16	9	8	13	13
m.7461	430	27	17	16	10	22	14
m.7469	537	5	8	0	4	3	2
m.7470	329	2	1	0	0	2	0
m.7509	441	9	6	6	1	4	2
m.7513	255	6	13	19	10	5	10
m.7527	791	17	19	9	18	3	6
m.753	343	3	8	2	6	3	4
m.7561	417	8	6	3	2	4	3
m.7582	540	18	16	11	11	13	10
m.7588	415	1	1	2	6	0	1
m.7592	467	29	28	14	21	32	17
m.7593	596	3	7	2	3	5	3
m.7595	1291	77	115	60	88	101	90
m.7598	148	0	0	0	1	0	0
m.760	542	15	19	5	7	12	9
m.7600	469	0	2	1	1	0	0
m.7626	466	8	7	4	2	11	4
m.7630	342	3	6	4	3	1	4
m.7637	482	0	0	1	0	2	0
m.7644	222	1	0	0	0	0	1
m.7647	1472	9	4	3	4	12	9
m.765	688	0	0	0	4	2	1
m.7660	262	3	1	0	1	1	0
m.7663	465	10	10	4	15	4	7
m.7667	285	25	23	24	20	21	20
m.7674	481	19	15	10	21	17	12
m.7675	148	0	0	1	0	0	2
m.77	597	80	79	55	76	91	53
m.772	418	70	57	40	27	50	29
m.7741	384	193	128	125	117	183	110
m.7744	503	4	3	4	5	0	2
m.7748	455	3	10	0	1	1	0
m.7751	288	30	7	19	9	3	15
m.7770	273	1	0	2	0	0	0
m.7798	205	3	1	1	0	2	2
m.7819	226	0	3	0	0	3	3
m.782	388	110	74	57	56	108	57
m.7823	187	1	0	1	4	0	1
m.7834	739	4	6	2	4	0	2
m.7836	367	6	4	3	0	3	3
m.7838	446	6	3	2	0	3	2
m.7852	134	0	0	0	1	0	0
m.7866	258	1	5	0	2	0	1
m.787	428	62	50	36	41	58	31
m.7880	176	0	0	2	0	0	0
m.7885	192	0	0	1	3	0	0
m.789	775	1	5	2	1	1	3
m.791	133	9	0	4	0	4	2
m.792	129	3	0	1	0	1	0
m.793	584	3	2	1	1	2	1
m.798	194	0	0	1	3	0	1
m.8003	356	6	5	7	4	17	7
m.8017	724	5	7	4	5	4	6
m.8023	472	5	4	3	7	6	4
m.8024	284	0	1	0	0	0	4
m.8053	960	1	0	0	0	0	0
m.809	141	0	3	0	3	2	0
m.81	504	62	36	43	35	39	30
m.8103	997	0	3	1	0	1	1
m.8149	654	0	0	0	0	0	2
m.8154	241	0	0	1	0	0	0
m.8167	381	3	1	2	0	2	1
m.8180	154	1	3	1	3	2	1
m.8204	257	1	1	0	0	1	0
m.8207	116	0	0	0	0	1	0
m.8222	467	94	75	50	44	77	36
m.8227	922	0	2	0	2	2	5
m.8231	396	1	3	2	3	0	1
m.8232	523	18	20	17	18	13	12
m.8233	1215	122	108	92	87	110	59
m.8241	512	5	5	4	5	7	2
m.8246	632	2	0	0	3	0	1
m.8265	286	1	1	0	0	1	3
m.834	558	2	1	0	0	3	1
m.8342	908	118	112	77	102	108	67
m.8376	1390	13	20	7	6	10	9
m.842	246	0	2	0	0	0	0
m.8454	243	2	0	4	3	0	0
m.849	171	12	13	7	12	16	9
m.8493	227	0	3	0	0	0	0
m.8509	223	0	0	0	0	1	0
m.853	520	1	1	0	3	1	1
m.8553	598	0	2	0	0	0	0
m.8574	338	2	2	2	2	0	0
m.858	537	9	11	3	8	10	6
m.859	193	0	0	0	1	0	0
m.8594	352	9	7	5	19	16	5
m.860	473	14	30	11	18	24	13
m.8609	175	11	3	0	4	12	13
m.8646	552	3	1	1	1	3	0
m.8649	585	0	2	0	1	0	0
m.865	271	31	27	20	19	35	17
m.8669	206	0	5	0	7	4	2
m.8693	201	0	0	1	0	0	0
m.8696	278	7	8	4	6	8	3
m.8703	160	0	1	0	0	1	0
m.8709	507	18	19	12	11	20	5
m.873	140	10	6	4	6	13	5
m.8730	570	3	7	4	7	5	3
m.8735	575	4	1	2	2	1	1
m.8740	1003	2	2	2	2	2	3
m.8779	150	0	0	0	1	0	0
m.8796	376	13	20	12	12	15	9
m.8799	389	27	12	10	7	25	8
m.8844	218	0	2	0	3	0	0
m.8870	312	33	35	17	26	35	19
m.8872	406	42	31	29	29	35	21
m.8875	267	9	19	8	11	7	5
m.8877	241	19	12	13	15	17	11
m.8880	300	5	0	2	8	2	4
m.8882	347	0	0	0	1	0	1
m.8885	757	23	19	13	12	21	8
m.8900	399	47	43	29	41	60	29
m.8901	709	4	9	2	5	3	3
m.8903	180	40	40	23	37	39	28
m.8908	660	6	6	4	2	8	4
m.8913	420	7	8	2	10	8	6
m.8914	480	14	8	7	3	14	7
m.8917	676	113	108	66	70	102	68
m.892	692	4	16	7	3	12	3
m.8924	116	3	3	3	1	4	3
m.8927	151	0	1	4	3	1	5
m.8928	359	15	14	13	9	19	12
m.8932	510	25	24	13	19	24	16
m.8936	197	9	5	6	4	5	3
m.8939	146	11	7	6	7	10	6
m.8941	216	20	20	9	11	19	17
m.8943	224	1	1	3	5	4	1
m.8947	2092	13	26	7	11	12	9
m.8953	221	14	8	7	7	9	3
m.8957	494	7	7	5	3	5	2
m.8978	174	0	0	2	1	0	0
m.898	376	0	2	0	0	0	2
m.8982	213	3	1	1	0	2	1
m.8984	345	0	2	0	0	0	2
m.899	700	1	3	3	3	3	2
m.8991	306	10	16	11	15	13	19
m.8997	155	0	0	1	0	0	0
m.900	248	90	75	58	56	89	55
m.9006	624	0	3	1	0	0	0
m.9013	389	6	6	4	5	7	4
m.9015	170	14	17	10	17	22	13
m.9021	106	2	6	2	5	3	2
m.9022	1133	86	69	56	59	62	55
m.9023	1893	1	0	2	0	1	1
m.9026	230	3	3	2	4	2	2
m.9034	345	5	6	0	3	9	1
m.904	870	10	5	6	5	8	1
m.9045	703	2	2	0	1	5	2
m.9051	213	16	16	13	13	10	6
m.9052	1364	29	10	33	11	6	19
m.9058	352	34	37	27	28	35	27
m.9062	253	0	1	2	3	0	4
m.9072	179	3	5	3	5	3	3
m.9073	508	24	25	10	12	21	12
m.9078	300	1	2	0	2	3	2
m.9086	773	18	23	18	24	18	19
m.9089	726	4	7	5	11	5	3
m.9097	494	10	5	8	5	2	2
m.9103	276	4	5	2	0	4	0
m.9104	238	0	0	0	2	0	2
m.9109	151	6	5	3	3	5	4
m.911	192	2	1	1	0	1	2
m.9110	140	19	19	11	7	19	11
m.9113	661	2	1	1	0	1	0
m.9119	158	35	25	20	16	31	21
m.912	124	0	1	0	0	1	0
m.9122	382	5	9	3	9	6	5
m.9133	155	12	17	8	5	17	9
m.9135	505	14	15	5	12	14	4
m.9137	549	12	7	12	9	5	6
m.9144	101	35	29	27	18	29	22
m.9151	279	9	9	6	9	10	6
m.9152	194	0	0	1	0	0	0
m.9155	254	0	1	0	3	1	2
m.9167	564	9	11	7	8	13	8
m.9176	257	7	8	5	12	12	8
m.9178	193	2	5	0	1	2	0
m.918	345	41	41	25	42	36	24
m.9181	139	3	9	8	3	6	4
m.9188	352	5	5	3	4	3	4
m.9193	136	1	1	1	0	0	1
m.9195	251	2	2	0	0	0	0
m.9199	682	0	0	0	0	2	1
m.9200	158	0	2	1	0	1	0
m.9202	127	4	4	2	5	6	4
m.9222	392	1	1	0	1	0	0
m.9224	322	9	8	3	1	9	7
m.9226	462	57	64	34	39	68	40
m.923	391	2	7	3	6	1	2
m.924	786	8	12	22	15	9	10
m.9242	256	12	8	6	8	9	6
m.925	826	53	56	39	40	78	36
m.9253	509	3	3	2	3	5	2
m.9267	132	0	1	0	0	0	0
m.9269	593	0	1	4	1	0	0
m.9279	376	5	2	1	9	6	4
m.9284	447	19	14	15	12	11	13
m.9290	1260	1	1	0	0	0	0
m.9295	226	10	10	5	5	9	5
m.9299	205	22	24	19	5	21	14
m.930	399	1	0	0	0	1	0
m.9302	366	1	2	2	2	1	0
m.9307	494	0	0	0	1	2	0
m.931	242	0	0	0	1	1	0
m.9312	311	3	5	1	3	3	1
m.9319	314	2	8	1	5	5	3
m.9322	625	9	16	10	10	12	8
m.9330	588	17	14	8	12	18	11
m.9331	568	0	0	0	0	2	0
m.9340	260	5	7	4	4	3	4
m.9341	306	0	1	4	0	0	1
m.9342	193	6	10	12	10	9	6
m.9363	503	0	2	0	0	1	0
m.9366	437	2	3	1	2	3	2
m.9373	1378	0	0	0	0	0	1
m.9386	745	1	5	1	3	3	2
m.9399	268	18	33	9	24	24	21
m.940	484	6	12	4	11	8	4
m.9408	224	0	2	0	3	1	1
m.9411	328	20	37	9	24	27	23
m.9419	124	0	1	1	2	0	1
m.9424	545	155	174	84	106	204	116
m.9431	161	0	0	0	1	0	0
m.9432	802	10	3	1	3	8	5
m.9443	895	2	5	0	1	0	1
m.9447	704	18	14	12	19	8	10
m.9463	205	3	3	0	0	0	0
m.9470	281	1	1	1	0	0	0
m.9472	530	1	0	0	0	2	0
m.9474	609	0	5	2	3	3	2
m.9478	1342	87	99	49	83	96	53
m.948	269	19	12	11	11	17	9
m.9482	331	6	5	4	4	4	4
m.949	153	19	14	11	20	19	8
m.9498	636	7	5	6	6	6	5
m.9505	767	1	3	0	1	3	0
m.951	473	0	3	1	1	1	2
m.9511	681	15	18	13	14	17	12
m.9527	577	1	2	0	0	0	5
m.9546	175	15	20	5	13	17	12
m.9551	312	2	2	2	1	0	1
m.9557	1256	1	2	0	0	0	0
m.9560	412	15	16	4	6	17	9
m.9561	429	22	27	11	9	24	10
m.9566	251	11	13	4	12	11	10
m.9571	451	3	1	2	3	3	1
m.9578	173	40	43	26	13	47	25
m.9583	214	0	1	0	0	0	0
m.9587	410	4	3	1	3	3	1
m.9595	223	71	74	66	72	89	53
m.9596	217	2	0	1	0	2	1
m.9604	530	10	10	2	0	0	3
m.9611	446	3	3	2	3	5	2
m.9621	354	0	1	0	1	1	1
m.9628	960	9	8	19	13	7	9
m.965	551	46	52	32	32	48	36
m.9652	236	28	26	20	27	30	12
m.9654	1097	0	0	0	0	0	2
m.9666	288	7	0	0	1	18	0
m.9689	170	14	25	11	8	24	13
m.9698	154	3	3	1	3	3	1
m.9699	450	77	51	40	33	86	42
m.972	503	0	5	0	2	1	4
m.9723	684	0	39	0	20	0	0
m.9726	370	0	1	0	0	0	1
m.9734	585	5	3	2	2	1	3
m.9738	222	65	51	33	38	53	36
m.9740	719	0	1	0	0	0	0
m.9753	748	22	29	16	31	28	23
m.9774	382	11	10	4	8	8	5
m.9778	264	0	2	2	4	0	0
m.9779	278	6	15	5	9	11	5
m.9807	393	33	24	19	22	27	17
m.9816	202	7	8	7	6	9	5
m.983	610	12	10	5	10	10	7
m.9853	405	3	8	3	4	6	4
m.9855	546	4	13	4	8	8	7
m.9865	419	17	6	12	1	16	9
m.9873	222	12	16	9	13	11	12
m.9878	617	1	1	0	1	2	0
m.9881	429	8	0	4	0	7	1
m.9886	890	0	4	3	1	1	0
m.9891	150	10	8	6	6	17	8
m.9927	451	3	5	3	0	1	3
m.9935	160	8	8	5	9	7	5
m.9939	196	14	14	9	13	15	9
m.9955	392	0	3	0	1	0	1
m.9956	418	9	5	4	2	6	3
m.9957	415	77	69	45	42	72	37
m.9972	351	2	6	4	5	1	1
m.9986	274	18	18	11	13	27	10
m.9987	752	0	1	0	0	1	1
m.9990	280	7	2	3	3	6	2
