PROTID	PROTLEN	0	0	0	1	1	1
m.1	362	6	6	3	6	6	3
m.1000	214	47	57	49.5	62	60	51
m.10009	206	20	12	15	8	11	6
m.10012	278	0	1	0	0	0	0
m.10015	205	22	17	16.5	20	21	18
m.10041	171	0	1	0	0	0	0
m.1005	498	11	18	24	14	17	16.5
m.10054	107	3	0	0	0	0	0
m.1007	159	0	0	1.5	0	0	0
m.10080	526	23	36	31.5	29	31	21
m.10101	187	0	2	1.5	0	0	3
m.10111	222	9	9	1.5	6	9	3
m.10119	416	0	0	0	0	1	1.5
m.1013	969	0	1	0	0	1	1.5
m.10132	182	0	2	3	0	0	3
m.10135	467	19	28	18	25	25	6
m.10138	474	6	7	1.5	3	8	4.5
m.10139	271	0	0	0	3	1	0
m.10164	157	3	0	0	3	3	0
m.10182	249	0	3	0	2	3	0
m.10194	572	30	51	43.5	56	47	45
m.10196	145	2	0	3	1	1	0
m.10199	219	17	16	16.5	14	15	21
m.10205	893	0	0	0	0	2	0
m.10239	279	0	2	1.5	1	3	0
m.10260	232	2	5	6	4	4	3
m.10264	203	0	0	0	1	0	0
m.10289	705	3	1	3	0	4	1.5
m.10304	278	0	0	0	0	0	1.5
m.10324	680	0	1	6	5	5	1.5
m.10327	1122	14	13	13.5	15	11	10.5
m.10342	512	0	0	0	0	0	1.5
m.10346	250	2	0	0	1	2	6
m.10353	112	0	1	1.5	0	0	0
m.1036	1192	0	0	0	1	3	1.5
m.10378	725	11	9	6	7	5	7.5
m.1038	113	18	20	16.5	17	18	15
m.10387	484	9	6	12	10	12	16.5
m.104	1674	47	104	66	96	94	96
m.1041	396	3	3	1.5	3	3	6
m.1042	331	2	5	3	7	6	6
m.1044	836	0	0	0	1	0	0
m.10463	220	3	4	3	9	4	3
m.10468	320	14	18	16.5	21	15	21
m.10472	547	6	9	9	14	10	10.5
m.10496	298	23	18	21	32	14	31.5
m.10498	209	0	1	0	0	0	0
m.10499	214	1	1	4.5	4	7	0
m.1054	285	18	21	21	20	18	13.5
m.10547	1648	0	1	1.5	0	1	0
m.10557	131	0	1	0	0	2	3
m.10558	176	6	11	10.5	8	12	6
m.10560	427	16	10	13.5	24	28	19.5
m.10575	652	7	0	4.5	1	3	0
m.10580	205	0	0	0	1	0	1.5
m.10586	414	0	1	0	2	0	1.5
m.1060	147	3	6	4.5	0	3	3
m.10603	487	5	5	3	4	4	0
m.10605	698	5	3	3	4	7	3
m.10621	420	3	8	3	4	5	13.5
m.10638	702	1	1	0	0	3	3
m.10645	257	1	2	1.5	0	3	0
m.1069	424	14	15	15	12	15	13.5
m.10693	451	5	0	0	1	0	0
m.107	99	14	24	21	24	22	24
m.10713	218	30	26	28.5	35	30	34.5
m.10714	429	14	14	22.5	10	15	16.5
m.10723	443	0	1	4.5	1	2	3
m.10726	1630	10	10	10.5	11	20	7.5
m.1073	371	5	7	6	4	5	3
m.1074	292	4	6	4.5	9	8	6
m.10744	282	12	10	12	18	10	16.5
m.10807	572	44	51	60	51	55	48
m.10812	189	4	3	0	5	1	3
m.10816	192	7	6	4.5	8	10	6
m.10818	372	6	1	4.5	2	5	1.5
m.10831	206	1	0	1.5	3	3	9
m.10852	208	1	3	1.5	2	5	1.5
m.10862	241	0	2	0	0	0	0
m.10878	258	1	0	1.5	0	1	0
m.10883	471	33	31	27	44	41	31.5
m.1089	117	26	28	24	23	23	22.5
m.10893	298	32	56	42	53	37	19.5
m.10901	228	0	2	0	2	2	1.5
m.10905	398	3	7	9	8	12	7.5
m.10909	251	3	0	6	0	1	0
m.10914	217	13	10	7.5	11	9	12
m.10928	723	8	5	6	5	5	4.5
m.10938	346	3	7	10.5	16	10	7.5
m.10939	1302	4	7	3	6	6	6
m.10942	329	0	0	0	1	1	0
m.10944	532	0	2	3	1	2	0
m.10974	566	9	10	4.5	9	11	6
m.110	1165	81	147	129	112	129	109.5
m.1100	513	7	6	9	10	6	10.5
m.11021	150	1	1	0	0	3	0
m.1103	1107	0	4	0	2	0	0
m.11035	299	6	8	6	4	4	0
m.11041	876	0	0	0	0	1	0
m.11045	121	3	6	3	7	2	1.5
m.11092	1439	0	0	0	1	0	0
m.11100	1144	21	26	24	22	31	19.5
m.11107	150	21	25	22.5	24	23	21
m.11115	300	3	0	3	0	1	7.5
m.11137	540	1	3	3	1	1	3
m.11149	227	17	19	12	22	17	16.5
m.11152	593	3	0	3	1	3	1.5
m.1116	106	0	0	1.5	0	0	0
m.11167	387	0	0	0	1	0	0
m.1126	148	5	7	6	11	7	7.5
m.11265	213	4	3	3	4	3	4.5
m.11298	283	2	3	1.5	0	2	3
m.113	378	47	111	84	114	72	85.5
m.11313	319	1	0	0	0	0	1.5
m.1133	280	3	4	7.5	4	5	4.5
m.11340	155	7	3	7.5	4	4	6
m.11346	282	0	3	1.5	2	3	4.5
m.1135	538	10	9	18	14	14	24
m.11354	351	24	26	27	29	30	24
m.11405	546	0	1	0	2	1	0
m.1141	910	0	0	3	1	2	0
m.11430	456	0	0	0	0	0	1.5
m.11436	297	1	1	3	0	1	0
m.11443	1087	5	5	0	5	6	0
m.1145	390	0	3	3	3	0	1.5
m.11458	213	5	9	13.5	7	8	9
m.11472	334	6	11	10.5	9	14	7.5
m.11482	410	1	1	1.5	2	2	0
m.1149	736	2	3	4.5	7	6	0
m.115	216	11	15	13.5	18	15	19.5
m.1152	2284	9	2	3	0	0	6
m.11523	224	0	0	1.5	1	1	0
m.11536	523	0	0	0	2	2	3
m.11543	385	16	9	12	14	16	18
m.11553	214	23	22	22.5	40	28	18
m.11561	392	0	0	0	0	1	0
m.1157	147	6	5	4.5	8	8	6
m.11575	150	3	7	6	4	3	3
m.11603	537	0	6	4.5	4	2	6
m.1163	121	6	7	10.5	8	12	6
m.1164	164	3	3	1.5	3	2	0
m.11654	271	3	2	3	0	3	0
m.1168	430	1	0	3	2	1	1.5
m.11683	186	3	0	0	0	0	0
m.11687	197	3	3	1.5	1	3	0
m.11700	147	0	0	1.5	0	0	0
m.11724	829	9	8	7.5	5	10	3
m.11725	118	0	1	1.5	1	1	3
m.1173	565	0	0	1.5	0	0	1.5
m.11744	384	4	7	4.5	6	5	0
m.11754	237	10	7	10.5	10	7	7.5
m.11767	390	2	2	4.5	1	1	1.5
m.1177	593	0	0	0	0	2	0
m.11786	188	0	0	3	1	3	4.5
m.11819	281	9	18	12	12	10	9
m.11820	1432	0	2	4.5	1	3	0
m.11826	566	0	4	3	1	3	3
m.11828	346	1	0	1.5	1	3	0
m.11831	212	20	8	12	7	13	7.5
m.11832	897	20	26	21	23	26	16.5
m.11842	252	2	0	4.5	1	0	1.5
m.11872	568	0	1	0	2	1	0
m.11876	224	0	2	0	3	2	3
m.1188	293	8	11	9	10	13	16.5
m.11898	748	0	0	0	0	3	1.5
m.11907	647	0	0	0	0	0	1.5
m.11921	315	1	1	1.5	0	0	0
m.11924	283	0	0	4.5	1	2	0
m.11933	202	2	2	1.5	3	3	1.5
m.11971	202	0	0	0	1	2	0
m.11993	245	0	0	1.5	0	0	1.5
m.11995	326	14	8	6	11	7	10.5
m.12002	156	3	4	3	3	5	6
m.12007	433	8	11	21	16	17	19.5
m.12009	511	1	8	3	6	7	6
m.12028	524	1	3	0	0	1	0
m.12035	180	5	4	4.5	1	5	3
m.1204	135	2	0	0	1	2	0
m.12048	569	18	25	16.5	23	30	19.5
m.12051	247	4	3	3	4	5	1.5
m.12056	309	1	3	3	5	3	6
m.12069	191	1	1	0	0	0	0
m.12097	491	0	0	0	1	1	0
m.12124	155	5	2	3	2	6	0
m.12129	447	104	216	165	157	179	142.5
m.1215	381	6	14	6	8	10	7.5
m.12175	403	6	8	7.5	6	7	6
m.12185	535	6	6	3	9	7	3
m.12229	471	37	58	43.5	59	56	48
m.1223	739	4	5	4.5	3	9	4.5
m.12238	232	35	45	40.5	45	40	40.5
m.12306	644	1	4	4.5	2	2	1.5
m.12326	225	1	2	0	3	4	0
m.12334	1458	7	7	4.5	6	10	4.5
m.1235	511	9	4	4.5	3	6	4.5
m.12364	195	0	0	0	0	3	0
m.1238	450	7	7	6	4	6	1.5
m.1240	151	0	0	0	0	0	1.5
m.12417	694	7	8	7.5	6	12	9
m.1245	204	40	45	48	38	48	39
m.1249	263	6	31	21	22	14	16.5
m.12517	148	0	0	1.5	1	0	1.5
m.12521	914	28	29	30	32	30	33
m.12550	201	5	4	4.5	7	6	9
m.12589	426	2	0	3	0	2	0
m.12606	311	0	1	1.5	4	4	7.5
m.1261	196	3	9	4.5	4	2	6
m.12642	195	48	65	58.5	73	59	60
m.12643	211	2	2	1.5	1	4	0
m.12644	250	1	0	0	0	0	0
m.12647	377	0	2	0	0	1	0
m.12648	162	3	3	0	4	2	1.5
m.1265	381	0	0	1.5	2	0	1.5
m.12659	176	0	0	0	0	0	4.5
m.12662	470	16	16	22.5	23	19	21
m.12676	293	1	2	3	1	1	0
m.12686	459	3	4	6	1	4	1.5
m.12693	1749	23	17	33	20	26	21
m.12695	530	0	3	1.5	2	1	1.5
m.12698	142	7	13	9	17	11	10.5
m.12699	199	15	18	13.5	19	17	18
m.12709	550	23	30	24	26	26	22.5
m.12711	510	3	8	6	8	2	3
m.12713	362	0	1	0	0	0	0
m.12716	167	4	4	3	7	4	6
m.12721	179	3	0	1.5	0	1	7.5
m.12722	407	6	6	6	3	7	3
m.12724	296	3	0	3	0	0	0
m.12725	224	19	26	25.5	22	22	24
m.12732	698	31	38	36	35	33	36
m.12733	700	12	14	12	16	18	6
m.12740	434	14	19	22.5	21	21	18
m.12744	483	5	4	3	4	5	1.5
m.12757	255	16	18	12	22	14	18
m.12762	252	8	0	16.5	9	7	43.5
m.12764	395	0	2	1.5	2	2	1.5
m.12766	325	0	0	0	0	0	3
m.12770	763	1	3	1.5	5	3	1.5
m.12778	145	2	2	3	1	2	1.5
m.12781	500	4	4	4.5	4	3	1.5
m.12786	174	2	0	0	0	0	4.5
m.12790	138	6	9	7.5	14	9	1.5
m.12795	196	1	1	0	1	0	0
m.12796	156	13	18	15	21	16	22.5
m.12799	378	7	7	9	9	7	12
m.1281	317	1	2	0	1	2	0
m.12810	529	5	22	27	27	24	18
m.12813	219	8	6	10.5	13	9	12
m.12818	193	21	37	27	33	28	19.5
m.12824	377	28	15	27	27	37	31.5
m.12825	688	0	2	3	4	5	4.5
m.12829	263	4	2	1.5	2	4	3
m.1283	112	8	5	7.5	9	11	6
m.12839	312	4	10	4.5	8	6	3
m.12859	409	0	0	0	1	0	1.5
m.1286	2829	491	771	651	730	643	699
m.12872	385	8	4	9	5	7	7.5
m.12890	232	2	2	3	0	7	3
m.12895	388	4	0	1.5	4	3	0
m.129	503	4	6	6	5	5	1.5
m.12917	415	4	3	1.5	1	3	3
m.12931	406	0	0	1.5	1	0	0
m.12941	323	18	22	15	29	14	28.5
m.12945	765	0	1	1.5	2	1	1.5
m.1296	468	12	13	9	14	13	13.5
m.12970	372	2	10	10.5	12	8	7.5
m.12976	264	4	7	3	5	8	6
m.12982	418	10	7	9	6	8	7.5
m.12989	486	0	1	0	0	0	0
m.12991	100	34	71	57	61	53	49.5
m.12999	500	1	6	3	5	3	3
m.1301	177	14	22	18	15	25	25.5
m.13014	751	0	1	0	0	1	0
m.13024	171	0	0	1.5	0	3	1.5
m.13026	699	4	1	1.5	1	5	1.5
m.13039	212	2	0	0	0	0	3
m.13050	236	0	4	1.5	0	4	1.5
m.13075	235	6	6	3	5	5	3
m.13082	610	1	2	3	0	0	3
m.13085	424	7	10	7.5	9	8	7.5
m.13089	190	13	9	9	11	15	12
m.13090	174	9	9	6	9	8	6
m.13091	557	4	9	3	6	5	3
m.13094	265	0	0	0	0	0	6
m.13107	529	12	5	7.5	5	14	12
m.13119	549	14	18	15	13	12	3
m.13131	436	16	10	16.5	10	16	12
m.13133	304	15	9	18	17	15	25.5
m.13136	222	3	3	3	2	3	1.5
m.13171	608	0	1	1.5	0	1	0
m.13173	263	0	0	0	0	1	0
m.13180	357	7	1	3	9	4	10.5
m.13191	264	8	10	9	11	10	10.5
m.13197	189	4	6	6	6	3	9
m.132	146	1	0	0	0	0	1.5
m.13206	240	6	8	1.5	5	11	0
m.13208	752	0	0	1.5	0	0	0
m.13218	683	4	0	1.5	4	1	0
m.13226	326	4	11	4.5	10	13	10.5
m.13233	253	0	13	7.5	13	5	12
m.13240	197	6	6	4.5	7	9	4.5
m.13248	748	1	0	0	1	0	0
m.1328	203	0	2	0	2	2	1.5
m.13287	313	3	0	1.5	2	1	1.5
m.13295	297	4	5	3	1	7	3
m.133	397	3	3	1.5	2	3	1.5
m.13303	395	0	4	3	2	4	1.5
m.13314	295	19	30	12	23	20	34.5
m.1334	391	1	3	3	4	4	3
m.13347	625	0	1	0	0	0	0
m.13356	586	2	1	1.5	10	1	1.5
m.13371	1200	9	14	16.5	18	29	21
m.1339	464	11	9	15	9	24	15
m.134	169	4	4	3	7	5	6
m.13409	233	9	7	7.5	11	9	10.5
m.13423	531	11	11	12	11	11	12
m.13424	343	1	2	3	1	2	0
m.13425	114	1	0	0	0	1	1.5
m.13427	257	3	0	0	2	2	1.5
m.13432	425	0	0	1.5	1	2	0
m.13434	1309	1	0	0	1	1	1.5
m.13436	653	13	10	9	8	13	6
m.13443	372	19	54	45	59	35	42
m.13444	605	3	10	12	9	9	7.5
m.13448	293	3	12	9	9	8	4.5
m.1346	158	26	25	19.5	18	21	19.5
m.13471	151	3	5	10.5	8	5	7.5
m.13475	469	18	10	7.5	7	10	10.5
m.13476	183	5	0	4.5	5	3	3
m.13486	292	15	37	37.5	41	30	48
m.13488	163	0	5	4.5	3	3	3
m.13490	255	12	15	12	19	12	13.5
m.13492	741	0	0	0	0	1	0
m.13513	367	1	2	3	3	3	0
m.13514	432	2	2	3	3	6	3
m.13516	189	15	23	24	23	20	21
m.13531	269	5	5	4.5	1	6	3
m.13540	365	1	0	3	0	1	3
m.1355	1555	11	14	15	14	13	13.5
m.13557	339	3	4	4.5	10	7	9
m.13574	515	6	9	4.5	10	6	10.5
m.13590	549	28	36	33	41	37	45
m.13617	393	3	5	4.5	2	5	3
m.13622	146	4	3	3	3	4	3
m.13637	665	1	2	0	0	2	0
m.13659	548	1	3	1.5	1	3	4.5
m.1369	374	163	195	168	174	166	186
m.13710	208	2	1	3	1	1	3
m.13716	211	1	0	0	0	0	0
m.13720	455	3	0	0	0	0	0
m.1373	177	0	3	1.5	1	1	0
m.13742	710	0	0	1.5	1	1	0
m.13743	311	21	21	24	22	23	18
m.13744	138	6	5	4.5	6	7	3
m.13748	486	1	1	3	0	1	0
m.13753	335	1	7	4.5	4	8	7.5
m.13791	176	0	0	1.5	0	1	3
m.13811	436	0	1	1.5	3	5	6
m.13842	680	25	40	30	13	30	28.5
m.13862	447	11	14	12	13	8	9
m.13863	1106	11	25	19.5	17	42	1.5
m.13869	191	0	4	1.5	4	5	4.5
m.13885	1031	3	1	6	0	1	0
m.139	190	10	9	9	12	13	7.5
m.1390	448	35	40	39	51	35	33
m.13903	193	2	3	3	3	3	1.5
m.13957	123	2	1	0	0	1	1.5
m.1396	509	3	3	1.5	3	3	3
m.13977	445	23	33	31.5	52	30	43.5
m.14053	115	0	1	0	0	0	3
m.1408	226	15	16	12	5	19	3
m.14083	1506	0	2	1.5	3	1	3
m.141	436	66	92	79.5	105	92	93
m.14108	268	2	4	0	4	2	1.5
m.14109	662	2	0	3	1	5	3
m.14128	211	11	8	18	7	17	28.5
m.1413	338	11	16	15	12	14	16.5
m.14134	135	4	0	0	1	3	0
m.14137	212	1	1	4.5	0	2	3
m.1415	197	1	3	12	1	7	7.5
m.14152	569	1	1	3	3	3	3
m.14201	145	0	2	1.5	2	2	0
m.14203	282	0	0	0	1	0	0
m.14213	220	3	2	0	0	0	3
m.14255	219	7	7	4.5	8	8	7.5
m.14269	430	0	2	0	1	7	3
m.14297	518	1	0	0	0	1	0
m.14312	960	39	60	58.5	43	40	48
m.14349	643	0	2	4.5	5	2	3
m.14355	846	28	37	33	41	36	30
m.1436	550	35	62	67.5	60	66	57
m.14364	158	0	2	0	1	0	0
m.1437	515	5	3	4.5	2	3	4.5
m.14375	119	3	5	1.5	3	4	3
m.14377	379	1	0	1.5	0	0	0
m.1440	833	3	2	1.5	3	4	1.5
m.14422	417	8	17	15	20	16	21
m.14438	273	5	4	3	1	0	1.5
m.14458	126	5	6	4.5	5	6	6
m.14465	536	1	0	0	0	1	0
m.1447	450	1	4	4.5	4	4	3
m.14490	140	3	3	7.5	9	3	1.5
m.145	467	0	2	1.5	0	0	4.5
m.14507	364	0	1	3	0	0	0
m.1454	475	6	5	7.5	10	7	6
m.14543	392	15	20	19.5	20	15	9
m.1456	431	4	7	4.5	6	6	1.5
m.14602	310	2	4	9	6	6	3
m.1461	469	0	1	1.5	0	5	3
m.14620	195	3	3	1.5	2	3	0
m.14627	134	0	0	0	3	0	0
m.1463	394	7	11	12	13	9	12
m.14636	169	0	0	0	0	0	1.5
m.14672	359	3	0	3	0	0	0
m.14712	256	0	4	3	3	2	3
m.1472	277	13	15	18	21	12	25.5
m.1473	555	18	29	22.5	30	20	27
m.14730	134	2	3	3	3	3	3
m.14738	152	4	3	3	2	3	1.5
m.14739	401	5	2	6	4	4	4.5
m.14754	356	16	19	19.5	24	23	25.5
m.14756	396	8	7	7.5	8	9	7.5
m.14765	420	2	3	7.5	5	7	6
m.1478	617	0	6	4.5	3	4	3
m.14803	174	0	0	0	2	0	0
m.1487	314	0	0	0	1	0	0
m.14897	346	0	4	3	1	6	1.5
m.14910	573	3	10	9	7	15	9
m.14914	470	2	0	3	1	4	3
m.14915	293	41	64	57	41	45	19.5
m.14918	406	2	3	6	1	5	1.5
m.14921	762	0	0	1.5	1	2	0
m.14923	328	12	15	15	18	16	10.5
m.1493	232	9	14	13.5	16	15	19.5
m.14938	965	0	0	0	0	1	0
m.14946	234	2	3	3	10	9	7.5
m.14952	249	0	9	9	9	11	6
m.14956	520	0	1	0	2	2	1.5
m.14963	1061	34	55	55.5	68	54	55.5
m.14967	111	0	1	0	1	0	0
m.14972	298	3	2	0	0	3	0
m.14975	171	0	0	0	1	1	0
m.14983	218	16	20	18	21	24	21
m.14984	440	11	13	12	11	7	15
m.14994	562	4	12	4.5	5	7	10.5
m.14998	1027	5	0	1.5	0	3	3
m.14999	503	117	207	198	192	159	178.5
m.1500	101	3	0	0	0	0	0
m.15017	296	0	0	1.5	2	0	0
m.15018	456	0	0	0	1	0	1.5
m.15022	221	19	48	36	50	39	34.5
m.15026	538	4	7	3	2	5	0
m.15038	332	0	0	0	0	2	0
m.1504	136	11	11	12	6	10	7.5
m.15047	323	33	45	39	40	33	30
m.1505	423	13	10	12	16	14	15
m.15054	242	38	47	36	55	33	36
m.15058	304	0	0	0	0	1	0
m.15063	195	0	0	3	1	2	1.5
m.15067	179	17	23	18	21	23	16.5
m.15074	356	0	1	0	1	0	0
m.15079	260	31	29	30	32	34	39
m.1509	223	13	12	10.5	10	13	7.5
m.15090	1470	2	5	4.5	3	4	0
m.15096	468	5	2	12	2	9	4.5
m.15098	368	0	0	1.5	0	1	0
m.151	201	2	3	0	0	2	1.5
m.15111	545	42	76	55.5	57	57	60
m.15114	369	6	3	6	5	4	4.5
m.15118	99	6	0	3	4	5	0
m.15122	236	1	0	1.5	0	0	1.5
m.15126	176	7	2	3	3	6	0
m.15134	1205	4	6	4.5	5	6	1.5
m.15139	435	62	94	84	96	79	99
m.15141	227	25	30	30	28	36	27
m.15155	891	1	0	0	4	1	0
m.15158	259	1	6	3	4	3	3
m.15162	152	25	36	28.5	38	32	28.5
m.15166	611	2	4	1.5	5	2	0
m.15170	715	1	3	3	3	3	4.5
m.15172	116	3	0	1.5	0	1	1.5
m.15175	266	17	15	16.5	15	18	12
m.15185	362	19	47	43.5	50	33	39
m.15189	147	2	3	6	4	6	4.5
m.15196	185	0	0	0	1	0	0
m.152	115	1	7	4.5	7	4	6
m.15200	788	11	8	7.5	6	7	9
m.15204	648	40	66	63	75	52	66
m.15205	198	1	1	1.5	3	0	3
m.15213	424	0	0	1.5	2	1	1.5
m.15220	508	8	20	28.5	27	16	25.5
m.15241	654	14	11	18	12	15	4.5
m.15247	289	5	7	7.5	5	9	7.5
m.15259	327	4	6	6	8	5	6
m.1527	299	24	33	33	41	37	31.5
m.15281	346	5	4	0	1	1	0
m.15288	254	2	1	0	1	2	0
m.15290	959	4	14	4.5	8	8	9
m.153	398	3	4	4.5	2	4	1.5
m.1530	391	1	18	12	11	7	16.5
m.15303	441	0	2	0	2	3	0
m.15306	507	2	1	0	0	1	0
m.15314	289	0	0	3	0	0	4.5
m.15316	161	0	0	0	0	1	1.5
m.15323	305	12	19	12	11	19	12
m.15325	4828	4	1	0	1	3	3
m.15331	209	8	20	13.5	22	14	15
m.15345	109	0	0	0	0	1	0
m.15365	326	0	0	1.5	0	0	0
m.15370	180	18	11	24	18	21	22.5
m.15377	555	28	48	36	45	37	42
m.15388	345	2	2	3	6	4	3
m.15396	329	3	1	3	0	3	1.5
m.15400	429	13	17	16.5	15	19	15
m.15409	308	1	0	0	0	0	0
m.15418	181	3	1	10.5	0	5	6
m.15419	125	0	3	1.5	2	3	1.5
m.15426	1113	11	14	16.5	10	17	12
m.15449	425	3	6	4.5	5	6	3
m.15457	489	0	4	3	2	7	1.5
m.15462	185	6	6	6	7	7	9
m.1547	193	11	12	10.5	10	12	6
m.15471	509	3	6	7.5	4	1	7.5
m.15477	423	1	9	1.5	0	0	1.5
m.15479	147	1	3	0	0	0	0
m.15484	173	0	0	3	0	1	3
m.15491	328	2	0	1.5	0	5	3
m.15526	304	4	9	6	10	11	6
m.15530	386	5	0	4.5	10	10	16.5
m.15544	155	6	10	10.5	15	13	12
m.15555	863	0	0	7.5	0	1	0
m.15579	236	0	1	0	0	0	0
m.15586	275	23	26	18	20	25	21
m.1560	548	29	33	24	25	27	25.5
m.15618	675	0	1	1.5	0	0	3
m.1563	266	0	0	0	0	0	1.5
m.15633	448	72	81	66	111	87	100.5
m.15686	206	7	7	9	11	8	10.5
m.1569	147	0	1	1.5	1	0	0
m.15693	310	27	33	31.5	34	36	36
m.15700	399	5	2	4.5	0	7	3
m.15722	235	26	42	36	42	38	51
m.15724	695	7	6	4.5	13	7	7.5
m.1573	128	1	0	0	2	3	0
m.15750	815	5	12	12	12	7	10.5
m.15756	276	0	0	3	3	3	3
m.1576	513	21	15	21	14	19	16.5
m.15764	225	3	8	7.5	10	9	4.5
m.15779	427	0	0	0	0	2	0
m.15796	107	2	0	3	2	0	1.5
m.15797	333	0	0	1.5	0	0	0
m.15802	284	0	0	0	0	2	0
m.15803	206	3	1	6	7	7	4.5
m.1582	284	0	1	4.5	2	3	1.5
m.15822	319	0	3	0	6	0	4.5
m.1583	327	16	22	18	19	16	19.5
m.15831	119	0	0	3	0	1	1.5
m.15838	328	1	0	1.5	0	0	4.5
m.15839	183	12	13	7.5	10	15	7.5
m.15850	195	2	3	3	1	3	0
m.15857	420	6	9	9	7	8	7.5
m.15859	410	16	9	12	7	18	7.5
m.15899	456	1	6	3	1	3	1.5
m.15900	181	0	0	1.5	2	0	0
m.1592	810	2	3	4.5	6	3	3
m.15923	2429	33	39	48	26	66	18
m.15962	187	1	1	0	1	3	1.5
m.15986	209	6	3	6	6	6	6
m.1600	347	1	3	1.5	1	2	0
m.16001	119	3	0	3	1	1	0
m.16005	488	0	0	0	0	1	1.5
m.16009	808	20	26	28.5	20	29	22.5
m.16029	467	0	4	3	0	3	0
m.16036	305	5	10	9	12	11	12
m.16056	335	0	2	0	2	1	0
m.16090	446	20	33	33	26	28	22.5
m.16099	216	0	2	0	0	1	6
m.16108	243	3	1	0	3	4	1.5
m.16119	234	2	3	6	4	8	1.5
m.16132	345	3	6	6	7	4	4.5
m.16180	508	3	6	6	9	8	10.5
m.16211	276	3	3	3	2	2	1.5
m.16222	296	0	3	3	3	2	0
m.16224	295	0	2	1.5	3	4	9
m.16233	161	12	14	15	16	16	18
m.16246	388	0	6	1.5	7	6	3
m.16247	347	0	0	3	1	1	0
m.16258	131	1	4	3	0	4	0
m.16259	270	4	3	1.5	1	3	3
m.1626	326	13	14	15	16	13	19.5
m.16276	140	0	0	0	2	0	1.5
m.16281	177	9	8	9	9	13	7.5
m.16282	297	8	3	3	2	4	4.5
m.16303	320	0	1	0	0	0	0
m.16309	388	2	1	3	6	3	7.5
m.16319	224	7	8	9	9	8	6
m.16321	224	4	2	3	1	2	1.5
m.16351	226	13	11	12	15	15	16.5
m.16371	297	3	6	3	5	5	3
m.16384	119	0	2	0	2	2	1.5
m.16414	306	2	3	1.5	1	3	0
m.16423	301	0	3	1.5	5	6	3
m.16442	194	4	2	7.5	2	1	3
m.16446	276	3	0	1.5	3	4	6
m.16449	935	18	22	19.5	14	23	9
m.16465	273	7	7	6	8	11	9
m.16496	187	0	0	0	2	2	0
m.1652	495	53	67	58.5	67	56	72
m.16523	512	0	0	1.5	1	0	1.5
m.16526	293	1	0	4.5	5	4	1.5
m.16548	260	1	1	0	2	1	0
m.1655	411	9	26	13.5	21	14	15
m.16591	233	9	7	4.5	9	8	6
m.16598	409	2	3	1.5	2	0	3
m.166	168	0	4	4.5	3	3	1.5
m.16613	231	1	0	0	0	0	0
m.16618	108	0	0	1.5	0	0	0
m.16651	319	7	7	4.5	7	5	7.5
m.16692	411	16	26	16.5	26	20	21
m.16736	134	1	1	0	2	3	1.5
m.16745	191	0	6	0	1	0	0
m.1680	375	4	1	3	4	5	6
m.16813	293	0	1	1.5	0	1	0
m.16825	240	0	0	0	1	0	0
m.1685	362	3	3	3	3	7	4.5
m.16853	182	0	3	0	3	0	0
m.16859	1199	5	14	13.5	11	12	13.5
m.16863	391	0	0	0	1	2	1.5
m.16864	208	0	2	0	1	4	0
m.16877	305	0	0	0	0	1	3
m.1688	655	0	0	0	0	2	1.5
m.1689	2742	5	4	3	3	6	3
m.16901	126	0	2	1.5	0	0	0
m.16910	2217	25	34	31.5	18	48	10.5
m.16955	391	1	0	1.5	3	0	3
m.16994	221	12	10	9	11	14	12
m.16997	579	22	45	48	42	70	51
m.17002	969	4	5	4.5	2	7	3
m.17007	211	6	4	1.5	0	2	0
m.17032	119	0	0	0	0	1	1.5
m.1706	388	1	0	6	3	6	3
m.17099	205	0	5	3	2	8	4.5
m.171	2522	4	4	0	2	10	3
m.17101	439	7	11	18	11	10	19.5
m.17110	253	0	0	1.5	0	0	0
m.17128	1219	4	2	4.5	7	8	7.5
m.1714	264	2	3	6	7	5	3
m.17144	187	2	0	3	0	0	0
m.17178	533	0	2	0	0	1	3
m.17196	197	0	1	0	0	0	0
m.17237	424	2	0	0	0	1	0
m.17242	566	3	3	3	1	4	3
m.17244	319	0	1	0	1	2	1.5
m.1729	398	0	0	0	0	0	1.5
m.17297	163	1	0	0	1	0	0
m.173	389	260	364	348	414	323	351
m.17323	421	58	59	63	58	49	40.5
m.1733	1264	1	0	0	3	0	0
m.17333	372	0	0	1.5	0	0	0
m.17346	797	7	3	7.5	4	6	4.5
m.1736	553	0	1	0	0	2	0
m.17361	189	0	2	0	0	0	0
m.17363	155	0	0	1.5	0	1	0
m.17386	142	1	0	4.5	1	0	0
m.17418	331	0	1	0	0	0	0
m.17427	215	0	0	0	0	2	3
m.17435	484	30	47	40.5	41	43	31.5
m.17466	666	31	36	33	50	38	21
m.17473	414	0	1	0	0	0	1.5
m.17476	386	1	2	1.5	2	4	4.5
m.17496	405	8	8	6	10	12	12
m.17508	148	1	2	3	2	4	3
m.17509	429	9	9	9	11	10	13.5
m.17514	369	3	6	4.5	3	5	3
m.17521	185	32	48	46.5	48	49	48
m.17527	348	0	0	0	0	0	4.5
m.17547	505	19	18	18	15	20	12
m.17560	348	0	1	4.5	0	0	1.5
m.17562	293	0	0	1.5	1	2	6
m.17572	133	9	10	9	8	9	12
m.17577	207	0	0	0	2	0	0
m.17582	562	7	23	12	20	17	4.5
m.17587	233	6	6	3	4	7	4.5
m.17595	424	17	27	27	30	28	18
m.17598	232	0	0	0	0	0	1.5
m.17599	105	0	1	0	1	0	1.5
m.17609	155	1	0	0	0	0	0
m.1761	2437	6	9	12	6	30	9
m.17615	183	5	6	3	4	4	1.5
m.17619	306	0	0	1.5	5	0	3
m.17634	303	0	0	3	1	2	0
m.17642	405	8	10	13.5	16	12	15
m.17646	144	0	1	3	3	1	3
m.17653	215	8	12	12	7	12	7.5
m.17655	964	3	11	3	4	6	0
m.17662	137	2	3	3	3	5	3
m.17663	669	0	0	0	0	0	1.5
m.17682	122	2	2	1.5	0	1	3
m.17683	465	3	3	7.5	0	4	0
m.17686	418	8	15	3	7	1	0
m.17688	106	0	0	0	0	0	1.5
m.17700	509	1	0	3	1	1	3
m.17718	670	13	26	19.5	43	38	25.5
m.17739	255	23	27	39	25	33	28.5
m.17758	659	3	3	0	2	4	0
m.17769	574	0	6	6	8	5	6
m.17776	322	6	4	1.5	4	8	6
m.17784	409	1	3	0	2	1	3
m.17789	102	0	2	0	1	0	0
m.17794	846	37	42	54	68	54	45
m.17804	580	21	42	31.5	51	32	36
m.17812	263	1	1	0	1	3	3
m.17821	322	63	85	84	86	73	70.5
m.17836	548	1	0	0	0	1	0
m.17857	135	5	1	4.5	3	5	0
m.17859	221	3	6	1.5	1	3	1.5
m.17885	208	10	10	7.5	10	13	7.5
m.17895	500	9	12	12	13	14	18
m.17897	385	3	8	1.5	5	6	4.5
m.17910	625	1	3	6	4	4	0
m.1793	310	2	4	3	5	4	4.5
m.17930	292	3	0	1.5	3	4	0
m.17939	224	1	1	0	2	1	0
m.1796	557	19	34	28.5	36	32	34.5
m.17967	175	4	4	6	5	5	4.5
m.17970	233	1	5	3	8	6	1.5
m.17977	658	0	1	0	1	0	1.5
m.17984	639	18	23	22.5	22	19	19.5
m.17992	724	20	35	37.5	29	30	28.5
m.18001	225	3	0	7.5	0	2	0
m.18002	175	3	2	0	3	1	1.5
m.18003	350	0	0	0	0	1	0
m.18008	238	0	1	1.5	3	1	0
m.18009	870	1	1	0	1	1	0
m.1802	545	1	1	4.5	3	2	0
m.18040	327	19	19	18	23	24	18
m.18048	376	20	27	24	33	22	33
m.1806	594	1	3	1.5	5	5	0
m.18060	194	0	2	1.5	5	3	3
m.18062	181	7	11	15	14	11	18
m.18064	292	2	0	1.5	0	2	0
m.18070	421	7	4	7.5	3	4	6
m.1809	261	2	1	0	0	0	1.5
m.18090	289	2	2	1.5	3	3	1.5
m.1811	272	18	18	10.5	15	15	18
m.18144	177	0	2	6	5	2	7.5
m.18155	470	23	18	13.5	20	21	15
m.1816	454	3	7	0	1	4	0
m.18174	206	0	2	0	0	1	0
m.18183	178	0	0	1.5	1	0	1.5
m.18203	117	3	0	0	0	0	0
m.18216	767	0	3	0	10	8	1.5
m.18230	315	1	3	0	0	0	0
m.18280	786	8	13	10.5	5	9	0
m.18288	378	3	10	4.5	12	8	10.5
m.18294	121	0	0	0	3	2	1.5
m.18326	402	0	0	0	0	1	0
m.18336	196	7	8	9	10	4	3
m.1834	596	18	20	21	18	20	31.5
m.18355	140	1	0	0	1	1	1.5
m.18362	249	3	11	16.5	22	14	18
m.18366	538	18	24	22.5	20	22	13.5
m.18370	247	2	4	1.5	1	2	1.5
m.18373	191	7	0	9	4	1	1.5
m.18387	243	7	7	10.5	0	8	1.5
m.1839	150	6	3	0	0	0	4.5
m.184	376	260	356	327	422	328	345
m.18406	213	5	2	7.5	8	6	4.5
m.18408	135	0	1	0	1	1	0
m.18439	485	0	2	1.5	1	0	0
m.1846	234	0	2	0	2	1	4.5
m.18462	162	3	2	0	1	3	1.5
m.18470	326	13	21	12	16	10	15
m.18491	290	1	3	0	3	2	3
m.18493	251	0	0	1.5	0	0	1.5
m.1850	391	2	5	4.5	2	4	1.5
m.18511	317	0	0	0	1	0	0
m.18531	393	0	1	1.5	1	3	4.5
m.18543	325	2	0	0	0	0	0
m.18550	321	9	9	9	9	8	6
m.18553	252	7	11	7.5	9	5	10.5
m.18556	357	30	26	28.5	24	25	22.5
m.18584	365	3	1	1.5	1	3	1.5
m.18619	214	0	0	0	1	3	1.5
m.1862	270	0	0	1.5	1	1	6
m.1866	1135	8	11	13.5	15	11	21
m.18667	123	1	1	0	0	3	0
m.18729	206	0	0	0	0	0	4.5
m.1874	125	0	0	1.5	0	0	0
m.18748	201	15	13	12	14	16	15
m.18767	961	11	8	4.5	8	15	3
m.1881	292	23	49	43.5	51	30	70.5
m.18818	131	1	0	1.5	3	0	3
m.18819	1444	57	75	73.5	70	86	72
m.18825	839	63	70	73.5	81	62	63
m.18834	354	8	6	7.5	7	11	4.5
m.1884	645	8	6	3	5	12	6
m.18862	137	6	0	3	9	8	10.5
m.1889	383	0	0	3	1	4	0
m.18898	207	21	22	18	18	24	18
m.18909	204	0	3	0	2	0	1.5
m.18940	324	0	2	0	0	2	0
m.18969	102	0	5	7.5	5	6	3
m.1897	265	5	4	4.5	6	4	15
m.18995	284	0	0	0	0	0	3
m.18998	315	0	0	0	1	2	0
m.190	135	1	1	1.5	0	2	0
m.19020	385	0	0	0	2	0	0
m.1903	378	8	7	7.5	10	9	12
m.19033	252	44	58	51	55	55	45
m.19068	541	0	0	1.5	0	0	0
m.19079	424	1	2	3	4	5	0
m.19080	266	3	3	1.5	0	2	4.5
m.19105	387	0	1	0	2	0	1.5
m.19106	321	1	1	1.5	2	5	1.5
m.1911	462	2	0	0	0	2	1.5
m.19148	194	0	0	0	0	1	1.5
m.19151	186	7	23	16.5	19	17	15
m.19166	267	0	0	1.5	2	2	0
m.19195	126	3	4	4.5	6	4	4.5
m.19225	469	14	19	9	13	10	7.5
m.19242	719	25	12	19.5	25	28	16.5
m.1925	184	0	0	0	0	0	1.5
m.19271	554	0	0	1.5	1	2	0
m.19281	105	0	1	0	0	2	0
m.1931	256	0	0	0	0	1	0
m.1936	223	7	7	3	5	4	1.5
m.19360	173	10	10	7.5	14	10	15
m.19365	277	13	11	15	14	18	15
m.19391	189	0	1	1.5	0	0	1.5
m.19416	143	7	8	12	20	11	12
m.19419	213	0	0	0	0	1	0
m.19423	152	2	4	1.5	4	0	4.5
m.19446	282	6	3	6	6	10	4.5
m.19454	152	5	6	7.5	5	5	6
m.19455	354	1	0	0	0	0	1.5
m.19460	144	16	14	12	17	16	15
m.19461	242	0	0	0	2	0	1.5
m.19463	429	0	0	0	1	0	0
m.19469	629	1	1	3	3	1	1.5
m.19483	336	5	1	0	0	3	1.5
m.19487	501	5	7	7.5	4	5	3
m.19494	241	4	5	3	2	4	3
m.19495	508	26	22	25.5	28	25	15
m.19496	684	2	0	3	0	0	1.5
m.195	212	0	1	4.5	1	2	0
m.1950	311	9	11	10.5	5	11	9
m.19503	183	1	0	1.5	3	3	3
m.19510	516	39	38	43.5	32	45	39
m.19514	1648	13	6	6	10	12	6
m.19531	314	0	0	0	0	1	0
m.19534	303	2	0	0	0	0	0
m.19535	181	3	0	3	2	2	3
m.19543	104	0	3	3	3	0	1.5
m.19558	268	3	5	9	8	3	6
m.19561	251	6	5	0	0	3	0
m.19580	222	0	2	0	1	0	3
m.19587	374	0	0	0	0	1	0
m.19593	255	1	0	0	0	0	0
m.19597	531	28	33	28.5	25	28	22.5
m.19598	1537	4	3	4.5	3	5	3
m.196	258	6	9	13.5	7	6	6
m.19610	677	9	12	12	5	10	4.5
m.19621	362	3	13	16.5	0	0	12
m.19647	482	3	3	3	1	3	0
m.19657	547	5	4	6	7	5	4.5
m.19661	333	26	24	24	29	27	25.5
m.19674	317	15	15	21	12	16	13.5
m.19685	242	2	8	4.5	4	6	0
m.19688	311	0	2	0	2	2	1.5
m.19695	105	0	0	0	0	0	1.5
m.19700	101	4	1	3	1	1	3
m.19704	127	2	5	6	7	5	0
m.19708	361	9	16	9	22	14	16.5
m.19722	109	4	3	1.5	0	0	0
m.19726	448	0	2	3	0	1	1.5
m.1973	357	0	0	0	0	0	1.5
m.19748	107	1	1	0	0	0	0
m.19751	156	0	0	0	1	2	0
m.19764	354	9	13	13.5	14	10	13.5
m.19768	178	4	7	4.5	7	4	7.5
m.19801	196	0	0	1.5	0	0	1.5
m.19802	135	0	0	0	0	0	1.5
m.19805	110	13	11	13.5	14	14	15
m.19807	203	0	0	0	0	0	3
m.1983	176	0	0	0	1	0	0
m.19866	117	0	3	1.5	1	1	0
m.19870	153	5	0	1.5	3	3	1.5
m.19899	782	8	4	10.5	7	5	0
m.19914	123	0	2	1.5	3	2	1.5
m.19922	158	0	0	1.5	0	1	1.5
m.19923	914	0	2	1.5	0	1	0
m.19927	386	2	10	6	6	6	3
m.19936	369	0	0	1.5	0	3	0
m.19949	302	0	1	1.5	2	4	3
m.1996	868	30	35	22.5	19	38	15
m.19966	302	17	21	16.5	22	10	21
m.19978	746	12	13	12	13	11	10.5
m.19983	183	8	7	7.5	8	8	10.5
m.19991	861	33	21	39	13	23	37.5
m.19993	588	4	2	3	7	9	4.5
m.2	157	14	11	12	17	16	13.5
m.20	400	0	0	0	1	0	0
m.200	1142	63	65	69	68	68	63
m.20009	465	0	0	0	1	2	0
m.20013	565	19	32	33	27	30	24
m.20041	230	28	46	48	56	51	51
m.20062	124	6	0	7.5	8	3	0
m.20081	531	2	8	6	11	5	9
m.2011	367	1	0	0	0	4	1.5
m.20145	264	2	1	1.5	0	2	0
m.20155	114	0	1	0	0	0	0
m.20175	165	4	4	3	8	9	6
m.202	101	4	3	6	5	3	4.5
m.2022	539	3	8	9	7	18	9
m.20248	122	0	0	1.5	1	3	6
m.20249	222	1	0	0	1	0	0
m.20253	281	8	4	6	6	7	3
m.20256	148	1	0	0	1	1	0
m.2026	290	0	2	0	0	0	0
m.20279	200	0	1	0	1	0	0
m.2030	436	1	11	0	5	4	6
m.20317	123	1	3	4.5	2	5	1.5
m.2032	373	11	8	21	16	20	21
m.20374	285	12	11	13.5	11	15	1.5
m.20468	481	0	1	1.5	0	1	0
m.20487	290	2	0	1.5	4	2	0
m.2050	233	0	8	3	4	6	7.5
m.20506	179	6	7	4.5	7	6	4.5
m.20509	361	4	8	6	5	6	3
m.20530	217	0	0	0	0	1	0
m.20599	102	0	0	0	1	1	4.5
m.20617	373	1	2	6	3	2	3
m.20656	236	14	2	7.5	3	5	9
m.2066	222	0	0	0	1	1	0
m.20660	110	0	0	0	0	1	0
m.2067	217	0	12	6	13	2	6
m.20683	314	1	0	0	0	2	1.5
m.20684	130	0	0	3	0	1	3
m.207	457	1	2	3	0	2	3
m.20764	128	0	0	0	0	0	1.5
m.20784	421	0	1	1.5	0	0	0
m.20818	279	5	0	4.5	1	1	0
m.20823	136	2	3	1.5	1	3	0
m.20828	231	3	3	4.5	3	7	3
m.2085	249	2	0	0	0	0	0
m.20898	435	8	15	9	8	17	12
m.20912	285	0	1	0	1	1	1.5
m.20916	317	15	23	19.5	26	24	22.5
m.20918	315	5	9	4.5	11	6	7.5
m.20924	380	9	10	7.5	13	6	9
m.20930	647	67	102	91.5	114	104	94.5
m.20941	628	13	21	18	16	14	15
m.20945	770	10	8	7.5	8	14	6
m.20950	164	1	0	0	0	2	0
m.20951	166	0	0	0	0	3	0
m.20957	639	33	29	37.5	27	32	33
m.20959	229	15	25	13.5	26	18	7.5
m.20967	304	3	6	3	4	1	0
m.20978	138	13	13	10.5	15	12	13.5
m.20979	350	0	3	3	3	3	0
m.20992	502	2	1	3	3	1	0
m.21	461	47	80	87	77	65	94.5
m.21000	372	10	16	16.5	13	14	10.5
m.21001	182	0	0	0	0	1	1.5
m.21002	259	2	2	7.5	0	5	1.5
m.21013	777	0	0	0	0	1	3
m.21018	369	3	3	7.5	4	3	3
m.21023	149	3	3	3	1	3	1.5
m.21024	188	4	3	3	6	5	3
m.21046	141	3	3	3	3	4	6
m.21047	294	7	9	9	9	14	9
m.21052	665	1	4	3	1	4	1.5
m.2107	529	16	15	19.5	23	18	21
m.21074	449	3	3	3	3	4	0
m.21131	238	0	1	3	0	3	0
m.21152	377	8	7	10.5	4	9	6
m.21153	225	3	6	6	7	7	7.5
m.21167	266	1	0	0	0	0	0
m.21179	265	20	25	19.5	28	21	27
m.21180	384	2	1	1.5	4	2	0
m.212	347	4	5	7.5	4	6	6
m.21217	277	2	1	1.5	1	2	1.5
m.21223	127	1	2	4.5	3	5	4.5
m.21227	279	3	1	3	1	0	3
m.21267	565	1	0	1.5	3	2	0
m.21268	784	3	10	9	0	8	6
m.21281	322	0	2	0	0	3	0
m.21313	552	10	19	18	18	25	21
m.21346	340	11	9	10.5	8	9	9
m.2136	361	0	4	1.5	1	0	1.5
m.21375	111	0	2	3	3	3	3
m.21376	204	3	2	3	0	4	0
m.21379	246	18	26	21	25	20	19.5
m.21388	376	2	0	0	0	3	0
m.21390	125	21	24	22.5	28	19	25.5
m.21416	355	2	3	3	2	2	1.5
m.21438	701	17	21	18	17	23	12
m.21445	216	0	1	0	0	1	0
m.21457	115	3	12	10.5	13	8	13.5
m.2146	314	0	2	3	3	4	1.5
m.2147	314	5	8	4.5	7	6	10.5
m.21474	364	3	2	3	1	5	0
m.21495	148	0	2	1.5	2	2	3
m.215	195	21	29	24	23	22	22.5
m.2150	326	8	7	9	6	7	10.5
m.21521	685	0	0	1.5	0	2	0
m.21525	176	3	3	0	0	1	0
m.21529	322	0	1	1.5	1	2	3
m.21538	175	5	9	3	7	4	4.5
m.21583	404	0	0	0	0	0	1.5
m.21596	525	19	5	16.5	12	16	15
m.2164	240	3	4	3	3	3	3
m.21665	130	4	1	1.5	5	5	1.5
m.21674	280	6	4	3	3	4	3
m.21683	274	0	0	0	1	1	0
m.21690	240	3	8	4.5	7	6	4.5
m.21691	163	0	0	0	0	0	1.5
m.217	121	21	19	7.5	32	18	16.5
m.21702	178	3	2	3	2	2	3
m.2171	309	5	6	3	3	4	3
m.21710	219	0	0	1.5	3	4	0
m.21736	444	5	6	1.5	6	0	9
m.21772	262	6	6	3	0	2	7.5
m.21798	281	8	7	9	4	8	3
m.218	310	30	33	34.5	37	35	36
m.21819	1189	0	9	3	3	6	1.5
m.21828	279	1	0	1.5	0	1	1.5
m.21832	170	1	0	0	0	0	0
m.21842	395	21	28	45	26	28	24
m.2185	737	6	7	4.5	3	5	0
m.21863	436	1	1	0	0	4	1.5
m.21864	258	1	3	0	1	2	0
m.21876	142	2	4	4.5	4	6	4.5
m.21911	295	0	0	0	4	5	7.5
m.21939	120	0	3	3	2	3	3
m.21993	204	0	1	1.5	0	0	0
m.22064	312	2	0	1.5	0	0	3
m.22085	331	4	10	9	6	9	7.5
m.2212	675	3	3	9	7	6	1.5
m.22122	295	0	0	0	1	1	0
m.22127	173	1	0	0	3	3	3
m.22180	238	0	0	0	3	5	0
m.22205	653	7	5	3	11	21	4.5
m.22210	207	2	12	0	4	0	9
m.2223	305	1	0	0	0	0	0
m.22271	234	1	3	1.5	3	3	4.5
m.22274	438	10	9	10.5	11	13	9
m.22282	310	12	20	18	16	7	18
m.2229	343	7	1	3	1	4	4.5
m.22295	361	0	0	3	2	0	0
m.223	287	0	1	4.5	0	5	1.5
m.22300	797	0	3	3	1	2	0
m.22305	311	1	2	1.5	1	1	1.5
m.22307	275	3	3	4.5	3	8	9
m.22336	329	0	2	0	0	0	3
m.22339	1615	2	1	0	3	4	0
m.22354	142	0	0	1.5	2	2	1.5
m.22358	156	4	0	6	2	2	3
m.22365	587	6	11	9	4	15	6
m.22377	200	3	3	3	3	4	1.5
m.22382	236	1	1	1.5	0	1	0
m.22392	222	12	12	12	18	14	15
m.22394	559	17	21	12	13	14	13.5
m.22405	246	7	5	6	10	5	9
m.2241	107	3	4	3	4	4	4.5
m.22412	708	9	2	1.5	10	7	4.5
m.22424	314	4	4	4.5	7	5	10.5
m.22426	144	3	4	1.5	3	3	0
m.22427	401	3	6	4.5	5	5	6
m.22434	265	4	3	3	3	2	1.5
m.2244	1940	2	4	4.5	9	5	3
m.22444	205	0	0	0	2	0	1.5
m.22447	261	0	11	3	5	6	1.5
m.22448	329	3	3	3	3	3	3
m.22449	384	5	4	6	4	6	6
m.22509	381	0	0	1.5	0	0	0
m.22510	131	0	1	0	0	4	0
m.22518	514	18	17	19.5	20	14	18
m.22535	540	0	0	0	0	1	0
m.22539	256	8	8	4.5	4	7	7.5
m.22541	115	0	0	0	1	1	3
m.22542	615	99	144	121.5	199	121	192
m.22547	139	0	0	0	3	0	4.5
m.22551	320	4	1	1.5	1	2	0
m.22556	121	0	0	1.5	2	3	0
m.22580	202	3	2	4.5	7	6	4.5
m.22589	501	0	1	1.5	1	0	0
m.22619	255	3	0	0	2	1	0
m.22671	529	1	2	3	1	3	3
m.22676	166	2	3	0	3	1	6
m.22685	890	0	2	0	0	0	0
m.2269	469	0	2	0	2	3	0
m.22691	209	1	0	3	1	2	0
m.227	359	3	6	7.5	6	5	9
m.22707	617	0	3	0	0	0	0
m.22737	450	2	1	1.5	1	3	1.5
m.22746	109	1	1	0	3	3	0
m.22755	303	0	0	0	0	1	0
m.2278	237	0	0	0	2	2	0
m.22782	553	7	14	10.5	13	11	7.5
m.22784	250	0	2	0	1	3	1.5
m.22792	194	0	0	1.5	0	0	1.5
m.22799	396	0	0	0	0	1	0
m.22806	335	0	0	0	3	0	0
m.22810	245	6	13	7.5	9	8	12
m.22850	470	2	4	4.5	8	7	6
m.22904	580	11	19	18	18	18	19.5
m.22921	1220	6	6	3	5	10	4.5
m.22925	162	0	1	0	2	1	3
m.22934	136	3	1	1.5	3	6	1.5
m.22940	466	22	22	30	21	28	19.5
m.22944	994	57	81	69	87	85	64.5
m.22952	530	9	6	9	17	7	15
m.22956	201	1	1	1.5	2	0	0
m.22958	120	0	0	1.5	0	0	1.5
m.22977	195	0	0	0	0	1	0
m.230	211	24	21	24	30	23	25.5
m.23013	106	2	0	0	3	1	1.5
m.23037	263	11	13	7.5	11	6	15
m.23042	858	9	7	10.5	11	12	4.5
m.23072	302	6	7	7.5	4	6	6
m.23079	454	1	3	3	0	4	0
m.2309	217	3	2	1.5	2	5	0
m.23103	397	5	6	3	3	3	3
m.23110	258	5	9	7.5	9	7	4.5
m.23144	148	0	1	0	0	0	0
m.23145	569	0	0	1.5	3	2	0
m.23157	316	3	3	3	5	3	3
m.2316	597	0	2	0	1	2	0
m.2317	307	2	3	6	4	6	3
m.23172	335	2	3	3	0	1	1.5
m.232	1282	10	9	9	11	12	15
m.23218	266	0	0	0	1	1	0
m.23233	725	8	15	10.5	15	16	10.5
m.23247	172	12	11	9	10	15	7.5
m.2327	164	2	3	1.5	4	2	0
m.23275	219	7	9	7.5	5	8	6
m.23328	172	2	3	1.5	2	3	1.5
m.23347	148	0	3	0	0	2	0
m.23354	104	0	0	0	0	0	1.5
m.23358	103	6	0	3	0	1	0
m.23371	196	16	13	16.5	12	16	10.5
m.23377	644	0	0	3	1	3	3
m.23397	127	8	7	3	13	11	13.5
m.23436	547	0	0	0	0	0	3
m.23454	187	30	27	24	47	38	33
m.23459	176	1	0	0	1	2	0
m.2353	1773	4	12	13.5	4	12	7.5
m.23575	291	14	18	15	13	17	18
m.23588	389	0	1	0	2	2	0
m.23594	226	0	1	0	0	1	0
m.23599	895	112	189	153	157	147	118.5
m.2360	1533	14	9	13.5	6	8	6
m.23602	166	10	11	15	10	9	12
m.23607	647	10	27	27	22	26	27
m.23611	241	13	29	27	23	22	19.5
m.23613	106	5	5	4.5	8	5	3
m.23617	128	2	1	1.5	2	3	1.5
m.23626	176	0	5	0	1	3	0
m.23629	351	9	9	9	8	13	7.5
m.23632	169	3	3	3	5	4	10.5
m.23641	168	0	2	3	3	2	3
m.23661	550	5	5	6	7	3	3
m.23671	219	4	5	4.5	9	7	1.5
m.23676	166	2	0	1.5	0	0	1.5
m.23685	446	46	89	51	69	52	45
m.23696	547	3	0	0	0	2	0
m.23699	552	8	29	30	43	22	54
m.23716	147	4	10	10.5	10	9	10.5
m.23728	760	0	1	3	0	2	0
m.23737	412	18	27	18	20	18	18
m.23776	270	0	6	3	3	7	3
m.23795	157	0	0	0	2	0	1.5
m.23801	309	0	0	0	0	0	4.5
m.23814	289	5	5	7.5	4	6	7.5
m.23817	738	0	2	4.5	3	9	7.5
m.23821	306	54	52	46.5	51	51	48
m.23824	188	9	18	12	15	10	12
m.23859	213	0	1	1.5	5	5	7.5
m.23867	427	4	3	3	5	8	3
m.23871	448	0	1	1.5	0	3	0
m.23900	193	3	0	0	1	0	1.5
m.23918	356	2	3	1.5	1	3	1.5
m.23926	521	2	4	6	4	4	3
m.23962	496	0	2	3	6	1	6
m.23963	466	0	1	0	0	2	0
m.2398	398	2	1	0	0	1	0
m.23996	320	0	0	0	0	1	0
m.23997	257	5	5	4.5	5	3	1.5
m.24011	345	13	16	13.5	11	13	12
m.24013	131	0	0	0	0	0	6
m.24029	442	5	14	9	7	7	10.5
m.24046	310	0	1	1.5	0	2	0
m.24081	202	9	8	4.5	10	8	12
m.24092	176	2	0	3	0	1	0
m.24113	335	0	1	1.5	2	2	0
m.2412	527	4	6	3	3	8	1.5
m.24125	101	0	1	0	2	1	0
m.2413	303	0	0	1.5	0	0	0
m.24130	123	0	0	0	1	0	1.5
m.24137	338	1	7	3	1	5	1.5
m.24143	156	6	3	3	1	3	4.5
m.24161	162	1	0	0	1	0	1.5
m.24170	270	2	0	1.5	0	2	0
m.24183	283	3	2	1.5	1	1	0
m.24205	912	0	3	3	2	4	0
m.24213	244	0	0	3	0	0	0
m.24219	687	7	14	10.5	9	14	13.5
m.24224	138	0	0	1.5	1	1	0
m.2423	566	1	0	4.5	0	0	0
m.24247	254	0	1	3	1	2	0
m.2425	858	0	1	1.5	0	5	0
m.24250	139	2	0	0	0	2	0
m.24266	335	0	2	0	1	1	1.5
m.24290	586	0	2	0	1	2	0
m.24308	388	2	4	3	5	7	4.5
m.24310	205	2	2	1.5	0	4	0
m.24316	262	0	3	4.5	3	7	3
m.2433	832	0	0	1.5	1	7	0
m.24351	185	2	1	0	1	0	1.5
m.24356	255	1	0	0	2	2	0
m.2438	9514	9	5	22.5	4	15	42
m.24423	342	10	6	12	11	7	9
m.24451	280	0	0	3	0	2	1.5
m.24493	298	2	6	3	1	5	1.5
m.24508	120	0	0	1.5	0	0	0
m.24565	525	0	0	0	0	1	0
m.24569	99	6	6	6	8	6	3
m.24620	241	17	6	1.5	9	6	7.5
m.24660	142	0	0	0	0	0	1.5
m.247	406	3	1	0	1	4	1.5
m.24722	174	3	6	4.5	8	3	6
m.24851	900	32	39	37.5	38	38	39
m.24916	265	1	0	0	0	1	0
m.24926	333	5	7	21	6	10	18
m.24931	171	0	0	3	1	3	0
m.24936	844	2	6	1.5	5	3	3
m.24947	295	6	12	13.5	9	11	7.5
m.24948	811	2	2	7.5	1	7	1.5
m.2495	336	0	1	0	0	2	1.5
m.24952	767	1	2	1.5	1	3	0
m.24964	992	8	12	15	11	17	25.5
m.24975	251	12	13	12	12	12	9
m.24983	433	4	2	1.5	3	1	1.5
m.2503	175	0	3	4.5	0	0	3
m.25041	188	8	10	4.5	3	8	7.5
m.25047	221	11	17	10.5	14	14	12
m.25058	226	0	2	0	2	3	0
m.251	263	0	0	0	0	0	3
m.25100	471	0	1	1.5	1	2	4.5
m.25115	481	1	1	0	1	0	0
m.25121	520	1	4	4.5	4	1	0
m.25139	549	19	25	21	18	20	13.5
m.25151	247	1	1	0	4	1	0
m.25153	155	0	0	0	0	7	0
m.25161	139	0	0	0	0	0	1.5
m.25176	115	3	6	6	7	7	7.5
m.25190	620	0	0	3	0	0	0
m.25195	896	5	1	4.5	3	10	0
m.2520	559	1	5	0	11	4	7.5
m.25213	140	0	0	0	0	0	1.5
m.25217	316	5	0	1.5	1	0	0
m.25218	280	6	9	10.5	8	5	6
m.25244	393	2	7	7.5	9	4	13.5
m.25258	278	7	14	13.5	11	7	9
m.25260	257	5	4	6	6	7	4.5
m.25270	173	1	1	3	0	1	0
m.25292	283	4	5	3	3	3	3
m.2531	239	9	14	18	20	18	16.5
m.25311	287	1	0	0	1	3	3
m.25325	239	4	7	7.5	9	8	4.5
m.25327	306	0	4	3	1	3	1.5
m.25376	167	3	3	4.5	2	3	4.5
m.2539	1354	8	16	15	20	17	7.5
m.25392	246	0	1	0	0	0	0
m.25409	132	3	2	3	2	4	1.5
m.25410	350	12	19	21	21	21	22.5
m.2542	649	12	23	27	28	28	34.5
m.25428	275	0	0	0	0	1	0
m.25435	194	2	5	3	3	3	4.5
m.25446	279	0	1	0	0	0	0
m.255	815	4	13	12	13	13	6
m.25538	553	3	4	3	2	3	1.5
m.25546	453	13	20	19.5	19	19	15
m.25552	512	3	2	0	1	5	0
m.2558	405	2	0	4.5	0	3	0
m.25638	115	0	5	3	6	3	6
m.25678	189	11	15	18	13	20	16.5
m.25694	384	1	0	1.5	1	1	1.5
m.25703	334	4	2	0	3	4	1.5
m.2571	802	0	0	0	1	1	0
m.25715	184	0	0	0	1	0	0
m.25727	713	0	0	1.5	0	0	1.5
m.25744	213	8	9	6	7	7	7.5
m.25761	371	0	1	1.5	0	2	0
m.25763	303	2	1	4.5	5	4	1.5
m.25784	125	2	0	0	0	0	0
m.25801	239	34	36	28.5	53	40	34.5
m.25802	790	0	0	0	0	0	1.5
m.25826	146	12	11	12	12	12	12
m.25835	116	9	13	7.5	8	10	7.5
m.25869	277	6	3	6	5	6	3
m.25878	131	0	3	1.5	0	5	3
m.259	296	2	0	1.5	0	3	0
m.25912	450	0	1	0	2	2	0
m.25920	229	1	0	0	1	1	0
m.2593	497	1	1	3	0	0	1.5
m.25982	154	1	1	3	3	3	3
m.25985	421	36	37	37.5	50	42	42
m.2600	343	8	0	9	2	4	10.5
m.26006	448	67	93	87	105	87	132
m.26013	535	6	3	9	3	4	1.5
m.26030	262	5	4	1.5	4	5	10.5
m.26049	373	2	3	3	1	1	6
m.26080	182	7	8	4.5	4	7	4.5
m.26081	187	13	7	7.5	6	8	7.5
m.26093	209	6	8	3	4	8	4.5
m.26096	232	1	3	4.5	5	3	3
m.2611	732	15	18	15	21	26	4.5
m.26116	135	3	5	1.5	2	3	1.5
m.26118	200	0	0	0	0	0	1.5
m.26130	154	5	0	4.5	3	3	0
m.26158	399	1	6	9	7	8	6
m.26179	500	2	5	1.5	4	5	7.5
m.26224	229	8	5	6	8	3	3
m.26235	513	0	3	0	1	0	1.5
m.26243	545	4	4	4.5	3	4	6
m.26261	222	4	0	4.5	1	4	4.5
m.26278	149	6	9	7.5	6	7	4.5
m.26292	190	0	1	0	1	2	3
m.26295	159	1	1	0	1	0	0
m.26296	112	3	1	0	0	3	3
m.26302	181	0	12	10.5	9	4	13.5
m.2633	542	0	0	0	0	2	1.5
m.26336	389	16	6	10.5	15	10	9
m.26339	197	11	10	6	10	7	6
m.26379	171	3	7	7.5	8	4	9
m.26381	192	4	2	4.5	1	4	1.5
m.26392	100	0	3	1.5	3	3	3
m.26409	122	7	5	7.5	11	9	7.5
m.26425	183	0	0	0	1	0	1.5
m.26428	129	0	0	0	2	2	0
m.26433	413	3	3	1.5	2	6	1.5
m.26466	184	6	3	7.5	3	6	9
m.26467	454	0	3	1.5	7	3	1.5
m.26519	179	0	0	0	0	0	1.5
m.26522	211	15	8	9	9	11	9
m.2655	450	10	24	19.5	25	17	13.5
m.26602	100	0	0	0	1	0	1.5
m.2661	154	1	0	1.5	1	0	3
m.26616	1020	1	0	1.5	0	2	0
m.26618	221	0	0	3	0	1	0
m.26680	176	5	2	1.5	1	4	0
m.26683	335	1	2	3	1	4	3
m.26704	140	2	3	0	1	3	0
m.26709	377	0	0	1.5	1	1	1.5
m.26727	287	2	6	0	6	3	3
m.26748	214	3	2	1.5	3	2	3
m.26751	180	4	10	1.5	7	4	9
m.26781	114	0	0	0	0	0	6
m.26788	760	13	18	19.5	13	20	9
m.26880	126	11	20	25.5	28	17	21
m.26896	558	0	0	0	0	1	0
m.26905	195	0	0	0	0	1	0
m.26906	143	5	6	12	3	7	4.5
m.26907	311	4	12	10.5	11	11	4.5
m.26926	313	0	8	6	1	7	1.5
m.26932	113	1	0	0	0	1	0
m.26933	140	9	5	6	10	5	3
m.26935	282	1	0	0	0	3	0
m.26940	335	3	21	10.5	19	10	12
m.26941	195	0	0	0	0	0	1.5
m.26952	376	77	97	105	107	97	96
m.26956	495	33	40	36	33	45	34.5
m.26981	281	7	13	7.5	4	10	4.5
m.2705	268	28	30	28.5	34	38	40.5
m.27078	180	0	17	18	9	20	13.5
m.27080	181	5	4	3	3	4	4.5
m.27104	291	0	0	0	1	1	1.5
m.27110	419	1	3	6	2	5	0
m.27111	329	0	1	0	2	0	1.5
m.27117	475	17	18	18	6	25	6
m.27125	414	2	0	0	0	0	0
m.2713	305	2	0	1.5	0	1	0
m.27134	171	1	1	1.5	4	9	0
m.2715	610	21	14	27	35	14	39
m.27183	206	2	3	3	0	0	0
m.2719	951	3	1	3	0	2	1.5
m.27220	121	0	0	0	1	0	0
m.2723	969	0	0	1.5	1	0	0
m.27234	308	44	57	43.5	53	57	51
m.27245	439	0	1	1.5	0	2	1.5
m.27343	272	4	4	7.5	5	6	7.5
m.2736	403	1	3	0	3	0	0
m.2737	226	0	4	3	1	5	3
m.27407	217	0	6	6	5	7	3
m.2744	660	2	0	0	0	2	0
m.27472	139	10	6	6	10	4	6
m.27474	600	0	2	0	1	1	0
m.27519	235	0	0	1.5	1	1	0
m.2752	168	28	24	19.5	26	19	22.5
m.2758	817	5	0	3	0	2	4.5
m.27586	330	5	8	12	8	13	7.5
m.27591	172	4	0	0	2	0	3
m.27600	192	5	1	4.5	1	5	1.5
m.27603	105	2	2	3	3	3	1.5
m.27605	263	4	2	0	4	3	6
m.27606	280	0	1	0	0	0	0
m.27613	234	11	7	7.5	9	16	9
m.27614	142	4	12	7.5	12	12	16.5
m.27625	216	0	1	1.5	0	0	0
m.27628	467	0	2	3	3	1	0
m.27646	180	5	4	6	8	6	4.5
m.2765	1329	2	1	0	0	4	1.5
m.27658	363	1	0	1.5	1	3	0
m.27664	165	1	5	7.5	6	3	10.5
m.27687	497	9	9	9	4	14	7.5
m.27691	423	0	0	1.5	3	6	1.5
m.27700	104	8	17	15	15	13	15
m.27731	112	4	3	3	5	3	3
m.27736	105	1	2	0	2	1	0
m.27757	157	17	6	7.5	10	6	12
m.27772	428	0	0	3	0	0	4.5
m.27778	204	4	7	7.5	10	9	4.5
m.2778	160	3	2	0	0	0	0
m.27791	585	9	27	25.5	32	17	28.5
m.278	253	202	254	244.5	303	254	256.5
m.27802	451	4	2	7.5	0	6	0
m.27813	362	9	8	7.5	8	10	7.5
m.27819	169	1	1	1.5	1	3	3
m.27822	350	3	1	3	0	3	1.5
m.27879	255	0	0	0	1	0	0
m.27902	108	3	2	3	0	2	0
m.2792	427	4	40	0	11	22	15
m.2794	658	49	101	72	85	60	78
m.27948	285	0	0	0	0	0	1.5
m.27954	454	1	1	0	2	1	1.5
m.27979	288	3	3	0	2	3	0
m.27998	400	18	17	9	12	23	4.5
m.2800	281	0	0	0	0	2	1.5
m.28013	833	12	13	9	11	12	7.5
m.28035	226	0	1	0	0	1	1.5
m.28068	132	8	8	7.5	15	7	6
m.28097	108	3	3	3	2	3	3
m.2811	300	0	0	0	0	1	0
m.28137	274	11	12	9	13	19	10.5
m.28144	117	6	3	1.5	3	4	4.5
m.28151	99	0	0	0	2	1	0
m.28154	158	4	15	4.5	12	5	4.5
m.28159	179	3	2	3	3	2	1.5
m.2821	497	1	0	1.5	0	1	0
m.2824	459	11	24	13.5	17	22	13.5
m.28261	194	0	0	3	0	0	0
m.28278	688	2	2	3	4	6	9
m.28289	123	2	0	3	0	3	1.5
m.28313	382	4	0	6	0	8	3
m.28364	198	0	1	0	1	2	0
m.284	444	10	11	10.5	6	11	13.5
m.2841	371	8	0	3	2	8	4.5
m.28410	144	3	3	1.5	4	3	1.5
m.28413	203	4	2	4.5	4	2	3
m.28417	112	0	3	0	1	0	1.5
m.28419	437	1	3	0	8	6	7.5
m.28430	410	1	0	0	0	4	0
m.28435	230	8	8	6	7	11	4.5
m.28438	291	6	4	4.5	6	5	6
m.28444	404	9	6	10.5	7	12	4.5
m.2848	287	4	8	10.5	7	7	9
m.28480	131	2	14	12	16	15	0
m.28497	512	0	0	3	1	1	1.5
m.285	338	7	3	4.5	3	3	10.5
m.28515	510	6	10	4.5	7	10	3
m.28519	329	2	1	1.5	1	4	4.5
m.28520	237	1	2	0	0	0	1.5
m.2853	518	8	10	7.5	10	11	15
m.28534	505	11	8	6	15	7	16.5
m.28537	125	14	8	13.5	10	14	9
m.28546	235	48	46	45	47	31	34.5
m.2856	532	35	35	37.5	47	49	48
m.2860	768	17	37	49.5	42	38	36
m.28601	246	1	0	0	1	3	1.5
m.28662	374	4	0	1.5	4	1	1.5
m.28687	461	2	8	3	5	5	4.5
m.28742	295	12	12	12	10	14	16.5
m.2877	192	0	1	0	2	3	3
m.28770	229	13	12	10.5	12	12	9
m.28774	853	0	0	1.5	1	3	0
m.2878	281	11	10	13.5	15	14	12
m.288	547	0	3	4.5	3	2	3
m.28820	245	19	25	24	27	24	15
m.28880	200	1	3	3	3	3	3
m.28920	220	3	1	3	3	2	3
m.28999	107	0	0	1.5	0	0	0
m.29	104	18	12	9	13	13	9
m.2905	396	9	10	9	8	6	9
m.29084	160	3	14	10.5	10	9	16.5
m.29115	136	9	4	4.5	6	6	4.5
m.29137	625	1	2	3	3	2	6
m.29142	223	5	7	10.5	9	9	7.5
m.29147	109	1	0	0	0	0	0
m.29183	293	0	0	0	0	1	0
m.29192	208	6	0	1.5	2	1	3
m.29199	285	7	6	4.5	1	4	3
m.29219	277	40	64	57	66	52	52.5
m.29240	253	18	2	13.5	18	17	18
m.29249	121	0	3	1.5	1	0	3
m.29291	227	0	0	3	2	3	3
m.29299	328	3	4	0	4	3	0
m.29343	368	2	0	3	0	0	3
m.2935	127	1	0	1.5	0	0	0
m.29350	356	1	4	0	1	1	0
m.2936	227	3	2	0	2	2	4.5
m.2937	301	0	1	0	1	0	0
m.29378	194	0	2	1.5	0	2	0
m.29414	119	0	1	0	0	0	3
m.29428	193	36	24	31.5	35	36	34.5
m.29444	108	0	2	0	0	1	0
m.29450	117	0	0	0	0	1	1.5
m.29488	137	0	0	0	2	0	0
m.295	166	6	4	6	7	8	13.5
m.29523	191	13	22	21	21	24	13.5
m.29527	167	4	2	3	5	0	1.5
m.29546	408	0	0	0	0	3	1.5
m.29572	122	0	0	1.5	0	0	3
m.29582	292	2	3	3	0	3	4.5
m.29599	227	3	3	3	3	5	3
m.29601	249	0	3	3	0	2	1.5
m.29602	100	1	5	3	2	5	4.5
m.29606	138	3	2	1.5	3	3	1.5
m.29620	137	1	0	0	0	4	0
m.29673	125	1	2	3	3	1	3
m.297	271	7	10	7.5	10	12	10.5
m.2971	483	0	4	1.5	4	0	0
m.29775	144	0	0	1.5	2	0	4.5
m.29778	253	3	0	1.5	0	0	0
m.29805	227	2	0	3	0	2	1.5
m.29808	242	25	40	34.5	34	28	24
m.29813	455	4	8	6	4	9	4.5
m.29835	460	104	200	156	150	174	138
m.29841	260	0	0	0	0	0	3
m.29844	459	0	1	1.5	0	3	1.5
m.29861	185	39	56	54	59	50	39
m.29863	501	0	0	1.5	1	1	0
m.29873	128	0	1	0	3	2	1.5
m.29888	284	24	28	27	30	26	19.5
m.2989	1509	0	1	0	0	0	0
m.29890	126	2	0	0	0	1	0
m.29917	129	0	0	0	1	0	1.5
m.29952	124	6	4	1.5	6	7	12
m.29969	216	0	0	0	0	1	0
m.29972	1069	13	23	22.5	11	28	18
m.29981	276	5	0	0	0	1	0
m.30023	103	1	0	0	0	0	0
m.30038	189	0	0	0	1	1	0
m.3004	377	4	8	12	4	12	4.5
m.3005	453	3	6	7.5	5	11	7.5
m.30054	147	0	1	0	2	4	1.5
m.30091	627	2	0	0	0	1	1.5
m.30104	442	4	0	4.5	2	1	9
m.3013	523	2	2	0	4	0	0
m.30171	172	5	0	1.5	12	6	6
m.30190	252	0	0	0	2	0	1.5
m.30203	117	2	11	9	7	5	4.5
m.30240	180	0	1	0	0	0	0
m.30248	266	1	0	0	0	3	0
m.3027	702	0	2	0	0	2	1.5
m.3029	290	0	0	0	0	3	1.5
m.3030	150	5	3	3	4	6	6
m.3037	1596	4	5	1.5	2	9	1.5
m.30381	850	0	0	3	1	0	0
m.30396	488	50	89	99	97	84	90
m.304	134	6	5	6	8	8	7.5
m.30404	107	5	11	7.5	6	5	7.5
m.30405	235	55	131	90	85	95	75
m.30436	263	4	5	10.5	9	8	7.5
m.30492	247	8	15	16.5	12	13	12
m.30496	451	14	22	25.5	25	23	37.5
m.30517	248	2	7	3	9	10	7.5
m.3052	140	5	6	7.5	4	4	0
m.30536	122	0	0	0	0	0	6
m.3058	258	0	0	0	0	1	9
m.30602	306	6	8	4.5	14	11	13.5
m.3061	248	14	12	9	9	12	7.5
m.30649	133	7	10	9	3	11	0
m.30676	389	0	2	3	3	2	0
m.307	487	18	43	30	24	25	27
m.3079	696	13	26	40.5	44	21	40.5
m.308	201	0	19	10.5	22	11	10.5
m.3082	374	0	1	0	0	1	0
m.3088	506	8	4	3	4	6	0
m.3090	880	17	17	22.5	13	18	19.5
m.30917	239	3	5	3	3	5	1.5
m.30927	172	31	48	43.5	46	38	39
m.30955	229	23	29	25.5	21	28	25.5
m.30956	124	0	1	0	0	1	1.5
m.30965	169	11	10	12	10	18	6
m.30968	150	8	9	7.5	10	12	6
m.30969	340	1	1	0	1	0	0
m.30980	429	13	10	10.5	7	14	4.5
m.3100	352	8	10	6	5	3	6
m.31016	134	0	0	1.5	1	0	3
m.31093	201	3	2	1.5	3	4	1.5
m.31095	139	0	0	0	0	1	0
m.31110	276	0	0	0	1	0	3
m.31184	221	0	0	3	1	0	1.5
m.31187	410	0	0	0	1	0	1.5
m.3122	173	0	13	4.5	6	6	0
m.31247	245	0	1	0	0	0	4.5
m.3128	439	0	1	0	1	0	0
m.3130	1155	3	5	9	3	3	10.5
m.31300	423	10	13	7.5	18	12	7.5
m.31335	295	6	3	0	1	2	3
m.3140	708	0	0	0	0	1	0
m.31435	113	6	3	1.5	4	6	3
m.31437	438	9	11	13.5	11	13	9
m.31443	176	0	0	3	1	3	1.5
m.3153	509	13	14	21	17	9	18
m.31539	379	14	14	15	12	15	12
m.31542	149	3	4	3	3	5	0
m.31593	374	0	1	1.5	2	0	0
m.316	240	7	9	4.5	4	8	6
m.31603	496	6	7	7.5	2	5	1.5
m.31623	358	6	9	6	11	12	4.5
m.31625	195	2	1	1.5	3	2	3
m.31645	197	0	0	0	0	0	1.5
m.3167	409	2	0	0	1	0	1.5
m.31712	115	8	7	10.5	9	10	9
m.3172	280	5	8	9	5	11	6
m.31748	138	10	8	9	6	7	6
m.3177	109	2	0	0	0	4	0
m.31848	219	0	0	0	1	1	1.5
m.3187	131	0	0	0	3	0	1.5
m.31877	154	0	0	4.5	0	0	0
m.31932	104	3	3	1.5	0	3	0
m.31958	263	8	8	1.5	2	5	3
m.31989	241	22	27	22.5	26	21	30
m.32004	521	18	20	24	20	18	24
m.32045	172	0	2	1.5	1	0	0
m.32071	562	6	4	4.5	2	3	6
m.32074	263	0	1	3	0	0	0
m.32095	297	2	3	0	2	3	3
m.321	419	3	0	3	1	1	0
m.32107	309	6	8	7.5	5	8	6
m.32114	195	1	0	0	1	0	1.5
m.32194	430	3	0	4.5	0	1	1.5
m.3220	414	10	16	16.5	28	20	24
m.32200	195	4	0	0	0	0	0
m.3221	325	24	20	21	20	15	24
m.32224	134	0	0	0	2	1	1.5
m.32263	177	2	3	3	2	2	3
m.32275	204	3	1	1.5	3	4	3
m.32284	203	0	0	0	1	0	3
m.323	492	16	19	13.5	18	16	12
m.32319	119	3	5	1.5	2	4	0
m.32350	106	3	8	6	9	8	4.5
m.32357	153	7	9	9	5	8	3
m.32359	150	2	2	3	3	3	3
m.32372	367	6	5	9	4	2	13.5
m.32400	152	33	49	42	33	37	33
m.3241	263	4	0	6	0	2	0
m.32417	162	15	19	24	17	17	18
m.32424	125	0	0	0	0	1	0
m.32437	322	19	17	10.5	11	17	22.5
m.32472	518	3	5	3	2	7	0
m.32473	135	0	1	1.5	0	2	0
m.3249	378	0	0	0	0	0	1.5
m.32493	173	1	1	1.5	2	2	0
m.3251	282	1	1	3	1	3	3
m.32539	222	4	3	4.5	4	9	4.5
m.32541	130	0	1	0	0	0	0
m.3255	868	0	4	1.5	3	4	7.5
m.3257	309	0	1	1.5	1	0	0
m.32635	153	0	2	1.5	8	1	9
m.32645	340	3	6	1.5	4	3	4.5
m.3273	568	2	8	7.5	7	5	1.5
m.3276	306	8	7	13.5	12	14	15
m.32828	176	14	7	15	18	11	21
m.32831	225	19	18	16.5	15	16	13.5
m.32846	176	3	3	4.5	0	5	1.5
m.32852	395	0	4	3	1	0	3
m.33004	467	5	4	1.5	3	4	1.5
m.33026	112	21	19	16.5	21	19	16.5
m.33051	377	6	1	1.5	5	5	1.5
m.33059	120	1	4	1.5	3	1	4.5
m.33135	103	35	62	69	91	71	73.5
m.33136	368	3	4	3	8	10	3
m.33150	205	0	0	0	0	1	0
m.332	282	36	28	57	75	37	138
m.33203	178	0	0	0	0	2	0
m.33261	166	5	3	1.5	0	4	1.5
m.33265	255	0	0	3	0	0	0
m.33343	126	3	0	1.5	1	2	0
m.3341	135	4	0	1.5	1	3	0
m.33410	147	7	6	3	4	5	4.5
m.33455	109	4	9	9	7	9	6
m.3347	452	0	0	3	2	0	3
m.33471	155	0	1	0	2	2	0
m.33472	425	4	7	4.5	8	4	12
m.3348	683	0	0	0	0	0	1.5
m.33492	113	2	0	0	4	0	1.5
m.33497	112	3	2	4.5	2	4	1.5
m.33500	300	21	38	39	31	40	21
m.33503	162	6	11	6	11	13	7.5
m.33514	310	17	11	10.5	10	19	9
m.33520	102	0	0	1.5	1	0	3
m.3353	326	0	0	0	0	1	1.5
m.33573	158	1	2	3	0	4	1.5
m.33579	108	0	0	0	3	0	1.5
m.33585	222	6	11	6	7	11	6
m.33619	266	1	1	0	0	0	1.5
m.33735	105	1	0	0	3	2	0
m.3377	199	11	21	16.5	16	13	15
m.338	206	1	0	0	0	1	0
m.3381	122	2	2	1.5	2	1	3
m.33823	263	2	4	3	2	1	3
m.33827	165	0	2	1.5	0	0	0
m.33839	126	0	0	0	1	0	1.5
m.33846	162	0	0	0	0	1	0
m.33851	449	2	8	3	4	0	4.5
m.33873	140	0	0	0	0	0	1.5
m.33885	143	3	2	1.5	1	0	3
m.33899	140	5	3	1.5	3	3	3
m.33904	946	0	0	1.5	0	0	0
m.33912	110	3	1	0	1	0	0
m.3392	310	0	1	1.5	0	1	0
m.33958	343	0	0	0	1	0	3
m.3398	116	0	0	0	0	1	0
m.34056	168	8	8	7.5	8	7	7.5
m.3406	975	3	0	3	0	0	0
m.34074	300	18	6	10.5	10	9	13.5
m.3410	419	6	11	9	8	9	7.5
m.34124	301	3	0	3	4	2	0
m.3413	246	0	2	0	1	1	1.5
m.34157	102	7	24	24	27	20	22.5
m.34165	271	2	3	3	3	3	3
m.34189	296	18	23	15	21	19	18
m.342	284	6	17	15	13	14	15
m.3422	302	0	7	10.5	5	2	7.5
m.34230	432	0	1	3	0	4	1.5
m.3426	883	4	2	1.5	0	3	0
m.34300	263	1	1	0	1	0	1.5
m.34307	327	2	3	1.5	9	8	4.5
m.34320	345	9	25	13.5	6	20	3
m.34321	298	9	6	0	8	9	9
m.3433	518	1	0	0	0	0	0
m.34343	261	1	0	0	0	1	0
m.34366	163	0	0	0	0	0	1.5
m.34388	510	1	1	0	2	4	3
m.3442	136	0	0	1.5	1	1	1.5
m.34428	306	0	0	12	0	3	0
m.3444	334	6	6	4.5	3	5	3
m.34462	419	4	9	6	8	1	10.5
m.34493	172	2	8	7.5	14	7	7.5
m.34525	118	3	2	1.5	1	0	0
m.34604	140	7	10	10.5	14	2	4.5
m.34605	160	3	4	3	3	6	1.5
m.3462	8400	61	79	88.5	94	130	43.5
m.34626	203	3	2	1.5	1	2	1.5
m.3463	3039	30	22	31.5	26	50	18
m.34688	318	9	8	6	6	9	4.5
m.34690	147	2	0	1.5	0	3	0
m.347	455	55	57	84	73	50	85.5
m.34706	440	0	1	3	3	2	0
m.34742	173	0	1	0	1	2	0
m.34749	285	0	3	0	3	2	1.5
m.3477	1085	41	46	51	37	65	39
m.34772	240	4	4	4.5	4	7	4.5
m.34788	177	2	1	1.5	0	1	0
m.34789	370	5	5	4.5	3	8	1.5
m.348	295	8	10	13.5	15	20	28.5
m.34809	103	0	2	0	1	3	0
m.3487	164	0	0	0	2	0	0
m.34882	162	0	0	0	1	1	0
m.3494	2140	216	394	331.5	338	303	264
m.3499	474	3	4	3	2	3	3
m.34991	288	8	13	9	8	7	6
m.34993	434	0	0	0	0	1	0
m.34996	174	2	3	4.5	2	4	3
m.3501	191	3	0	3	2	3	1.5
m.35012	113	0	0	0	2	0	1.5
m.35071	140	2	4	4.5	5	3	4.5
m.35136	334	5	4	4.5	7	7	7.5
m.35147	172	1	6	4.5	1	8	0
m.35210	516	0	0	3	0	0	0
m.3526	763	0	0	0	1	1	0
m.3530	1232	0	0	0	0	3	0
m.35307	214	1	0	0	0	0	0
m.35322	108	2	1	1.5	2	2	0
m.35335	197	1	2	3	0	2	3
m.3535	553	1	5	7.5	7	4	3
m.35429	187	0	2	3	5	1	4.5
m.3543	203	3	26	3	6	13	1.5
m.35438	157	0	0	1.5	1	3	1.5
m.3547	337	3	6	6	5	7	4.5
m.355	256	45	67	63	77	57	63
m.35511	123	3	3	3	2	3	3
m.35564	204	6	6	7.5	3	6	3
m.35589	142	0	2	0	1	0	1.5
m.35648	145	0	0	0	0	0	1.5
m.3565	211	0	0	1.5	0	0	0
m.3569	156	1	1	0	0	0	0
m.357	733	6	6	3	2	6	6
m.3586	360	3	1	3	2	3	3
m.35893	316	3	4	3	2	3	1.5
m.35895	213	10	3	4.5	4	3	4.5
m.35910	178	0	0	0	0	2	0
m.35911	133	12	8	9	11	11	7.5
m.35954	196	0	0	0	1	2	1.5
m.35966	105	0	4	0	0	2	0
m.35994	269	1	0	0	0	0	0
m.36003	135	9	8	7.5	6	10	4.5
m.36021	202	0	0	12	0	0	0
m.36024	385	0	0	0	2	0	3
m.36043	110	7	8	6	7	8	7.5
m.36049	334	20	29	24	39	13	31.5
m.3610	348	1	0	0	1	2	1.5
m.36158	113	13	15	15	17	15	12
m.3619	642	0	0	0	1	1	0
m.362	112	0	1	0	0	2	3
m.3621	404	2	1	3	2	2	1.5
m.36229	183	0	0	0	2	2	1.5
m.36235	154	1	1	1.5	7	0	0
m.3627	290	7	4	0	10	4	1.5
m.36293	247	7	7	4.5	6	7	9
m.36338	299	0	0	1.5	0	0	0
m.36358	231	2	1	0	0	1	1.5
m.36366	100	5	2	3	1	5	0
m.36412	362	3	5	4.5	6	6	3
m.36423	114	3	2	3	2	4	0
m.365	460	31	23	39	32	29	24
m.36655	249	4	6	9	11	4	3
m.36657	206	13	19	6	9	10	6
m.36658	156	10	10	10.5	18	15	19.5
m.36659	126	0	0	0	1	0	0
m.3666	213	43	79	54	75	55	46.5
m.3671	523	2	1	0	0	1	0
m.36731	170	16	17	21	10	15	6
m.3675	482	3	4	6	5	3	0
m.3689	731	7	9	12	13	14	15
m.3691	708	0	0	1.5	0	3	0
m.37006	248	0	0	0	0	1	0
m.37188	283	3	3	7.5	0	5	0
m.3719	533	2	0	0	0	0	0
m.3723	105	3	5	7.5	7	6	6
m.3733	331	0	0	1.5	0	0	3
m.37396	133	3	0	3	1	2	1.5
m.37430	123	0	1	1.5	1	2	1.5
m.3747	251	2	0	0	0	0	0
m.3754	202	0	4	0	0	2	0
m.37557	428	0	0	0	1	4	0
m.37594	113	1	0	0	0	1	0
m.3760	164	3	5	4.5	7	4	7.5
m.37637	179	17	17	22.5	13	24	25.5
m.37732	163	9	9	6	11	8	4.5
m.3774	882	4	3	3	3	3	3
m.37749	348	0	0	1.5	0	0	0
m.37753	190	0	0	1.5	0	1	0
m.3779	703	0	0	0	1	0	1.5
m.37798	118	1	5	4.5	2	5	4.5
m.378	200	30	36	30	39	34	30
m.37833	126	22	18	18	25	22	16.5
m.37859	172	5	4	6	2	4	1.5
m.3788	369	0	0	0	2	0	1.5
m.37922	139	5	9	10.5	12	10	10.5
m.37930	119	6	6	6	5	1	0
m.37938	177	0	2	0	1	3	0
m.3794	222	0	2	0	1	2	0
m.37941	99	3	0	0	0	1	1.5
m.37962	437	11	6	6	9	9	12
m.37963	226	8	0	4.5	3	9	1.5
m.38016	118	2	1	0	0	1	0
m.38017	121	8	8	7.5	0	5	7.5
m.38026	211	0	0	1.5	0	0	0
m.38034	178	1	2	3	1	3	3
m.38035	133	2	0	1.5	1	3	3
m.38037	198	12	24	22.5	28	14	22.5
m.38038	462	5	10	9	10	6	13.5
m.38041	516	6	0	0	0	0	0
m.38073	190	6	12	7.5	7	9	10.5
m.3808	609	37	7	33	19	26	36
m.38166	122	0	4	0	0	3	3
m.3817	410	3	1	6	4	4	3
m.3819	199	0	0	0	0	1	0
m.38264	113	0	0	0	0	2	0
m.3827	229	6	4	1.5	1	4	6
m.38282	359	5	2	7.5	5	3	3
m.38312	216	0	0	0	0	1	1.5
m.38315	119	2	0	0	0	0	0
m.38320	204	4	3	3	6	4	6
m.3835	317	0	1	1.5	1	2	0
m.38375	116	0	2	0	0	0	0
m.38396	326	0	1	0	0	2	0
m.384	422	82	185	151.5	160	115	199.5
m.38400	158	3	3	3	3	3	3
m.38413	128	2	0	1.5	0	1	1.5
m.3844	610	102	157	141	147	146	144
m.38468	195	0	3	4.5	0	6	3
m.38478	153	1	1	4.5	1	2	1.5
m.38509	319	0	0	0	2	1	0
m.38525	104	4	7	6	4	4	4.5
m.38547	130	0	1	0	2	3	0
m.38555	178	0	0	0	1	0	0
m.38570	122	2	1	1.5	0	2	0
m.38571	236	1	0	0	2	1	0
m.386	335	6	11	10.5	11	15	4.5
m.3862	708	3	0	1.5	2	2	1.5
m.38633	275	17	15	12	18	15	22.5
m.38685	106	1	1	4.5	0	1	1.5
m.38705	99	2	0	3	0	3	0
m.3872	704	2	1	1.5	5	9	4.5
m.38787	130	1	0	0	0	2	0
m.38797	138	0	1	0	0	0	0
m.388	373	0	2	0	0	1	0
m.38847	116	1	0	0	0	0	3
m.38848	117	0	0	0	0	0	3
m.38866	198	0	3	0	0	0	3
m.38878	127	3	0	0	1	0	0
m.39	352	2	3	1.5	1	2	0
m.3912	229	3	2	3	4	3	1.5
m.3914	142	13	12	9	11	9	13.5
m.392	136	21	25	24	41	32	36
m.3929	668	2	6	6	4	8	1.5
m.3936	244	15	17	15	16	13	13.5
m.395	594	0	0	1.5	1	2	4.5
m.3953	259	4	12	9	10	7	9
m.3970	459	2	10	9	8	6	6
m.3976	1422	0	1	1.5	0	2	0
m.3978	582	22	35	34.5	55	48	54
m.3981	180	4	1	10.5	0	9	7.5
m.3982	105	1	0	0	0	0	1.5
m.3988	161	4	3	3	1	6	1.5
m.3991	359	2	5	4.5	3	6	4.5
m.4	1370	62	127	60	74	75	79.5
m.4023	352	2	0	0	0	0	4.5
m.4025	297	0	1	0	0	0	0
m.4026	349	8	7	4.5	3	3	6
m.405	356	0	7	10.5	4	10	6
m.406	119	6	3	4.5	8	7	10.5
m.408	537	3	4	4.5	5	5	6
m.4092	124	63	60	69	73	70	69
m.4094	218	0	0	0	2	2	0
m.4111	173	1	2	4.5	1	4	4.5
m.4131	303	4	4	4.5	8	9	3
m.4166	132	1	2	1.5	3	3	1.5
m.4186	1024	2	0	1.5	0	0	6
m.4192	379	13	12	9	11	15	10.5
m.4212	929	35	34	30	32	37	25.5
m.4224	397	16	13	13.5	14	18	7.5
m.4229	273	6	6	9	0	10	3
m.423	229	16	20	25.5	23	17	15
m.4233	452	3	4	3	4	4	3
m.4234	287	0	0	0	3	0	0
m.4250	288	33	55	46.5	43	38	39
m.426	811	6	3	6	5	7	10.5
m.4268	630	0	0	0	1	0	1.5
m.4279	306	0	3	0	1	3	0
m.428	332	8	8	13.5	8	15	12
m.4286	402	4	3	4.5	3	6	3
m.429	369	0	1	1.5	2	4	3
m.4296	880	0	0	1.5	0	0	0
m.43	257	12	6	6	7	15	4.5
m.4309	396	5	6	6	5	7	1.5
m.431	153	0	1	0	0	0	0
m.4326	136	3	1	3	3	3	9
m.4327	322	12	5	9	3	1	9
m.4330	257	1	3	0	3	3	0
m.4332	180	1	0	4.5	2	0	0
m.4337	518	0	1	0	1	1	0
m.4350	198	5	3	4.5	0	3	1.5
m.4353	392	21	24	25.5	22	23	18
m.4356	640	3	6	7.5	5	6	6
m.4358	403	5	5	6	8	7	3
m.4359	370	2	6	1.5	3	4	3
m.4371	294	2	3	0	0	2	1.5
m.4386	383	14	25	22.5	26	34	15
m.4387	576	6	6	3	4	5	0
m.4396	851	0	0	0	0	0	3
m.44	328	4	7	4.5	6	6	9
m.441	423	31	31	27	41	45	37.5
m.4415	804	1	3	3	0	0	3
m.4416	678	0	3	1.5	0	0	0
m.4429	352	1	4	0	3	3	0
m.443	202	0	0	4.5	0	3	1.5
m.444	342	1	0	1.5	0	0	1.5
m.4449	151	0	2	3	2	3	3
m.4453	365	7	9	9	5	8	3
m.449	162	11	9	9	8	11	12
m.450	995	3	1	4.5	4	0	3
m.4533	744	1	5	4.5	1	4	3
m.454	722	1	1	3	2	3	0
m.4541	228	3	3	1.5	1	1	1.5
m.4556	530	5	8	4.5	3	5	1.5
m.4558	266	6	0	6	2	0	6
m.458	572	1	3	1.5	4	0	3
m.459	339	10	10	15	16	19	9
m.4593	1009	0	0	0	2	1	1.5
m.4597	352	0	1	1.5	2	1	3
m.4598	220	0	3	1.5	3	1	1.5
m.460	402	8	16	13.5	18	12	13.5
m.461	891	4	2	3	0	3	3
m.4616	493	0	0	0	1	1	0
m.462	353	8	10	9	11	8	9
m.4637	291	0	4	7.5	7	6	4.5
m.4641	249	2	1	4.5	1	0	3
m.4645	459	0	0	0	2	3	0
m.466	178	3	2	6	4	7	6
m.4694	414	19	23	22.5	24	20	10.5
m.47	1132	0	3	3	0	0	1.5
m.471	360	1	1	1.5	0	0	0
m.4724	266	0	0	1.5	0	1	0
m.4728	213	2	0	0	2	4	0
m.473	628	0	2	3	2	4	1.5
m.4733	390	1	7	3	5	5	0
m.474	402	0	3	1.5	3	3	3
m.4747	349	20	28	19.5	19	16	33
m.4759	223	27	30	22.5	18	34	16.5
m.4781	617	44	65	51	63	56	39
m.4805	113	0	0	0	2	1	0
m.481	1150	0	0	0	1	4	10.5
m.4855	1250	3	2	1.5	4	5	1.5
m.4865	531	11	14	18	12	15	16.5
m.4874	397	0	0	0	0	0	1.5
m.4876	497	26	27	34.5	35	36	31.5
m.4878	331	38	45	37.5	54	33	54
m.4884	253	38	32	46.5	43	43	39
m.4889	468	0	4	0	4	3	0
m.4892	422	2	1	3	0	3	3
m.4894	508	5	4	3	2	3	1.5
m.4897	319	12	17	16.5	19	23	21
m.4900	202	0	3	0	1	2	3
m.4903	2982	1	0	3	1	3	7.5
m.491	248	21	28	24	33	33	27
m.4911	552	123	174	150	158	139	145.5
m.4921	158	15	32	25.5	30	32	21
m.4923	315	22	26	30	33	36	28.5
m.4926	159	1	0	0	1	1	1.5
m.4935	224	2	2	0	0	3	3
m.494	400	0	2	0	2	5	3
m.4943	647	53	79	69	94	102	97.5
m.4946	322	4	3	1.5	4	4	1.5
m.4958	221	3	4	1.5	3	3	4.5
m.4960	840	35	41	43.5	55	54	63
m.4974	208	0	5	6	5	6	3
m.4978	368	93	109	96	109	108	106.5
m.498	709	1	2	3	3	4	3
m.4980	256	2	1	0	1	1	0
m.4988	204	2	10	6	9	8	12
m.4990	351	7	9	7.5	12	9	10.5
m.4998	325	4	0	1.5	1	0	3
m.50	394	6	4	4.5	2	3	3
m.500	227	3	5	6	7	8	1.5
m.5005	481	31	47	40.5	45	47	43.5
m.5012	2350	144	261	210	248	208	201
m.5017	206	3	3	3	3	3	3
m.5020	224	11	15	16.5	22	29	24
m.5022	151	16	20	15	22	16	19.5
m.5025	257	25	39	37.5	44	33	33
m.5026	617	0	0	1.5	0	2	3
m.5028	1007	60	61	52.5	51	72	49.5
m.5030	279	27	39	33	40	26	37.5
m.5036	327	5	6	4.5	2	7	0
m.504	1022	4	2	3	4	6	0
m.5042	675	8	5	7.5	6	9	4.5
m.5045	171	1	0	1.5	0	2	0
m.5056	403	16	11	15	11	14	12
m.506	193	5	4	10.5	10	8	16.5
m.5061	506	16	34	19.5	22	22	13.5
m.5062	346	8	11	10.5	21	15	24
m.5064	342	21	19	24	20	14	15
m.5075	186	1	0	0	0	1	0
m.5076	1105	12	20	24	19	22	24
m.508	371	0	7	4.5	4	12	10.5
m.5080	107	14	16	15	17	17	13.5
m.5081	198	24	28	28.5	22	20	25.5
m.5087	320	4	6	4.5	10	6	7.5
m.5096	1402	8	10	12	4	15	9
m.5108	251	96	120	114	116	120	94.5
m.5109	131	6	10	9	13	9	7.5
m.5113	272	10	12	10.5	16	12	12
m.5115	549	28	20	24	20	31	22.5
m.5116	342	1	3	1.5	3	1	0
m.5120	694	48	61	55.5	65	67	49.5
m.5125	382	1	2	6	0	4	1.5
m.5128	376	3	11	6	4	0	10.5
m.5142	151	11	7	7.5	18	11	16.5
m.5146	126	10	7	9	6	11	10.5
m.5147	416	24	25	18	30	28	21
m.5148	167	3	2	3	4	2	6
m.5150	488	3	3	1.5	6	6	3
m.5161	451	14	14	9	10	18	3
m.5163	1400	7	6	0	0	0	0
m.5172	212	1	1	0	0	3	0
m.5182	409	30	42	28.5	33	38	25.5
m.5185	122	0	1	0	3	1	1.5
m.5186	242	83	139	111	121	94	96
m.5189	253	2	8	1.5	4	3	7.5
m.519	515	24	36	27	29	24	33
m.5191	2106	2	14	9	1	9	3
m.5196	113	0	1	1.5	0	2	0
m.5199	639	3	4	6	6	7	6
m.5203	1963	0	1	0	0	0	0
m.5212	302	0	0	1.5	1	0	0
m.5216	1018	5	0	3	1	3	4.5
m.523	663	3	2	6	2	5	3
m.5250	227	3	6	4.5	24	3	12
m.5253	335	39	82	84	92	55	73.5
m.5256	138	9	12	10.5	10	9	16.5
m.5266	746	0	1	0	1	3	3
m.5270	380	8	9	10.5	5	14	10.5
m.5277	148	2	3	0	1	3	0
m.5290	1690	21	18	34.5	34	36	27
m.5296	670	1	3	3	1	5	0
m.5305	270	2	14	9	14	6	12
m.5309	1972	187	266	289.5	276	277	265.5
m.531	580	21	28	25.5	40	25	39
m.5315	882	14	22	18	22	31	21
m.5317	354	16	21	22.5	17	20	25.5
m.532	113	18	18	18	18	16	16.5
m.5328	257	4	12	3	9	3	6
m.5331	336	1	1	1.5	0	0	0
m.534	225	26	31	36	48	32	48
m.5346	119	1	3	1.5	2	3	0
m.5347	415	10	17	15	22	19	21
m.535	370	11	19	4.5	14	11	7.5
m.5352	328	2	3	3	3	3	1.5
m.5354	547	21	31	37.5	36	42	33
m.5358	207	6	3	4.5	1	5	7.5
m.5364	172	18	23	19.5	21	23	15
m.5369	500	21	24	19.5	22	15	30
m.537	304	2	0	0	0	3	1.5
m.5372	300	0	0	0	1	0	0
m.5376	135	1	2	1.5	0	2	1.5
m.5382	195	4	4	4.5	6	5	6
m.5384	568	5	7	4.5	1	6	4.5
m.5390	842	7	26	19.5	18	15	15
m.5398	324	1	3	3	4	5	4.5
m.5400	164	15	20	21	16	17	15
m.5403	461	16	29	22.5	28	26	25.5
m.5407	595	17	23	22.5	19	21	12
m.5413	216	0	0	3	7	2	4.5
m.5415	188	12	11	9	12	9	10.5
m.5416	476	0	2	0	2	3	0
m.5422	1121	17	24	21	26	19	21
m.5425	415	41	52	55.5	56	49	69
m.5435	138	0	0	1.5	1	0	1.5
m.5439	531	0	0	0	0	1	0
m.5442	167	28	23	25.5	32	28	37.5
m.5451	290	6	9	7.5	8	8	7.5
m.5457	390	3	1	1.5	4	3	0
m.5459	641	1	0	0	0	0	0
m.5463	882	119	172	142.5	147	147	133.5
m.5465	622	3	5	4.5	9	8	4.5
m.5473	170	3	0	3	0	1	3
m.548	221	0	1	3	1	0	1.5
m.5484	707	4	8	7.5	5	4	3
m.5486	109	6	1	4.5	4	4	3
m.5487	105	1	0	1.5	4	1	1.5
m.5493	248	0	6	0	8	2	1.5
m.5494	170	0	2	0	0	0	0
m.550	489	29	55	63	85	48	76.5
m.5502	228	16	17	15	19	22	15
m.5507	231	10	6	4.5	7	7	7.5
m.5510	229	13	15	13.5	21	18	19.5
m.5513	246	11	9	9	13	11	15
m.5516	387	18	14	9	22	18	15
m.5519	372	2	0	1.5	0	1	0
m.552	338	20	25	24	23	31	18
m.5522	429	7	7	9	12	7	4.5
m.5525	456	33	27	31.5	27	28	24
m.5528	192	0	2	1.5	0	3	0
m.5531	219	0	0	0	1	2	0
m.5534	255	0	2	3	0	1	4.5
m.5535	314	1	1	0	0	0	0
m.5538	480	43	55	43.5	56	46	57
m.554	167	0	0	0	0	1	0
m.5544	228	0	1	0	1	1	0
m.5546	1101	10	31	21	34	33	7.5
m.555	591	0	0	0	0	0	3
m.5564	236	0	1	0	0	0	0
m.5581	320	10	15	12	13	11	12
m.5582	258	14	16	15	15	15	7.5
m.5583	175	7	10	13.5	13	8	12
m.5593	175	5	7	6	8	7	7.5
m.56	236	16	18	24	20	23	22.5
m.5603	203	4	4	6	2	6	7.5
m.5605	166	1	0	3	0	0	4.5
m.5606	190	4	14	9	8	11	7.5
m.5611	317	30	37	31.5	33	36	30
m.5613	134	18	17	16.5	17	17	16.5
m.5618	330	3	2	1.5	0	2	0
m.5619	199	7	3	4.5	7	6	12
m.5620	959	5	5	6	3	5	0
m.5623	526	0	1	1.5	1	1	0
m.5624	813	21	15	15	26	22	24
m.5628	431	38	46	55.5	44	38	33
m.5634	149	15	21	30	19	21	15
m.5643	338	0	5	0	6	2	6
m.5644	430	29	27	34.5	29	32	30
m.5659	127	10	6	10.5	10	10	9
m.5664	242	28	38	45	39	36	30
m.5665	346	11	34	16.5	19	18	22.5
m.5669	235	4	1	3	4	4	0
m.5670	433	0	4	0	1	3	0
m.5676	297	6	8	4.5	7	7	9
m.5677	398	2	10	4.5	6	2	3
m.5679	145	2	0	0	2	0	0
m.5686	252	3	3	3	3	3	1.5
m.5689	476	3	9	4.5	8	7	4.5
m.5692	394	3	3	7.5	0	3	0
m.5696	189	13	14	10.5	12	11	12
m.5712	270	1	2	6	6	6	3
m.5724	205	7	8	3	3	8	6
m.5735	289	1	1	1.5	2	2	1.5
m.5746	161	21	19	19.5	22	21	21
m.5747	202	2	0	3	3	1	1.5
m.5752	384	0	2	1.5	1	2	0
m.5753	396	9	9	6	4	8	6
m.5755	241	6	9	6	8	8	10.5
m.5774	539	0	1	1.5	0	2	0
m.579	570	52	66	81	65	59	55.5
m.5798	414	0	2	0	0	0	0
m.580	344	37	45	43.5	61	60	46.5
m.5803	326	6	5	3	9	4	7.5
m.5804	1293	17	15	28.5	17	31	15
m.5811	486	48	53	42	60	48	45
m.5813	899	0	1	1.5	1	2	3
m.5819	163	0	1	1.5	0	0	3
m.5828	1791	9	8	4.5	7	13	1.5
m.5833	121	3	1	4.5	4	5	6
m.5839	328	7	12	12	8	8	9
m.585	748	0	3	0	1	0	0
m.5851	386	0	1	1.5	0	3	0
m.5859	199	20	21	24	14	22	16.5
m.5862	284	0	0	0	1	2	0
m.5867	472	11	6	10.5	8	9	9
m.5868	232	2	1	1.5	1	3	4.5
m.5869	404	9	10	7.5	7	15	6
m.5870	1080	13	21	16.5	24	25	10.5
m.5881	363	11	13	12	13	22	21
m.5891	357	3	0	3	2	3	6
m.5892	125	14	15	16.5	15	21	13.5
m.5898	324	0	1	0	0	3	0
m.5900	332	5	3	4.5	4	5	3
m.5906	614	1	0	0	0	0	1.5
m.5911	687	0	1	1.5	1	2	0
m.5919	327	0	2	6	0	2	0
m.592	568	4	6	4.5	7	8	1.5
m.5921	124	0	1	0	1	0	0
m.5924	163	0	5	4.5	7	7	4.5
m.5940	470	16	50	15	45	33	25.5
m.5946	412	5	3	7.5	4	2	4.5
m.5947	328	9	17	13.5	11	12	10.5
m.595	591	13	11	10.5	17	16	15
m.5953	1295	60	87	70.5	79	87	72
m.5961	726	62	88	102	87	86	85.5
m.5981	145	10	13	10.5	12	10	7.5
m.599	163	7	4	3	1	6	3
m.60	320	15	11	12	10	8	6
m.6000	281	15	15	18	24	16	22.5
m.6006	339	52	74	57	67	59	64.5
m.6024	399	3	4	9	6	8	6
m.6025	191	6	11	3	9	6	9
m.604	626	16	19	16.5	23	16	18
m.6042	807	2	6	1.5	3	3	0
m.6043	332	1	0	3	3	1	6
m.6046	318	0	0	1.5	0	0	1.5
m.6058	1126	0	5	0	0	0	1.5
m.606	401	32	32	31.5	16	37	24
m.6062	535	33	35	30	40	29	37.5
m.6067	290	10	10	6	8	11	7.5
m.6094	163	0	0	0	0	1	0
m.6098	224	0	0	1.5	2	2	1.5
m.6100	310	2	14	12	10	19	18
m.6106	1183	17	20	19.5	16	18	16.5
m.611	550	13	12	24	17	16	25.5
m.612	679	89	151	120	141	118	100.5
m.6121	222	0	0	0	0	0	1.5
m.6130	287	24	27	25.5	34	21	36
m.6137	829	4	7	4.5	5	6	6
m.6149	834	26	28	30	28	25	22.5
m.6153	459	7	3	6	6	7	10.5
m.616	1072	11	6	13.5	6	5	24
m.6160	246	9	13	18	18	14	21
m.6161	297	4	11	13.5	13	15	12
m.6174	243	32	41	42	38	49	42
m.6180	693	69	123	94.5	111	88	82.5
m.6186	860	0	0	1.5	1	0	0
m.6190	936	1	3	3	0	4	1.5
m.6192	463	22	39	33	57	39	46.5
m.6193	694	7	5	6	6	6	1.5
m.6203	143	17	18	19.5	23	19	24
m.6207	485	7	3	7.5	4	6	4.5
m.6212	640	54	91	69	82	60	76.5
m.6219	1290	8	7	7.5	10	12	7.5
m.6230	105	0	0	1.5	0	1	1.5
m.6233	239	0	9	7.5	11	6	9
m.6235	1030	5	5	7.5	4	5	3
m.6244	213	1	0	3	0	0	3
m.6258	470	10	7	6	11	10	7.5
m.6265	202	2	3	1.5	3	3	1.5
m.6266	564	22	46	34.5	60	33	61.5
m.6279	328	3	0	3	0	0	0
m.628	379	1	2	4.5	4	7	3
m.6293	273	0	1	1.5	1	1	0
m.631	168	1	0	0	1	1	0
m.6313	386	0	1	0	0	0	0
m.6354	185	5	7	7.5	3	11	12
m.6361	1066	19	25	18	19	19	13.5
m.6363	693	4	4	7.5	4	6	4.5
m.637	726	1	0	1.5	0	2	0
m.6370	313	39	43	40.5	45	41	45
m.6404	402	6	7	10.5	6	13	15
m.6408	422	4	5	3	5	3	3
m.6410	391	3	1	0	2	1	0
m.6414	454	15	12	7.5	10	15	12
m.644	181	22	36	28.5	33	30	27
m.6458	848	0	0	1.5	0	0	1.5
m.6463	6996	32	30	19.5	30	26	24
m.6490	438	27	35	45	46	47	39
m.6492	285	7	8	6	9	8	10.5
m.6495	278	0	3	1.5	2	3	0
m.6499	297	23	32	24	31	28	24
m.650	554	1	3	4.5	1	0	3
m.6505	217	1	3	1.5	1	1	0
m.651	113	20	22	19.5	19	20	22.5
m.6511	281	13	25	24	20	19	18
m.6517	538	28	44	33	37	28	43.5
m.6522	302	18	19	31.5	45	21	88.5
m.6524	587	54	75	61.5	63	67	49.5
m.6534	473	2	1	0	3	5	0
m.6550	319	0	0	0	0	2	0
m.6554	533	31	34	22.5	51	36	36
m.6562	225	0	2	3	2	1	1.5
m.657	677	20	22	15	26	24	16.5
m.6574	602	1	8	12	5	9	6
m.6586	314	2	1	0	0	0	0
m.6593	1058	47	67	63	50	50	46.5
m.6599	345	1	1	0	0	1	0
m.6603	632	2	3	3	5	5	1.5
m.6613	526	0	1	0	0	0	1.5
m.6614	1203	3	0	3	1	0	0
m.6620	708	16	24	16.5	21	10	15
m.6627	1941	170	305	300	224	275	237
m.6645	175	3	4	3	3	3	0
m.6650	137	7	5	0	4	2	0
m.6654	227	7	9	6	7	4	13.5
m.6678	2678	8	13	15	13	16	6
m.6688	381	3	7	10.5	7	7	6
m.6692	457	1	4	3	1	7	3
m.6698	487	43	83	64.5	60	71	48
m.6705	727	34	31	36	33	36	42
m.6707	440	1	0	0	0	2	0
m.671	663	0	1	1.5	1	6	9
m.6717	339	2	3	3	1	4	1.5
m.6724	676	14	20	25.5	13	24	16.5
m.6735	993	1	3	1.5	3	4	4.5
m.6750	260	33	21	33	32	31	36
m.6751	684	1	3	0	4	0	0
m.6756	433	1	1	1.5	3	1	0
m.6764	636	1	10	7.5	2	7	3
m.6771	349	0	0	0	0	0	1.5
m.6777	271	8	7	9	9	12	9
m.6795	338	5	3	4.5	1	6	3
m.681	2015	106	176	151.5	190	142	196.5
m.6811	526	0	0	1.5	0	0	0
m.6816	173	8	9	7.5	7	6	9
m.6822	465	12	11	10.5	12	13	12
m.6835	423	12	15	16.5	11	14	13.5
m.6841	251	1	1	1.5	0	2	3
m.6844	389	28	19	7.5	26	26	31.5
m.6853	404	0	1	1.5	1	3	0
m.6854	281	2	2	3	3	3	3
m.6864	607	0	1	4.5	0	0	4.5
m.6865	1038	5	5	1.5	3	4	0
m.6868	946	9	18	18	13	17	12
m.6883	567	44	38	48	54	54	49.5
m.6885	153	2	0	0	3	3	1.5
m.6935	148	0	1	0	0	0	0
m.694	857	1	1	3	0	3	1.5
m.6949	182	0	3	0	4	0	4.5
m.6956	142	0	1	1.5	4	2	1.5
m.6968	331	2	2	3	2	4	3
m.6975	388	12	5	9	8	10	10.5
m.6977	342	4	9	12	4	13	9
m.698	256	4	3	3	1	4	0
m.6990	479	20	22	22.5	14	24	22.5
m.7005	1086	43	86	63	80	85	40.5
m.7042	188	0	0	1.5	0	0	1.5
m.7051	436	0	2	0	0	4	0
m.707	329	0	0	3	2	2	3
m.7103	496	12	9	10.5	14	10	7.5
m.7107	168	2	0	0	0	1	0
m.711	289	3	0	1.5	0	0	3
m.7111	267	0	2	3	2	3	3
m.7115	1367	7	6	4.5	10	9	3
m.7131	978	6	3	4.5	5	3	9
m.7140	275	17	7	9	9	9	6
m.7159	1549	11	8	9	8	21	9
m.7183	139	9	5	7.5	8	5	7.5
m.7185	949	3	0	1.5	0	2	0
m.720	102	3	7	6	3	5	6
m.7206	974	13	16	15	18	22	13.5
m.7209	320	1	3	6	1	3	9
m.721	1283	1	2	3	0	4	1.5
m.7210	168	3	4	3	3	2	4.5
m.7211	854	0	2	3	0	2	1.5
m.7240	672	3	9	10.5	6	2	9
m.7242	348	0	2	4.5	0	1	1.5
m.725	200	0	0	0	0	1	0
m.7262	373	52	40	57	46	38	46.5
m.7275	197	0	0	0	0	0	1.5
m.7276	101	0	0	0	0	0	1.5
m.7285	870	3	2	4.5	4	5	0
m.7288	361	9	14	10.5	12	9	10.5
m.7296	413	58	84	64.5	97	61	97.5
m.7297	100	16	27	21	24	18	18
m.7320	149	3	2	4.5	2	3	3
m.733	773	7	17	18	26	29	28.5
m.7334	628	0	0	0	2	2	1.5
m.7348	315	22	29	16.5	30	27	22.5
m.7357	273	0	0	0	1	0	0
m.7374	436	6	14	9	10	14	13.5
m.7375	539	4	4	3	2	3	1.5
m.738	140	17	4	22.5	1	3	0
m.7395	220	4	4	3	4	3	3
m.7404	524	170	246	214.5	254	190	198
m.742	625	0	2	0	0	2	0
m.7426	502	52	86	90	88	77	67.5
m.7437	674	14	24	24	29	35	19.5
m.745	243	28	31	37.5	39	34	30
m.7457	110	8	13	19.5	17	16	13.5
m.7461	430	10	22	21	27	17	24
m.7469	537	4	3	3	5	8	0
m.7470	329	0	2	0	2	1	0
m.7509	441	1	4	3	9	6	9
m.7513	255	10	5	15	6	13	28.5
m.7527	791	18	3	9	17	19	13.5
m.753	343	6	3	6	3	8	3
m.7561	417	2	4	4.5	8	6	4.5
m.7582	540	11	13	15	18	16	16.5
m.7588	415	6	0	1.5	1	1	3
m.7592	467	21	32	25.5	29	28	21
m.7593	596	3	5	4.5	3	7	3
m.7595	1291	88	101	135	77	115	90
m.7598	148	1	0	0	0	0	0
m.760	542	7	12	13.5	15	19	7.5
m.7600	469	1	0	0	0	2	1.5
m.7626	466	2	11	6	8	7	6
m.7630	342	3	1	6	3	6	6
m.7637	482	0	2	0	0	0	1.5
m.7644	222	0	0	1.5	1	0	0
m.7647	1472	4	12	13.5	9	4	4.5
m.765	688	4	2	1.5	0	0	0
m.7660	262	1	1	0	3	1	0
m.7663	465	15	4	10.5	10	10	6
m.7667	285	20	21	30	25	23	36
m.7674	481	21	17	18	19	15	15
m.7675	148	0	0	3	0	0	1.5
m.77	597	76	91	79.5	80	79	82.5
m.772	418	27	50	43.5	70	57	60
m.7741	384	117	183	165	193	128	187.5
m.7744	503	5	0	3	4	3	6
m.7748	455	1	1	0	3	10	0
m.7751	288	9	3	22.5	30	7	28.5
m.7770	273	0	0	0	1	0	3
m.7798	205	0	2	3	3	1	1.5
m.7819	226	0	3	4.5	0	3	0
m.782	388	56	108	85.5	110	74	85.5
m.7823	187	4	0	1.5	1	0	1.5
m.7834	739	4	0	3	4	6	3
m.7836	367	0	3	4.5	6	4	4.5
m.7838	446	0	3	3	6	3	3
m.7852	134	1	0	0	0	0	0
m.7866	258	2	0	1.5	1	5	0
m.787	428	41	58	46.5	62	50	54
m.7880	176	0	0	0	0	0	3
m.7885	192	3	0	0	0	0	1.5
m.789	775	1	1	4.5	1	5	3
m.791	133	0	4	3	9	0	6
m.792	129	0	1	0	3	0	1.5
m.793	584	1	2	1.5	3	2	1.5
m.798	194	3	0	1.5	0	0	1.5
m.8003	356	4	17	10.5	6	5	10.5
m.8017	724	5	4	9	5	7	6
m.8023	472	7	6	6	5	4	4.5
m.8024	284	0	0	6	0	1	0
m.8053	960	0	0	0	1	0	0
m.809	141	3	2	0	0	3	0
m.81	504	35	39	45	62	36	64.5
m.8103	997	0	1	1.5	0	3	1.5
m.8149	654	0	0	3	0	0	0
m.8154	241	0	0	0	0	0	1.5
m.8167	381	0	2	1.5	3	1	3
m.8180	154	3	2	1.5	1	3	1.5
m.8204	257	0	1	0	1	1	0
m.8207	116	0	1	0	0	0	0
m.8222	467	44	77	54	94	75	75
m.8227	922	2	2	7.5	0	2	0
m.8231	396	3	0	1.5	1	3	3
m.8232	523	18	13	18	18	20	25.5
m.8233	1215	87	110	88.5	122	108	138
m.8241	512	5	7	3	5	5	6
m.8246	632	3	0	1.5	2	0	0
m.8265	286	0	1	4.5	1	1	0
m.834	558	0	3	1.5	2	1	0
m.8342	908	102	108	100.5	118	112	115.5
m.8376	1390	6	10	13.5	13	20	10.5
m.842	246	0	0	0	0	2	0
m.8454	243	3	0	0	2	0	6
m.849	171	12	16	13.5	12	13	10.5
m.8493	227	0	0	0	0	3	0
m.8509	223	0	1	0	0	0	0
m.853	520	3	1	1.5	1	1	0
m.8553	598	0	0	0	0	2	0
m.8574	338	2	0	0	2	2	3
m.858	537	8	10	9	9	11	4.5
m.859	193	1	0	0	0	0	0
m.8594	352	19	16	7.5	9	7	7.5
m.860	473	18	24	19.5	14	30	16.5
m.8609	175	4	12	19.5	11	3	0
m.8646	552	1	3	0	3	1	1.5
m.8649	585	1	0	0	0	2	0
m.865	271	19	35	25.5	31	27	30
m.8669	206	7	4	3	0	5	0
m.8693	201	0	0	0	0	0	1.5
m.8696	278	6	8	4.5	7	8	6
m.8703	160	0	1	0	0	1	0
m.8709	507	11	20	7.5	18	19	18
m.873	140	6	13	7.5	10	6	6
m.8730	570	7	5	4.5	3	7	6
m.8735	575	2	1	1.5	4	1	3
m.8740	1003	2	2	4.5	2	2	3
m.8779	150	1	0	0	0	0	0
m.8796	376	12	15	13.5	13	20	18
m.8799	389	7	25	12	27	12	15
m.8844	218	3	0	0	0	2	0
m.8870	312	26	35	28.5	33	35	25.5
m.8872	406	29	35	31.5	42	31	43.5
m.8875	267	11	7	7.5	9	19	12
m.8877	241	15	17	16.5	19	12	19.5
m.8880	300	8	2	6	5	0	3
m.8882	347	1	0	1.5	0	0	0
m.8885	757	12	21	12	23	19	19.5
m.8900	399	41	60	43.5	47	43	43.5
m.8901	709	5	3	4.5	4	9	3
m.8903	180	37	39	42	40	40	34.5
m.8908	660	2	8	6	6	6	6
m.8913	420	10	8	9	7	8	3
m.8914	480	3	14	10.5	14	8	10.5
m.8917	676	70	102	102	113	108	99
m.892	692	3	12	4.5	4	16	10.5
m.8924	116	1	4	4.5	3	3	4.5
m.8927	151	3	1	7.5	0	1	6
m.8928	359	9	19	18	15	14	19.5
m.8932	510	19	24	24	25	24	19.5
m.8936	197	4	5	4.5	9	5	9
m.8939	146	7	10	9	11	7	9
m.8941	216	11	19	25.5	20	20	13.5
m.8943	224	5	4	1.5	1	1	4.5
m.8947	2092	11	12	13.5	13	26	10.5
m.8953	221	7	9	4.5	14	8	10.5
m.8957	494	3	5	3	7	7	7.5
m.8978	174	1	0	0	0	0	3
m.898	376	0	0	3	0	2	0
m.8982	213	0	2	1.5	3	1	1.5
m.8984	345	0	0	3	0	2	0
m.899	700	3	3	3	1	3	4.5
m.8991	306	15	13	28.5	10	16	16.5
m.8997	155	0	0	0	0	0	1.5
m.900	248	56	89	82.5	90	75	87
m.9006	624	0	0	0	0	3	1.5
m.9013	389	5	7	6	6	6	6
m.9015	170	17	22	19.5	14	17	15
m.9021	106	5	3	3	2	6	3
m.9022	1133	59	62	82.5	86	69	84
m.9023	1893	0	1	1.5	1	0	3
m.9026	230	4	2	3	3	3	3
m.9034	345	3	9	1.5	5	6	0
m.904	870	5	8	1.5	10	5	9
m.9045	703	1	5	3	2	2	0
m.9051	213	13	10	9	16	16	19.5
m.9052	1364	11	6	28.5	29	10	49.5
m.9058	352	28	35	40.5	34	37	40.5
m.9062	253	3	0	6	0	1	3
m.9072	179	5	3	4.5	3	5	4.5
m.9073	508	12	21	18	24	25	15
m.9078	300	2	3	3	1	2	0
m.9086	773	24	18	28.5	18	23	27
m.9089	726	11	5	4.5	4	7	7.5
m.9097	494	5	2	3	10	5	12
m.9103	276	0	4	0	4	5	3
m.9104	238	2	0	3	0	0	0
m.9109	151	3	5	6	6	5	4.5
m.911	192	0	1	3	2	1	1.5
m.9110	140	7	19	16.5	19	19	16.5
m.9113	661	0	1	0	2	1	1.5
m.9119	158	16	31	31.5	35	25	30
m.912	124	0	1	0	0	1	0
m.9122	382	9	6	7.5	5	9	4.5
m.9133	155	5	17	13.5	12	17	12
m.9135	505	12	14	6	14	15	7.5
m.9137	549	9	5	9	12	7	18
m.9144	101	18	29	33	35	29	40.5
m.9151	279	9	10	9	9	9	9
m.9152	194	0	0	0	0	0	1.5
m.9155	254	3	1	3	0	1	0
m.9167	564	8	13	12	9	11	10.5
m.9176	257	12	12	12	7	8	7.5
m.9178	193	1	2	0	2	5	0
m.918	345	42	36	36	41	41	37.5
m.9181	139	3	6	6	3	9	12
m.9188	352	4	3	6	5	5	4.5
m.9193	136	0	0	1.5	1	1	1.5
m.9195	251	0	0	0	2	2	0
m.9199	682	0	2	1.5	0	0	0
m.9200	158	0	1	0	0	2	1.5
m.9202	127	5	6	6	4	4	3
m.9222	392	1	0	0	1	1	0
m.9224	322	1	9	10.5	9	8	4.5
m.9226	462	39	68	60	57	64	51
m.923	391	6	1	3	2	7	4.5
m.924	786	15	9	15	8	12	33
m.9242	256	8	9	9	12	8	9
m.925	826	40	78	54	53	56	58.5
m.9253	509	3	5	3	3	3	3
m.9267	132	0	0	0	0	1	0
m.9269	593	1	0	0	0	1	6
m.9279	376	9	6	6	5	2	1.5
m.9284	447	12	11	19.5	19	14	22.5
m.9290	1260	0	0	0	1	1	0
m.9295	226	5	9	7.5	10	10	7.5
m.9299	205	5	21	21	22	24	28.5
m.930	399	0	1	0	1	0	0
m.9302	366	2	1	0	1	2	3
m.9307	494	1	2	0	0	0	0
m.931	242	1	1	0	0	0	0
m.9312	311	3	3	1.5	3	5	1.5
m.9319	314	5	5	4.5	2	8	1.5
m.9322	625	10	12	12	9	16	15
m.9330	588	12	18	16.5	17	14	12
m.9331	568	0	2	0	0	0	0
m.9340	260	4	3	6	5	7	6
m.9341	306	0	0	1.5	0	1	6
m.9342	193	10	9	9	6	10	18
m.9363	503	0	1	0	0	2	0
m.9366	437	2	3	3	2	3	1.5
m.9373	1378	0	0	1.5	0	0	0
m.9386	745	3	3	3	1	5	1.5
m.9399	268	24	24	31.5	18	33	13.5
m.940	484	11	8	6	6	12	6
m.9408	224	3	1	1.5	0	2	0
m.9411	328	24	27	34.5	20	37	13.5
m.9419	124	2	0	1.5	0	1	1.5
m.9424	545	106	204	174	155	174	126
m.9431	161	1	0	0	0	0	0
m.9432	802	3	8	7.5	10	3	1.5
m.9443	895	1	0	1.5	2	5	0
m.9447	704	19	8	15	18	14	18
m.9463	205	0	0	0	3	3	0
m.9470	281	0	0	0	1	1	1.5
m.9472	530	0	2	0	1	0	0
m.9474	609	3	3	3	0	5	3
m.9478	1342	83	96	79.5	87	99	73.5
m.948	269	11	17	13.5	19	12	16.5
m.9482	331	4	4	6	6	5	6
m.949	153	20	19	12	19	14	16.5
m.9498	636	6	6	7.5	7	5	9
m.9505	767	1	3	0	1	3	0
m.951	473	1	1	3	0	3	1.5
m.9511	681	14	17	18	15	18	19.5
m.9527	577	0	0	7.5	1	2	0
m.9546	175	13	17	18	15	20	7.5
m.9551	312	1	0	1.5	2	2	3
m.9557	1256	0	0	0	1	2	0
m.9560	412	6	17	13.5	15	16	6
m.9561	429	9	24	15	22	27	16.5
m.9566	251	12	11	15	11	13	6
m.9571	451	3	3	1.5	3	1	3
m.9578	173	13	47	37.5	40	43	39
m.9583	214	0	0	0	0	1	0
m.9587	410	3	3	1.5	4	3	1.5
m.9595	223	72	89	79.5	71	74	99
m.9596	217	0	2	1.5	2	0	1.5
m.9604	530	0	0	4.5	10	10	3
m.9611	446	3	5	3	3	3	3
m.9621	354	1	1	1.5	0	1	0
m.9628	960	13	7	13.5	9	8	28.5
m.965	551	32	48	54	46	52	48
m.9652	236	27	30	18	28	26	30
m.9654	1097	0	0	3	0	0	0
m.9666	288	1	18	0	7	0	0
m.9689	170	8	24	19.5	14	25	16.5
m.9698	154	3	3	1.5	3	3	1.5
m.9699	450	33	86	63	77	51	60
m.972	503	2	1	6	0	5	0
m.9723	684	20	0	0	0	39	0
m.9726	370	0	0	1.5	0	1	0
m.9734	585	2	1	4.5	5	3	3
m.9738	222	38	53	54	65	51	49.5
m.9740	719	0	0	0	0	1	0
m.9753	748	31	28	34.5	22	29	24
m.9774	382	8	8	7.5	11	10	6
m.9778	264	4	0	0	0	2	3
m.9779	278	9	11	7.5	6	15	7.5
m.9807	393	22	27	25.5	33	24	28.5
m.9816	202	6	9	7.5	7	8	10.5
m.983	610	10	10	10.5	12	10	7.5
m.9853	405	4	6	6	3	8	4.5
m.9855	546	8	8	10.5	4	13	6
m.9865	419	1	16	13.5	17	6	18
m.9873	222	13	11	18	12	16	13.5
m.9878	617	1	2	0	1	1	0
m.9881	429	0	7	1.5	8	0	6
m.9886	890	1	1	0	0	4	4.5
m.9891	150	6	17	12	10	8	9
m.9927	451	0	1	4.5	3	5	4.5
m.9935	160	9	7	7.5	8	8	7.5
m.9939	196	13	15	13.5	14	14	13.5
m.9955	392	1	0	1.5	0	3	0
m.9956	418	2	6	4.5	9	5	6
m.9957	415	42	72	55.5	77	69	67.5
m.9972	351	5	1	1.5	2	6	6
m.9986	274	13	27	15	18	18	16.5
m.9987	752	0	1	1.5	0	1	0
m.9990	280	3	6	3	7	2	4.5
NP_851372.1	214	0	6	7.5	3	9	6
P02769	607	44	54	7.5	15	5	55.5