-1.1575	0.075244	0.000000	0.075244
-1.1532	0.077832	0.000000	0.077832
-1.1489	0.080490	0.000000	0.080490
-1.1445	0.083219	0.000000	0.083219
-1.1402	0.086020	0.000000	0.086020
-1.1359	0.088894	0.000000	0.088894
-1.1316	0.091842	0.000000	0.091842
-1.1272	0.094866	0.000000	0.094866
-1.1229	0.097965	0.000000	0.097965
-1.1186	0.101141	0.000000	0.101141
-1.1143	0.104396	0.000000	0.104396
-1.1099	0.107729	0.000000	0.107729
-1.1056	0.111142	0.000000	0.111142
-1.1013	0.114636	0.000000	0.114636
-1.0970	0.118212	0.000000	0.118212
-1.0926	0.121870	0.000000	0.121870
-1.0883	0.125611	0.000000	0.125611
-1.0840	0.129436	0.000000	0.129436
-1.0797	0.133346	0.000000	0.133346
-1.0753	0.137341	0.000000	0.137341
-1.0710	0.141422	0.000000	0.141422
-1.0667	0.145589	0.000000	0.145589
-1.0624	0.149843	0.000000	0.149843
-1.0581	0.154185	0.000000	0.154185
-1.0537	0.158614	0.000000	0.158614
-1.0494	0.163132	0.000000	0.163132
-1.0451	0.167739	0.000000	0.167739
-1.0408	0.172434	0.000000	0.172434
-1.0364	0.177218	0.000000	0.177218
-1.0321	0.182092	0.000000	0.182092
-1.0278	0.187055	0.000000	0.187055
-1.0235	0.192107	0.000000	0.192107
-1.0191	0.197248	0.000000	0.197248
-1.0148	0.202479	0.000000	0.202479
-1.0105	0.207799	0.000000	0.207799
-1.0062	0.213207	0.000000	0.213207
-1.0018	0.218704	0.000000	0.218704
-0.9975	0.224290	0.000000	0.224290
-0.9932	0.229962	0.000000	0.229962
-0.9889	0.235722	0.000000	0.235722
-0.9846	0.241569	0.000000	0.241569
-0.9802	0.247501	0.000000	0.247501
-0.9759	0.253518	0.000000	0.253518
-0.9716	0.259620	0.000000	0.259620
-0.9673	0.265805	0.000000	0.265805
-0.9629	0.272072	0.000000	0.272072
-0.9586	0.278421	0.000000	0.278421
-0.9543	0.284849	0.000000	0.284849
-0.9500	0.291356	0.000000	0.291356
-0.9456	0.297941	0.000000	0.297941
-0.9413	0.304602	0.000000	0.304602
-0.9370	0.311337	0.000147	0.311484
-0.9327	0.318145	0.000452	0.318596
-0.9283	0.325024	0.000758	0.325782
-0.9240	0.331973	0.001066	0.333039
-0.9197	0.338989	0.001375	0.340364
-0.9154	0.346070	0.001685	0.347756
-0.9110	0.353216	0.001995	0.355211
-0.9067	0.360422	0.002305	0.362727
-0.9024	0.367688	0.002614	0.370302
-0.8981	0.375010	0.002922	0.377933
-0.8938	0.382387	0.003228	0.385616
-0.8894	0.389816	0.003532	0.393348
-0.8851	0.397294	0.003833	0.401127
-0.8808	0.404819	0.004131	0.408950
-0.8765	0.412388	0.004425	0.416813
-0.8721	0.419998	0.004714	0.424712
-0.8678	0.427646	0.004999	0.432645
-0.8635	0.435329	0.005278	0.440608
-0.8592	0.443045	0.005552	0.448597
-0.8548	0.450789	0.005819	0.456608
-0.8505	0.458559	0.006079	0.464638
-0.8462	0.466352	0.006331	0.472683
-0.8419	0.474164	0.006576	0.480740
-0.8375	0.481991	0.006812	0.488804
-0.8332	0.489831	0.007040	0.496871
-0.8289	0.497679	0.007258	0.504937
-0.8246	0.505532	0.007466	0.512998
-0.8202	0.513386	0.007664	0.521050
-0.8159	0.521237	0.007852	0.529089
-0.8116	0.529082	0.008028	0.537110
-0.8073	0.536917	0.008193	0.545110
-0.8030	0.544738	0.008346	0.553084
-0.7986	0.552540	0.008487	0.561027
-0.7943	0.560321	0.008615	0.568936
-0.7900	0.568075	0.008731	0.576805
-0.7857	0.575798	0.008833	0.584632
-0.7813	0.583488	0.008922	0.592410
-0.7770	0.591138	0.008998	0.600136
-0.7727	0.598746	0.009060	0.607806
-0.7684	0.606307	0.009108	0.615415
-0.7640	0.613816	0.009142	0.622958
-0.7597	0.621270	0.009161	0.630432
-0.7554	0.628665	0.009167	0.637831
-0.7511	0.635995	0.009158	0.645153
-0.7467	0.643257	0.009135	0.652391
-0.7424	0.650446	0.009097	0.659543
-0.7381	0.657559	0.009046	0.666604
-0.7338	0.664590	0.008980	0.673570
-0.7295	0.671536	0.008900	0.680436
-0.7251	0.678393	0.008806	0.687199
-0.7208	0.685155	0.008699	0.693854
-0.7165	0.691820	0.008578	0.700399
-0.7122	0.698383	0.008445	0.706827
-0.7078	0.704839	0.008298	0.713137
-0.7035	0.711185	0.008139	0.719324
-0.6992	0.717417	0.007968	0.725385
-0.6949	0.723530	0.007785	0.731316
-0.6905	0.729521	0.007591	0.737113
-0.6862	0.735386	0.007387	0.742773
-0.6819	0.741121	0.007172	0.748293
-0.6776	0.746722	0.006948	0.753670
-0.6732	0.752186	0.006715	0.758901
-0.6689	0.757508	0.006474	0.763982
-0.6646	0.762686	0.006225	0.768911
-0.6603	0.767716	0.005969	0.773685
-0.6559	0.772594	0.005708	0.778302
-0.6516	0.777318	0.005441	0.782758
-0.6473	0.781883	0.005169	0.787052
-0.6430	0.786287	0.004894	0.791181
-0.6387	0.790527	0.004616	0.795144
-0.6343	0.794600	0.004337	0.798937
-0.6300	0.798503	0.004057	0.802560
-0.6257	0.802234	0.003777	0.806010
-0.6214	0.805789	0.003498	0.809286
-0.6170	0.809166	0.003221	0.812387
-0.6127	0.812364	0.002947	0.815311
-0.6084	0.815379	0.002678	0.818057
-0.6041	0.818210	0.002414	0.820624
-0.5997	0.820854	0.002157	0.823011
-0.5954	0.823311	0.001907	0.825218
-0.5911	0.825577	0.001666	0.827243
-0.5868	0.827651	0.001435	0.829087
-0.5824	0.829533	0.001216	0.830749
-0.5781	0.831220	0.001008	0.832228
-0.5738	0.832711	0.000814	0.833525
-0.5695	0.834006	0.000635	0.834641
-0.5651	0.835103	0.000471	0.835575
-0.5608	0.836002	0.000325	0.836327
-0.5565	0.836702	0.000197	0.836898
-0.5522	0.837202	0.000088	0.837290
-0.5479	0.837502	0.000000	0.837502
-0.5435	0.837602	0.000000	0.837602
-0.5392	0.837502	0.000000	0.837502
-0.5349	0.837202	0.000000	0.837202
-0.5306	0.836702	0.000000	0.836702
-0.5262	0.836002	0.000000	0.836002
-0.5219	0.835103	0.000000	0.835103
-0.5176	0.834006	0.000061	0.834067
-0.5133	0.832711	0.000180	0.832891
-0.5089	0.831220	0.000329	0.831549
-0.5046	0.829533	0.000511	0.830044
-0.5003	0.827651	0.000726	0.828377
-0.4960	0.825577	0.000975	0.826552
-0.4916	0.823311	0.001258	0.824569
-0.4873	0.820854	0.001578	0.822432
-0.4830	0.818210	0.001934	0.820144
-0.4787	0.815379	0.002328	0.817707
-0.4743	0.812364	0.002760	0.815124
-0.4700	0.809166	0.003231	0.812398
-0.4657	0.805789	0.003743	0.809532
-0.4614	0.802234	0.004295	0.806528
-0.4571	0.798503	0.004888	0.803391
-0.4527	0.794600	0.005524	0.800124
-0.4484	0.790527	0.006202	0.796729
-0.4441	0.786287	0.006923	0.793210
-0.4398	0.781883	0.007688	0.789571
-0.4354	0.777318	0.008497	0.785814
-0.4311	0.772594	0.009350	0.781945
-0.4268	0.767716	0.010249	0.777965
-0.4225	0.762686	0.011192	0.773878
-0.4181	0.757508	0.012181	0.769689
-0.4138	0.752186	0.013215	0.765401
-0.4095	0.746722	0.014296	0.761018
-0.4052	0.741121	0.015422	0.756543
-0.4008	0.735386	0.016594	0.751980
-0.3965	0.729521	0.017812	0.747333
-0.3922	0.723530	0.019076	0.742606
-0.3879	0.717417	0.020385	0.737802
-0.3836	0.711185	0.021741	0.732926
-0.3792	0.704839	0.023141	0.727981
-0.3749	0.698383	0.024587	0.722970
-0.3706	0.691820	0.026078	0.717898
-0.3663	0.685155	0.027614	0.712769
-0.3619	0.678393	0.029193	0.707586
-0.3576	0.671536	0.030817	0.702353
-0.3533	0.664590	0.032483	0.697073
-0.3490	0.657559	0.034192	0.691751
-0.3446	0.650446	0.035943	0.686390
-0.3403	0.643257	0.037736	0.680993
-0.3360	0.635995	0.039569	0.675564
-0.3317	0.628665	0.041443	0.670107
-0.3273	0.621270	0.043355	0.664626
-0.3230	0.613816	0.045306	0.659123
-0.3187	0.606307	0.047295	0.653602
-0.3144	0.598746	0.049320	0.648066
-0.3100	0.591138	0.051381	0.642520
-0.3057	0.583488	0.053477	0.636965
-0.3014	0.575798	0.055607	0.631405
-0.2971	0.568075	0.057769	0.625844
-0.2928	0.560321	0.059963	0.620284
-0.2884	0.552540	0.062188	0.614728
-0.2841	0.544738	0.064442	0.609180
-0.2798	0.536917	0.066724	0.603642
-0.2755	0.529082	0.069034	0.598116
-0.2711	0.521237	0.071369	0.592607
-0.2668	0.513386	0.073729	0.587115
-0.2625	0.505532	0.076113	0.581645
-0.2582	0.497679	0.078519	0.576197
-0.2538	0.489831	0.080945	0.570776
-0.2495	0.481991	0.083391	0.565383
-0.2452	0.474164	0.085856	0.560020
-0.2409	0.466352	0.088337	0.554689
-0.2365	0.458559	0.090834	0.549394
-0.2322	0.450789	0.093345	0.544134
-0.2279	0.443045	0.095869	0.538914
-0.2236	0.435329	0.098405	0.533734
-0.2192	0.427646	0.100950	0.528596
-0.2149	0.419998	0.103505	0.523503
-0.2106	0.412388	0.106067	0.518455
-0.2063	0.404819	0.108635	0.513454
-0.2020	0.397294	0.111207	0.508501
-0.1976	0.389816	0.113783	0.503599
-0.1933	0.382387	0.116361	0.498748
-0.1890	0.375010	0.118939	0.493949
-0.1847	0.367688	0.121516	0.489204
-0.1803	0.360422	0.124092	0.484514
-0.1760	0.353216	0.126664	0.479880
-0.1717	0.346070	0.129231	0.475302
-0.1674	0.338989	0.131793	0.470781
-0.1630	0.331973	0.134347	0.466319
-0.1587	0.325024	0.136892	0.461916
-0.1544	0.318145	0.139428	0.457572
-0.1501	0.311337	0.141952	0.453289
-0.1457	0.304602	0.144464	0.449066
-0.1414	0.297941	0.146963	0.444904
-0.1371	0.291356	0.149448	0.440804
-0.1328	0.284849	0.151916	0.436765
-0.1285	0.278421	0.154368	0.432788
-0.1241	0.272072	0.156801	0.428874
-0.1198	0.265805	0.159216	0.425021
-0.1155	0.259620	0.161611	0.421231
-0.1112	0.253518	0.163984	0.417503
-0.1068	0.247501	0.166336	0.413837
-0.1025	0.241569	0.168664	0.410233
-0.0982	0.235722	0.170969	0.406691
-0.0939	0.229962	0.173249	0.403211
-0.0895	0.224290	0.175503	0.399792
-0.0852	0.218704	0.177730	0.396434
-0.0809	0.213207	0.179930	0.393137
-0.0766	0.207799	0.182102	0.389901
-0.0722	0.202479	0.184245	0.386724
-0.0679	0.197248	0.186359	0.383607
-0.0636	0.192107	0.188442	0.380549
-0.0593	0.187055	0.190494	0.377549
-0.0549	0.182092	0.192515	0.374607
-0.0506	0.177218	0.194503	0.371722
-0.0463	0.172434	0.196459	0.368893
-0.0420	0.167739	0.198382	0.366121
-0.0377	0.163132	0.200271	0.363403
-0.0333	0.158614	0.202126	0.360740
-0.0290	0.154185	0.203946	0.358131
-0.0247	0.149843	0.205732	0.355575
-0.0204	0.145589	0.207482	0.353071
-0.0160	0.141422	0.209196	0.350618
-0.0117	0.137341	0.210875	0.348215
-0.0074	0.133346	0.212517	0.345863
-0.0031	0.129436	0.214122	0.343559
0.0013	0.125611	0.215692	0.341303
0.0056	0.121870	0.217224	0.339094
0.0099	0.118212	0.218719	0.336931
0.0142	0.114636	0.220177	0.334814
0.0186	0.111142	0.221598	0.332740
0.0229	0.107729	0.222982	0.330711
0.0272	0.104396	0.224328	0.328724
0.0315	0.101141	0.225637	0.326778
0.0359	0.097965	0.226909	0.324874
0.0402	0.094866	0.228143	0.323009
0.0445	0.091842	0.229340	0.321183
0.0488	0.088894	0.230501	0.319395
0.0531	0.086020	0.231624	0.317644
0.0575	0.083219	0.232710	0.315929
0.0618	0.080490	0.233760	0.314250
0.0661	0.077832	0.234773	0.312605
0.0704	0.075244	0.235750	0.310994
0.0748	0.072724	0.236691	0.309415
0.0791	0.070272	0.237596	0.307868
0.0834	0.067886	0.238466	0.306352
0.0877	0.065566	0.239300	0.304866
0.0921	0.063310	0.240099	0.303409
0.0964	0.061116	0.240864	0.301981
0.1007	0.058985	0.241595	0.300580
0.1050	0.056915	0.242292	0.299206
0.1094	0.054904	0.242955	0.297859
0.1137	0.052951	0.243585	0.296536
0.1180	0.051056	0.244182	0.295238
0.1223	0.049216	0.244747	0.293964
0.1266	0.047432	0.245281	0.292713
0.1310	0.045702	0.245782	0.291484
0.1353	0.044024	0.246253	0.290277
0.1396	0.042397	0.246694	0.289091
0.1439	0.040821	0.247104	0.287925
0.1483	0.039294	0.247485	0.286779
0.1526	0.037815	0.247836	0.285651
0.1569	0.036383	0.248160	0.284543
0.1612	0.034997	0.248455	0.283452
0.1656	0.033656	0.248722	0.282378
0.1699	0.032358	0.248963	0.281321
0.1742	0.031103	0.249177	0.280281
0.1785	0.029890	0.249366	0.279255
0.1829	0.028717	0.249529	0.278245
0.1872	0.027583	0.249667	0.277250
0.1915	0.026488	0.249781	0.276269
0.1958	0.025430	0.249871	0.275301
0.2002	0.024409	0.249938	0.274347
0.2045	0.023423	0.249983	0.273405
0.2088	0.022471	0.250005	0.272476
0.2131	0.021553	0.250006	0.271559
0.2174	0.020668	0.249986	0.270654
0.2218	0.019814	0.249945	0.269760
0.2261	0.018991	0.249885	0.268876
0.2304	0.018198	0.249806	0.268004
0.2347	0.017434	0.249708	0.267141
0.2391	0.016697	0.249591	0.266289
0.2434	0.015989	0.249457	0.265446
0.2477	0.015306	0.249306	0.264612
0.2520	0.014649	0.249138	0.263788
0.2564	0.014017	0.248955	0.262972
0.2607	0.013409	0.248756	0.262165
0.2650	0.012825	0.248542	0.261366
0.2693	0.012263	0.248313	0.260576
0.2737	0.011722	0.248071	0.259793
0.2780	0.011203	0.247815	0.259018
0.2823	0.010705	0.247547	0.258251
0.2866	0.010226	0.247265	0.257491
0.2910	0.009766	0.246972	0.256738
0.2953	0.009324	0.246668	0.255993
0.2996	0.008901	0.246353	0.255254
0.3039	0.008495	0.246027	0.254521
0.3082	0.008105	0.245691	0.253796
0.3126	0.007731	0.245346	0.253077
0.3169	0.007373	0.244991	0.252364
0.3212	0.007030	0.244628	0.251657
0.3255	0.006701	0.244256	0.250957
0.3299	0.006385	0.243877	0.250262
0.3342	0.006084	0.243490	0.249574
0.3385	0.005795	0.243096	0.248891
0.3428	0.005519	0.242695	0.248214
0.3472	0.005254	0.242288	0.247542
0.3515	0.005001	0.241876	0.246876
0.3558	0.004759	0.241457	0.246216
0.3601	0.004528	0.241034	0.245561
0.3645	0.004306	0.240605	0.244912
0.3688	0.004095	0.240172	0.244267
0.3731	0.003893	0.239735	0.243628
0.3774	0.003700	0.239294	0.242994
0.3817	0.003516	0.238849	0.242366
0.3861	0.003341	0.238401	0.241742
0.3904	0.003173	0.237950	0.241123
0.3947	0.003013	0.237497	0.240510
0.3990	0.002860	0.237041	0.239901
0.4034	0.002715	0.236582	0.239297
0.4077	0.002576	0.236122	0.238698
0.4120	0.002444	0.235660	0.238104
0.4163	0.002318	0.235197	0.237515
0.4207	0.002198	0.234732	0.236930
0.4250	0.002083	0.234267	0.236350
0.4293	0.001974	0.233800	0.235775
0.4336	0.001871	0.233333	0.235204
0.4380	0.001772	0.232865	0.234638
0.4423	0.001678	0.232397	0.234076
0.4466	0.001589	0.231929	0.233519
0.4509	0.001504	0.231461	0.232966
0.4553	0.001424	0.230994	0.232418
0.4596	0.001347	0.230526	0.231874
0.4639	0.001274	0.230060	0.231334
0.4682	0.001205	0.229594	0.230799
0.4725	0.001139	0.229128	0.230268
0.4769	0.001077	0.228664	0.229741
0.4812	0.001018	0.228200	0.229218
0.4855	0.000962	0.227738	0.228699
0.4898	0.000908	0.227276	0.228185
0.4942	0.000858	0.226817	0.227674
0.4985	0.000810	0.226358	0.227168
0.5028	0.000765	0.225901	0.226665
0.5071	0.000721	0.225445	0.226167
0.5115	0.000681	0.224991	0.225672
0.5158	0.000642	0.224539	0.225181
0.5201	0.000605	0.224088	0.224693
0.5244	0.000571	0.223639	0.224210
0.5288	0.000538	0.223192	0.223730
0.5331	0.000507	0.222746	0.223253
0.5374	0.000478	0.222302	0.222780
0.5417	0.000450	0.221860	0.222310
0.5461	0.000424	0.221420	0.221844
0.5504	0.000399	0.220982	0.221381
0.5547	0.000375	0.220546	0.220921
0.5590	0.000353	0.220111	0.220464
0.5633	0.000332	0.219679	0.220011
0.5677	0.000313	0.219248	0.219560
0.5720	0.000294	0.218819	0.219113
0.5763	0.000276	0.218391	0.218668
0.5806	0.000260	0.217966	0.218225
0.5850	0.000244	0.217542	0.217786
0.5893	0.000229	0.217120	0.217349
0.5936	0.000215	0.216699	0.216915
0.5979	0.000202	0.216280	0.216483
0.6023	0.000190	0.215863	0.216053
0.6066	0.000178	0.215447	0.215625
0.6109	0.000167	0.215033	0.215200
0.6152	0.000157	0.214619	0.214776
0.6196	0.000147	0.214208	0.214355
0.6239	0.000138	0.213797	0.213935
0.6282	0.000129	0.213387	0.213517
0.6325	0.000121	0.212979	0.213100
0.6368	0.000113	0.212571	0.212685
0.6412	0.000106	0.212165	0.212271
0.6455	0.000100	0.211759	0.211858
0.6498	0.000093	0.211353	0.211447
0.6541	0.000087	0.210949	0.211036
0.6585	0.000082	0.210545	0.210626
0.6628	0.000076	0.210141	0.210217
0.6671	0.000071	0.209737	0.209809
0.6714	0.000067	0.209334	0.209401
0.6758	0.000062	0.208930	0.208993
0.6801	0.000058	0.208527	0.208585
0.6844	0.000055	0.208123	0.208178
0.6887	0.000051	0.207719	0.207770
0.6931	0.000048	0.207315	0.207363
0.6974	0.000044	0.206910	0.206955
0.7017	0.000041	0.206505	0.206546
0.7060	0.000039	0.206098	0.206137
0.7104	0.000036	0.205691	0.205727
0.7147	0.000034	0.205282	0.205316
0.7190	0.000031	0.204873	0.204904
0.7233	0.000029	0.204462	0.204491
0.7276	0.000027	0.204050	0.204077
0.7320	0.000025	0.203636	0.203661
0.7363	0.000024	0.203220	0.203244
0.7406	0.000022	0.202803	0.202825
0.7449	0.000021	0.202384	0.202404
0.7493	0.000019	0.201963	0.201982
0.7536	0.000018	0.201539	0.201557
0.7579	0.000017	0.201113	0.201130
0.7622	0.000015	0.200685	0.200701
0.7666	0.000014	0.200254	0.200269
0.7709	0.000013	0.199821	0.199834
0.7752	0.000012	0.199385	0.199397
0.7795	0.000012	0.198946	0.198958
0.7839	0.000011	0.198504	0.198515
0.7882	0.000010	0.198059	0.198069
0.7925	0.000009	0.197611	0.197620
0.7968	0.000009	0.197160	0.197168
0.8012	0.000008	0.196705	0.196713
0.8055	0.000007	0.196247	0.196254
0.8098	0.000007	0.195785	0.195792
0.8141	0.000006	0.195320	0.195326
0.8184	0.000006	0.194851	0.194857
0.8228	0.000005	0.194379	0.194384
0.8271	0.000005	0.193902	0.193907
0.8314	0.000005	0.193422	0.193427
0.8357	0.000004	0.192938	0.192942
0.8401	0.000004	0.192450	0.192454
0.8444	0.000004	0.191958	0.191962
0.8487	0.000003	0.191462	0.191465
0.8530	0.000003	0.190962	0.190965
0.8574	0.000003	0.190458	0.190461
0.8617	0.000003	0.189949	0.189952
0.8660	0.000003	0.189437	0.189440
0.8703	0.000002	0.188921	0.188923
0.8747	0.000002	0.188400	0.188402
0.8790	0.000002	0.187876	0.187878
0.8833	0.000002	0.187347	0.187349
0.8876	0.000002	0.186814	0.186816
0.8920	0.000002	0.186277	0.186279
0.8963	0.000001	0.185737	0.185738
0.9006	0.000001	0.185192	0.185193
0.9049	0.000001	0.184643	0.184644
0.9092	0.000001	0.184090	0.184092
0.9136	0.000001	0.183534	0.183535
0.9179	0.000001	0.182974	0.182975
0.9222	0.000001	0.182410	0.182411
0.9265	0.000001	0.181842	0.181843
0.9309	0.000001	0.181271	0.181272
0.9352	0.000001	0.180696	0.180697
0.9395	0.000001	0.180118	0.180118
0.9438	0.000001	0.179536	0.179537
0.9482	0.000001	0.178951	0.178952
0.9525	0.000001	0.178363	0.178364
0.9568	0.000000	0.177772	0.177772
0.9611	0.000000	0.177178	0.177178
0.9655	0.000000	0.176581	0.176581
0.9698	0.000000	0.175981	0.175981
0.9741	0.000000	0.175378	0.175378
0.9784	0.000000	0.174772	0.174773
0.9827	0.000000	0.174165	0.174165
0.9871	0.000000	0.173554	0.173555
0.9914	0.000000	0.172942	0.172942
0.9957	0.000000	0.172327	0.172327
1.0000	0.000000	0.171710	0.171710
1.0044	0.000000	0.171091	0.171091
1.0087	0.000000	0.170470	0.170470
1.0130	0.000000	0.169848	0.169848
1.0173	0.000000	0.169223	0.169224
1.0217	0.000000	0.168598	0.168598
1.0260	0.000000	0.167970	0.167970
1.0303	0.000000	0.167341	0.167342
1.0346	0.000000	0.166711	0.166712
1.0390	0.000000	0.166080	0.166080
1.0433	0.000000	0.165448	0.165448
1.0476	0.000000	0.164814	0.164815
1.0519	0.000000	0.164180	0.164180
1.0563	0.000000	0.163545	0.163545
1.0606	0.000000	0.162909	0.162909
1.0649	0.000000	0.162272	0.162272
1.0692	0.000000	0.161635	0.161635
1.0735	0.000000	0.160997	0.160997
1.0779	0.000000	0.160359	0.160359
1.0822	0.000000	0.159720	0.159720
1.0865	0.000000	0.159080	0.159080
1.0908	0.000000	0.158441	0.158441
1.0952	0.000000	0.157801	0.157801
1.0995	0.000000	0.157161	0.157161
1.1038	0.000000	0.156520	0.156520
1.1081	0.000000	0.155879	0.155879
1.1125	0.000000	0.155238	0.155238
1.1168	0.000000	0.154597	0.154597
1.1211	0.000000	0.153956	0.153956
1.1254	0.000000	0.153315	0.153315
1.1298	0.000000	0.152673	0.152673
1.1341	0.000000	0.152031	0.152031
1.1384	0.000000	0.151390	0.151390
1.1427	0.000000	0.150748	0.150748
1.1471	0.000000	0.150105	0.150105
1.1514	0.000000	0.149463	0.149463
1.1557	0.000000	0.148820	0.148820
1.1600	0.000000	0.148178	0.148178
1.1643	0.000000	0.147535	0.147535
1.1687	0.000000	0.146891	0.146891
1.1730	0.000000	0.146247	0.146247
1.1773	0.000000	0.145603	0.145603
1.1816	0.000000	0.144959	0.144959
1.1860	0.000000	0.144314	0.144314
1.1903	0.000000	0.143668	0.143668
1.1946	0.000000	0.143022	0.143022
1.1989	0.000000	0.142376	0.142376
1.2033	0.000000	0.141728	0.141728
1.2076	0.000000	0.141080	0.141080
1.2119	0.000000	0.140432	0.140432
1.2162	0.000000	0.139782	0.139782
1.2206	0.000000	0.139132	0.139132
1.2249	0.000000	0.138480	0.138480
1.2292	0.000000	0.137828	0.137828
1.2335	0.000000	0.137175	0.137175
1.2378	0.000000	0.136520	0.136520
1.2422	0.000000	0.135865	0.135865
1.2465	0.000000	0.135208	0.135208
1.2508	0.000000	0.134550	0.134550
1.2551	0.000000	0.133891	0.133891
1.2595	0.000000	0.133230	0.133230
1.2638	0.000000	0.132568	0.132568
1.2681	0.000000	0.131905	0.131905
1.2724	0.000000	0.131240	0.131240
1.2768	0.000000	0.130574	0.130574
1.2811	0.000000	0.129906	0.129906
1.2854	0.000000	0.129237	0.129237
1.2897	0.000000	0.128566	0.128566
1.2941	0.000000	0.127894	0.127894
1.2984	0.000000	0.127220	0.127220
1.3027	0.000000	0.126544	0.126544
1.3070	0.000000	0.125867	0.125867
1.3114	0.000000	0.125189	0.125189
1.3157	0.000000	0.124509	0.124509
1.3200	0.000000	0.123827	0.123827
1.3243	0.000000	0.123144	0.123144
1.3286	0.000000	0.122459	0.122459
1.3330	0.000000	0.121773	0.121773
1.3373	0.000000	0.121085	0.121085
1.3416	0.000000	0.120396	0.120396
1.3459	0.000000	0.119706	0.119706
1.3503	0.000000	0.119014	0.119014
1.3546	0.000000	0.118321	0.118321
1.3589	0.000000	0.117627	0.117627
1.3632	0.000000	0.116932	0.116932
1.3676	0.000000	0.116235	0.116235
1.3719	0.000000	0.115538	0.115538
1.3762	0.000000	0.114840	0.114840
1.3805	0.000000	0.114141	0.114141
1.3849	0.000000	0.113441	0.113441
1.3892	0.000000	0.112741	0.112741
1.3935	0.000000	0.112040	0.112040
1.3978	0.000000	0.111338	0.111338
1.4022	0.000000	0.110636	0.110636
1.4065	0.000000	0.109935	0.109935
1.4108	0.000000	0.109233	0.109233
1.4151	0.000000	0.108531	0.108531
1.4194	0.000000	0.107829	0.107829
1.4238	0.000000	0.107127	0.107127
1.4281	0.000000	0.106426	0.106426
1.4324	0.000000	0.105726	0.105726
1.4367	0.000000	0.105026	0.105026
1.4411	0.000000	0.104327	0.104327
1.4454	0.000000	0.103628	0.103628
1.4497	0.000000	0.102931	0.102931
1.4540	0.000000	0.102236	0.102236
1.4584	0.000000	0.101541	0.101541
1.4627	0.000000	0.100848	0.100848
1.4670	0.000000	0.100157	0.100157
1.4713	0.000000	0.099467	0.099467
1.4757	0.000000	0.098780	0.098780
1.4800	0.000000	0.098094	0.098094
1.4843	0.000000	0.097411	0.097411
1.4886	0.000000	0.096730	0.096730
1.4929	0.000000	0.096052	0.096052
1.4973	0.000000	0.095376	0.095376
1.5016	0.000000	0.094704	0.094704
1.5059	0.000000	0.094034	0.094034
1.5102	0.000000	0.093367	0.093367
1.5146	0.000000	0.092703	0.092703
1.5189	0.000000	0.092043	0.092043
1.5232	0.000000	0.091386	0.091386
1.5275	0.000000	0.090733	0.090733
1.5319	0.000000	0.090083	0.090083
1.5362	0.000000	0.089437	0.089437
1.5405	0.000000	0.088796	0.088796
1.5448	0.000000	0.088158	0.088158
1.5492	0.000000	0.087524	0.087524
1.5535	0.000000	0.086895	0.086895
1.5578	0.000000	0.086270	0.086270
1.5621	0.000000	0.085650	0.085650
1.5665	0.000000	0.085034	0.085034
1.5708	0.000000	0.084422	0.084422
1.5751	0.000000	0.083816	0.083816
1.5794	0.000000	0.083214	0.083214
1.5837	0.000000	0.082617	0.082617
1.5881	0.000000	0.082025	0.082025
1.5924	0.000000	0.081438	0.081438
1.5967	0.000000	0.080857	0.080857
1.6010	0.000000	0.080280	0.080280
1.6054	0.000000	0.079709	0.079709
1.6097	0.000000	0.079142	0.079142
1.6140	0.000000	0.078581	0.078581
1.6183	0.000000	0.078026	0.078026
1.6227	0.000000	0.077476	0.077476
1.6270	0.000000	0.076931	0.076931
1.6313	0.000000	0.076391	0.076391
1.6356	0.000000	0.075857	0.075857
1.6400	0.000000	0.075328	0.075328
1.6443	0.000000	0.074805	0.074805
1.6486	0.000000	0.074288	0.074288
1.6529	0.000000	0.073775	0.073775
1.6573	0.000000	0.073269	0.073269
1.6616	0.000000	0.072767	0.072767
1.6659	0.000000	0.072271	0.072271
1.6702	0.000000	0.071781	0.071781
1.6745	0.000000	0.071296	0.071296
1.6789	0.000000	0.070816	0.070816
1.6832	0.000000	0.070342	0.070342
1.6875	0.000000	0.069873	0.069873
1.6918	0.000000	0.069410	0.069410
1.6962	0.000000	0.068952	0.068952
1.7005	0.000000	0.068499	0.068499
1.7048	0.000000	0.068051	0.068051
1.7091	0.000000	0.067608	0.067608
1.7135	0.000000	0.067171	0.067171
1.7178	0.000000	0.066739	0.066739
1.7221	0.000000	0.066311	0.066311
1.7264	0.000000	0.065889	0.065889
1.7308	0.000000	0.065472	0.065472
1.7351	0.000000	0.065059	0.065059
1.7394	0.000000	0.064652	0.064652
1.7437	0.000000	0.064249	0.064249
1.7480	0.000000	0.063851	0.063851
1.7524	0.000000	0.063458	0.063458
1.7567	0.000000	0.063069	0.063069
1.7610	0.000000	0.062685	0.062685
1.7653	0.000000	0.062305	0.062305
1.7697	0.000000	0.061930	0.061930
1.7740	0.000000	0.061559	0.061559
1.7783	0.000000	0.061193	0.061193
1.7826	0.000000	0.060830	0.060830
1.7870	0.000000	0.060472	0.060472
1.7913	0.000000	0.060119	0.060119
1.7956	0.000000	0.059769	0.059769
1.7999	0.000000	0.059423	0.059423
1.8043	0.000000	0.059081	0.059081
1.8086	0.000000	0.058743	0.058743
1.8129	0.000000	0.058409	0.058409
1.8172	0.000000	0.058079	0.058079
1.8216	0.000000	0.057752	0.057752
1.8259	0.000000	0.057429	0.057429
1.8302	0.000000	0.057110	0.057110
1.8345	0.000000	0.056794	0.056794
1.8388	0.000000	0.056481	0.056481
1.8432	0.000000	0.056172	0.056172
1.8475	0.000000	0.055866	0.055866
1.8518	0.000000	0.055564	0.055564
1.8561	0.000000	0.055265	0.055265
1.8605	0.000000	0.054969	0.054969
1.8648	0.000000	0.054676	0.054676
1.8691	0.000000	0.054386	0.054386
1.8734	0.000000	0.054099	0.054099
1.8778	0.000000	0.053815	0.053815
1.8821	0.000000	0.053533	0.053533
1.8864	0.000000	0.053255	0.053255
1.8907	0.000000	0.052980	0.052980
1.8951	0.000000	0.052707	0.052707
1.8994	0.000000	0.052436	0.052436
1.9037	0.000000	0.052169	0.052169
1.9080	0.000000	0.051904	0.051904
1.9124	0.000000	0.051641	0.051641
1.9167	0.000000	0.051381	0.051381
1.9210	0.000000	0.051123	0.051123
1.9253	0.000000	0.050868	0.050868
1.9296	0.000000	0.050615	0.050615
1.9340	0.000000	0.050364	0.050364
1.9383	0.000000	0.050116	0.050116
1.9426	0.000000	0.049869	0.049869
1.9469	0.000000	0.049625	0.049625
1.9513	0.000000	0.049382	0.049382
1.9556	0.000000	0.049142	0.049142
1.9599	0.000000	0.048903	0.048903
1.9642	0.000000	0.048667	0.048667
1.9686	0.000000	0.048432	0.048432
1.9729	0.000000	0.048199	0.048199
1.9772	0.000000	0.047968	0.047968
1.9815	0.000000	0.047739	0.047739
1.9859	0.000000	0.047511	0.047511
1.9902	0.000000	0.047285	0.047285
1.9945	0.000000	0.047061	0.047061
1.9988	0.000000	0.046838	0.046838
2.0031	0.000000	0.046616	0.046616
2.0075	0.000000	0.046396	0.046396
2.0118	0.000000	0.046178	0.046178
2.0161	0.000000	0.045960	0.045960
2.0204	0.000000	0.045745	0.045745
2.0248	0.000000	0.045530	0.045530
2.0291	0.000000	0.045317	0.045317
2.0334	0.000000	0.045104	0.045104
2.0377	0.000000	0.044893	0.044893
2.0421	0.000000	0.044683	0.044683
2.0464	0.000000	0.044475	0.044475
2.0507	0.000000	0.044267	0.044267
2.0550	0.000000	0.044060	0.044060
2.0594	0.000000	0.043854	0.043854
2.0637	0.000000	0.043649	0.043649
2.0680	0.000000	0.043446	0.043446
2.0723	0.000000	0.043243	0.043243
2.0767	0.000000	0.043040	0.043040
2.0810	0.000000	0.042839	0.042839
2.0853	0.000000	0.042638	0.042638
2.0896	0.000000	0.042439	0.042439
2.0939	0.000000	0.042240	0.042240
2.0983	0.000000	0.042041	0.042041
2.1026	0.000000	0.041844	0.041844
2.1069	0.000000	0.041647	0.041647
2.1112	0.000000	0.041450	0.041450
2.1156	0.000000	0.041254	0.041254
2.1199	0.000000	0.041059	0.041059
2.1242	0.000000	0.040865	0.040865
2.1285	0.000000	0.040671	0.040671
2.1329	0.000000	0.040477	0.040477
2.1372	0.000000	0.040285	0.040285
2.1415	0.000000	0.040092	0.040092
2.1458	0.000000	0.039900	0.039900
2.1502	0.000000	0.039709	0.039709
2.1545	0.000000	0.039518	0.039518
2.1588	0.000000	0.039328	0.039328
2.1631	0.000000	0.039138	0.039138
2.1675	0.000000	0.038949	0.038949
2.1718	0.000000	0.038760	0.038760
2.1761	0.000000	0.038572	0.038572
2.1804	0.000000	0.038384	0.038384
2.1847	0.000000	0.038197	0.038197
2.1891	0.000000	0.038010	0.038010
2.1934	0.000000	0.037824	0.037824
2.1977	0.000000	0.037638	0.037638
2.2020	0.000000	0.037452	0.037452
2.2064	0.000000	0.037268	0.037268
2.2107	0.000000	0.037083	0.037083
2.2150	0.000000	0.036900	0.036900
2.2193	0.000000	0.036717	0.036717
2.2237	0.000000	0.036534	0.036534
2.2280	0.000000	0.036352	0.036352
2.2323	0.000000	0.036171	0.036171
2.2366	0.000000	0.035990	0.035990
2.2410	0.000000	0.035810	0.035810
2.2453	0.000000	0.035631	0.035631
2.2496	0.000000	0.035452	0.035452
2.2539	0.000000	0.035274	0.035274
2.2583	0.000000	0.035097	0.035097
2.2626	0.000000	0.034920	0.034920
2.2669	0.000000	0.034744	0.034744
2.2712	0.000000	0.034569	0.034569
2.2755	0.000000	0.034395	0.034395
2.2799	0.000000	0.034221	0.034221
2.2842	0.000000	0.034049	0.034049
2.2885	0.000000	0.033877	0.033877
2.2928	0.000000	0.033706	0.033706
2.2972	0.000000	0.033536	0.033536
2.3015	0.000000	0.033367	0.033367
2.3058	0.000000	0.033198	0.033198
2.3101	0.000000	0.033031	0.033031
2.3145	0.000000	0.032865	0.032865
2.3188	0.000000	0.032699	0.032699
2.3231	0.000000	0.032535	0.032535
2.3274	0.000000	0.032371	0.032371
2.3318	0.000000	0.032209	0.032209
2.3361	0.000000	0.032047	0.032047
2.3404	0.000000	0.031887	0.031887
2.3447	0.000000	0.031728	0.031728
2.3490	0.000000	0.031569	0.031569
2.3534	0.000000	0.031412	0.031412
2.3577	0.000000	0.031256	0.031256
2.3620	0.000000	0.031101	0.031101
2.3663	0.000000	0.030947	0.030947
2.3707	0.000000	0.030794	0.030794
2.3750	0.000000	0.030642	0.030642
2.3793	0.000000	0.030492	0.030492
2.3836	0.000000	0.030342	0.030342
2.3880	0.000000	0.030194	0.030194
2.3923	0.000000	0.030046	0.030046
2.3966	0.000000	0.029900	0.029900
2.4009	0.000000	0.029755	0.029755
2.4053	0.000000	0.029610	0.029610
2.4096	0.000000	0.029467	0.029467
2.4139	0.000000	0.029325	0.029325
2.4182	0.000000	0.029184	0.029184
2.4226	0.000000	0.029044	0.029044
2.4269	0.000000	0.028905	0.028905
2.4312	0.000000	0.028767	0.028767
2.4355	0.000000	0.028630	0.028630
2.4398	0.000000	0.028494	0.028494
2.4442	0.000000	0.028358	0.028358
2.4485	0.000000	0.028224	0.028224
2.4528	0.000000	0.028091	0.028091
2.4571	0.000000	0.027959	0.027959
2.4615	0.000000	0.027827	0.027827
2.4658	0.000000	0.027696	0.027696
2.4701	0.000000	0.027566	0.027566
2.4744	0.000000	0.027437	0.027437
2.4788	0.000000	0.027309	0.027309
2.4831	0.000000	0.027182	0.027182
2.4874	0.000000	0.027055	0.027055
2.4917	0.000000	0.026929	0.026929
2.4961	0.000000	0.026803	0.026803
2.5004	0.000000	0.026678	0.026678
2.5047	0.000000	0.026554	0.026554
2.5090	0.000000	0.026431	0.026431
2.5134	0.000000	0.026308	0.026308
2.5177	0.000000	0.026185	0.026185
2.5220	0.000000	0.026063	0.026063
2.5263	0.000000	0.025942	0.025942
2.5306	0.000000	0.025821	0.025821
2.5350	0.000000	0.025701	0.025701
2.5393	0.000000	0.025581	0.025581
2.5436	0.000000	0.025461	0.025461
2.5479	0.000000	0.025342	0.025342
2.5523	0.000000	0.025223	0.025223
2.5566	0.000000	0.025104	0.025104
2.5609	0.000000	0.024986	0.024986
2.5652	0.000000	0.024868	0.024868
2.5696	0.000000	0.024750	0.024750
2.5739	0.000000	0.024633	0.024633
2.5782	0.000000	0.024516	0.024516
2.5825	0.000000	0.024399	0.024399
2.5869	0.000000	0.024282	0.024282
2.5912	0.000000	0.024166	0.024166
2.5955	0.000000	0.024050	0.024050
2.5998	0.000000	0.023933	0.023933
2.6041	0.000000	0.023818	0.023818
2.6085	0.000000	0.023702	0.023702
2.6128	0.000000	0.023586	0.023586
2.6171	0.000000	0.023471	0.023471
2.6214	0.000000	0.023356	0.023356
2.6258	0.000000	0.023241	0.023241
2.6301	0.000000	0.023126	0.023126
2.6344	0.000000	0.023011	0.023011
2.6387	0.000000	0.022896	0.022896
2.6431	0.000000	0.022782	0.022782
2.6474	0.000000	0.022667	0.022667
2.6517	0.000000	0.022553	0.022553
2.6560	0.000000	0.022439	0.022439
2.6604	0.000000	0.022325	0.022325
2.6647	0.000000	0.022212	0.022212
2.6690	0.000000	0.022098	0.022098
2.6733	0.000000	0.021985	0.021985
2.6777	0.000000	0.021872	0.021872
2.6820	0.000000	0.021759	0.021759
2.6863	0.000000	0.021647	0.021647
2.6906	0.000000	0.021535	0.021535
2.6949	0.000000	0.021423	0.021423
2.6993	0.000000	0.021311	0.021311
2.7036	0.000000	0.021200	0.021200
2.7079	0.000000	0.021089	0.021089
2.7122	0.000000	0.020978	0.020978
2.7166	0.000000	0.020868	0.020868
2.7209	0.000000	0.020758	0.020758
2.7252	0.000000	0.020649	0.020649
2.7295	0.000000	0.020540	0.020540
2.7339	0.000000	0.020432	0.020432
2.7382	0.000000	0.020324	0.020324
2.7425	0.000000	0.020216	0.020216
2.7468	0.000000	0.020109	0.020109
2.7512	0.000000	0.020003	0.020003
2.7555	0.000000	0.019897	0.019897
2.7598	0.000000	0.019792	0.019792
2.7641	0.000000	0.019688	0.019688
2.7685	0.000000	0.019584	0.019584
2.7728	0.000000	0.019481	0.019481
2.7771	0.000000	0.019379	0.019379
2.7814	0.000000	0.019277	0.019277
2.7857	0.000000	0.019177	0.019177
2.7901	0.000000	0.019077	0.019077
2.7944	0.000000	0.018978	0.018978
2.7987	0.000000	0.018879	0.018879
2.8030	0.000000	0.018782	0.018782
2.8074	0.000000	0.018685	0.018685
2.8117	0.000000	0.018590	0.018590
2.8160	0.000000	0.018495	0.018495
2.8203	0.000000	0.018401	0.018401
2.8247	0.000000	0.018309	0.018309
2.8290	0.000000	0.018217	0.018217
2.8333	0.000000	0.018126	0.018126
2.8376	0.000000	0.018037	0.018037
2.8420	0.000000	0.017948	0.017948
2.8463	0.000000	0.017860	0.017860
2.8506	0.000000	0.017774	0.017774
2.8549	0.000000	0.017689	0.017689
2.8592	0.000000	0.017604	0.017604
2.8636	0.000000	0.017521	0.017521
2.8679	0.000000	0.017439	0.017439
2.8722	0.000000	0.017359	0.017359
2.8765	0.000000	0.017279	0.017279
2.8809	0.000000	0.017200	0.017200
2.8852	0.000000	0.017123	0.017123
2.8895	0.000000	0.017047	0.017047
2.8938	0.000000	0.016972	0.016972
2.8982	0.000000	0.016898	0.016898
2.9025	0.000000	0.016825	0.016825
2.9068	0.000000	0.016754	0.016754
2.9111	0.000000	0.016684	0.016684
2.9155	0.000000	0.016614	0.016614
2.9198	0.000000	0.016547	0.016547
2.9241	0.000000	0.016480	0.016480
2.9284	0.000000	0.016414	0.016414
2.9328	0.000000	0.016350	0.016350
2.9371	0.000000	0.016287	0.016287
2.9414	0.000000	0.016225	0.016225
2.9457	0.000000	0.016164	0.016164
2.9500	0.000000	0.016104	0.016104
2.9544	0.000000	0.016045	0.016045
2.9587	0.000000	0.015987	0.015987
2.9630	0.000000	0.015931	0.015931
2.9673	0.000000	0.015875	0.015875
2.9717	0.000000	0.015821	0.015821
2.9760	0.000000	0.015768	0.015768
2.9803	0.000000	0.015715	0.015715
2.9846	0.000000	0.015664	0.015664
2.9890	0.000000	0.015614	0.015614
2.9933	0.000000	0.015564	0.015564
2.9976	0.000000	0.015516	0.015516
3.0019	0.000000	0.015469	0.015469
3.0063	0.000000	0.015422	0.015422
3.0106	0.000000	0.015376	0.015376
3.0149	0.000000	0.015331	0.015331
3.0192	0.000000	0.015287	0.015287
3.0236	0.000000	0.015244	0.015244
3.0279	0.000000	0.015202	0.015202
3.0322	0.000000	0.015160	0.015160
3.0365	0.000000	0.015119	0.015119
3.0408	0.000000	0.015079	0.015079
3.0452	0.000000	0.015039	0.015039
3.0495	0.000000	0.015000	0.015000
3.0538	0.000000	0.014961	0.014961
3.0581	0.000000	0.014924	0.014924
3.0625	0.000000	0.014886	0.014886
3.0668	0.000000	0.014850	0.014850
3.0711	0.000000	0.014813	0.014813
3.0754	0.000000	0.014777	0.014777
3.0798	0.000000	0.014742	0.014742
3.0841	0.000000	0.014707	0.014707
3.0884	0.000000	0.014672	0.014672
3.0927	0.000000	0.014638	0.014638
3.0971	0.000000	0.014604	0.014604
3.1014	0.000000	0.014570	0.014570
3.1057	0.000000	0.014537	0.014537
3.1100	0.000000	0.014503	0.014503
3.1143	0.000000	0.014470	0.014470
3.1187	0.000000	0.014437	0.014437
3.1230	0.000000	0.014404	0.014404
3.1273	0.000000	0.014371	0.014371
3.1316	0.000000	0.014338	0.014338
3.1360	0.000000	0.014306	0.014306
3.1403	0.000000	0.014273	0.014273
3.1446	0.000000	0.014240	0.014240
3.1489	0.000000	0.014207	0.014207
3.1533	0.000000	0.014174	0.014174
3.1576	0.000000	0.014141	0.014141
3.1619	0.000000	0.014108	0.014108
3.1662	0.000000	0.014075	0.014075
3.1706	0.000000	0.014041	0.014041
3.1749	0.000000	0.014008	0.014008
3.1792	0.000000	0.013974	0.013974
3.1835	0.000000	0.013939	0.013939
3.1879	0.000000	0.013905	0.013905
3.1922	0.000000	0.013870	0.013870
3.1965	0.000000	0.013835	0.013835
3.2008	0.000000	0.013800	0.013800
3.2051	0.000000	0.013764	0.013764
3.2095	0.000000	0.013728	0.013728
3.2138	0.000000	0.013691	0.013691
3.2181	0.000000	0.013654	0.013654
3.2224	0.000000	0.013616	0.013616
3.2268	0.000000	0.013579	0.013579
3.2311	0.000000	0.013540	0.013540
3.2354	0.000000	0.013502	0.013502
3.2397	0.000000	0.013462	0.013462
3.2441	0.000000	0.013423	0.013423
3.2484	0.000000	0.013382	0.013382
3.2527	0.000000	0.013342	0.013342
3.2570	0.000000	0.013300	0.013300
3.2614	0.000000	0.013259	0.013259
3.2657	0.000000	0.013216	0.013216
3.2700	0.000000	0.013174	0.013174
3.2743	0.000000	0.013130	0.013130
3.2787	0.000000	0.013087	0.013087
3.2830	0.000000	0.013042	0.013042
3.2873	0.000000	0.012997	0.012997
3.2916	0.000000	0.012952	0.012952
3.2959	0.000000	0.012906	0.012906
3.3003	0.000000	0.012860	0.012860
3.3046	0.000000	0.012813	0.012813
3.3089	0.000000	0.012765	0.012765
3.3132	0.000000	0.012718	0.012718
3.3176	0.000000	0.012669	0.012669
3.3219	0.000000	0.012620	0.012620
3.3262	0.000000	0.012571	0.012571
3.3305	0.000000	0.012521	0.012521
3.3349	0.000000	0.012471	0.012471
3.3392	0.000000	0.012420	0.012420
3.3435	0.000000	0.012369	0.012369
3.3478	0.000000	0.012317	0.012317
3.3522	0.000000	0.012265	0.012265
3.3565	0.000000	0.012213	0.012213
3.3608	0.000000	0.012160	0.012160
3.3651	0.000000	0.012107	0.012107
3.3694	0.000000	0.012054	0.012054
3.3738	0.000000	0.012000	0.012000
3.3781	0.000000	0.011946	0.011946
3.3824	0.000000	0.011892	0.011892
3.3867	0.000000	0.011837	0.011837
3.3911	0.000000	0.011782	0.011782
3.3954	0.000000	0.011727	0.011727
3.3997	0.000000	0.011672	0.011672
3.4040	0.000000	0.011617	0.011617
3.4084	0.000000	0.011561	0.011561
3.4127	0.000000	0.011505	0.011505
3.4170	0.000000	0.011449	0.011449
3.4213	0.000000	0.011393	0.011393
3.4257	0.000000	0.011337	0.011337
3.4300	0.000000	0.011281	0.011281
3.4343	0.000000	0.011225	0.011225
3.4386	0.000000	0.011168	0.011168
3.4430	0.000000	0.011112	0.011112
3.4473	0.000000	0.011056	0.011056
3.4516	0.000000	0.010999	0.010999
3.4559	0.000000	0.010943	0.010943
3.4602	0.000000	0.010887	0.010887
3.4646	0.000000	0.010831	0.010831
3.4689	0.000000	0.010775	0.010775
3.4732	0.000000	0.010719	0.010719
3.4775	0.000000	0.010663	0.010663
3.4819	0.000000	0.010607	0.010607
3.4862	0.000000	0.010552	0.010552
3.4905	0.000000	0.010497	0.010497
3.4948	0.000000	0.010441	0.010441
3.4992	0.000000	0.010387	0.010387
3.5035	0.000000	0.010332	0.010332
3.5078	0.000000	0.010277	0.010277
3.5121	0.000000	0.010223	0.010223
3.5165	0.000000	0.010169	0.010169
3.5208	0.000000	0.010115	0.010115
3.5251	0.000000	0.010062	0.010062
3.5294	0.000000	0.010009	0.010009
3.5338	0.000000	0.009956	0.009956
3.5381	0.000000	0.009903	0.009903
3.5424	0.000000	0.009851	0.009851
3.5467	0.000000	0.009799	0.009799
3.5510	0.000000	0.009747	0.009747
3.5554	0.000000	0.009696	0.009696
3.5597	0.000000	0.009645	0.009645
3.5640	0.000000	0.009594	0.009594
3.5683	0.000000	0.009544	0.009544
3.5727	0.000000	0.009494	0.009494
3.5770	0.000000	0.009444	0.009444
3.5813	0.000000	0.009395	0.009395
3.5856	0.000000	0.009346	0.009346
3.5900	0.000000	0.009297	0.009297
3.5943	0.000000	0.009248	0.009248
3.5986	0.000000	0.009200	0.009200
3.6029	0.000000	0.009152	0.009152
3.6073	0.000000	0.009104	0.009104
3.6116	0.000000	0.009057	0.009057
3.6159	0.000000	0.009010	0.009010
3.6202	0.000000	0.008963	0.008963
3.6246	0.000000	0.008917	0.008917
3.6289	0.000000	0.008870	0.008870
3.6332	0.000000	0.008824	0.008824
3.6375	0.000000	0.008779	0.008779
3.6418	0.000000	0.008733	0.008733
3.6462	0.000000	0.008688	0.008688
3.6505	0.000000	0.008642	0.008642
3.6548	0.000000	0.008597	0.008597
3.6591	0.000000	0.008553	0.008553
3.6635	0.000000	0.008508	0.008508
3.6678	0.000000	0.008463	0.008463
3.6721	0.000000	0.008419	0.008419
3.6764	0.000000	0.008375	0.008375
3.6808	0.000000	0.008331	0.008331
3.6851	0.000000	0.008286	0.008286
3.6894	0.000000	0.008242	0.008242
3.6937	0.000000	0.008199	0.008199
3.6981	0.000000	0.008155	0.008155
3.7024	0.000000	0.008111	0.008111
3.7067	0.000000	0.008067	0.008067
3.7110	0.000000	0.008023	0.008023
3.7153	0.000000	0.007979	0.007979
3.7197	0.000000	0.007936	0.007936
3.7240	0.000000	0.007892	0.007892
3.7283	0.000000	0.007848	0.007848
3.7326	0.000000	0.007804	0.007804
3.7370	0.000000	0.007760	0.007760
3.7413	0.000000	0.007716	0.007716
3.7456	0.000000	0.007672	0.007672
3.7499	0.000000	0.007627	0.007627
3.7543	0.000000	0.007583	0.007583
3.7586	0.000000	0.007538	0.007538
3.7629	0.000000	0.007494	0.007494
3.7672	0.000000	0.007449	0.007449
3.7716	0.000000	0.007404	0.007404
3.7759	0.000000	0.007359	0.007359
3.7802	0.000000	0.007314	0.007314
3.7845	0.000000	0.007269	0.007269
3.7889	0.000000	0.007223	0.007223
3.7932	0.000000	0.007178	0.007178
3.7975	0.000000	0.007132	0.007132
3.8018	0.000000	0.007086	0.007086
3.8061	0.000000	0.007040	0.007040
3.8105	0.000000	0.006994	0.006994
3.8148	0.000000	0.006947	0.006947
3.8191	0.000000	0.006901	0.006901
3.8234	0.000000	0.006854	0.006854
3.8278	0.000000	0.006807	0.006807
3.8321	0.000000	0.006760	0.006760
3.8364	0.000000	0.006713	0.006713
3.8407	0.000000	0.006666	0.006666
3.8451	0.000000	0.006619	0.006619
3.8494	0.000000	0.006571	0.006571
3.8537	0.000000	0.006524	0.006524
3.8580	0.000000	0.006476	0.006476
3.8624	0.000000	0.006429	0.006429
3.8667	0.000000	0.006381	0.006381
3.8710	0.000000	0.006333	0.006333
3.8753	0.000000	0.006285	0.006285
3.8797	0.000000	0.006237	0.006237
3.8840	0.000000	0.006189	0.006189
3.8883	0.000000	0.006142	0.006142
3.8926	0.000000	0.006094	0.006094
3.8969	0.000000	0.006046	0.006046
3.9013	0.000000	0.005998	0.005998
3.9056	0.000000	0.005950	0.005950
3.9099	0.000000	0.005903	0.005903
3.9142	0.000000	0.005855	0.005855
3.9186	0.000000	0.005808	0.005808
3.9229	0.000000	0.005761	0.005761
3.9272	0.000000	0.005714	0.005714
3.9315	0.000000	0.005667	0.005667
3.9359	0.000000	0.005620	0.005620
3.9402	0.000000	0.005574	0.005574
3.9445	0.000000	0.005527	0.005527
3.9488	0.000000	0.005482	0.005482
3.9532	0.000000	0.005436	0.005436
3.9575	0.000000	0.005391	0.005391
3.9618	0.000000	0.005346	0.005346
3.9661	0.000000	0.005301	0.005301
3.9704	0.000000	0.005257	0.005257
3.9748	0.000000	0.005213	0.005213
3.9791	0.000000	0.005170	0.005170
3.9834	0.000000	0.005127	0.005127
3.9877	0.000000	0.005084	0.005084
3.9921	0.000000	0.005042	0.005042
3.9964	0.000000	0.005000	0.005000
4.0007	0.000000	0.004959	0.004959
4.0050	0.000000	0.004919	0.004919
4.0094	0.000000	0.004879	0.004879
4.0137	0.000000	0.004839	0.004839
4.0180	0.000000	0.004800	0.004800
4.0223	0.000000	0.004762	0.004762
4.0267	0.000000	0.004725	0.004725
4.0310	0.000000	0.004688	0.004688
4.0353	0.000000	0.004651	0.004651
4.0396	0.000000	0.004615	0.004615
4.0440	0.000000	0.004580	0.004580
4.0483	0.000000	0.004546	0.004546
4.0526	0.000000	0.004512	0.004512
4.0569	0.000000	0.004479	0.004479
4.0612	0.000000	0.004447	0.004447
4.0656	0.000000	0.004416	0.004416
4.0699	0.000000	0.004385	0.004385
4.0742	0.000000	0.004355	0.004355
4.0785	0.000000	0.004325	0.004325
4.0829	0.000000	0.004297	0.004297
4.0872	0.000000	0.004269	0.004269
4.0915	0.000000	0.004242	0.004242
4.0958	0.000000	0.004215	0.004215
4.1002	0.000000	0.004190	0.004190
4.1045	0.000000	0.004165	0.004165
4.1088	0.000000	0.004141	0.004141
4.1131	0.000000	0.004117	0.004117
4.1175	0.000000	0.004095	0.004095
4.1218	0.000000	0.004073	0.004073
4.1261	0.000000	0.004051	0.004051
4.1304	0.000000	0.004031	0.004031
4.1348	0.000000	0.004011	0.004011
4.1391	0.000000	0.003992	0.003992
4.1434	0.000000	0.003974	0.003974
4.1477	0.000000	0.003956	0.003956
4.1520	0.000000	0.003939	0.003939
4.1564	0.000000	0.003923	0.003923
4.1607	0.000000	0.003908	0.003908
4.1650	0.000000	0.003893	0.003893
4.1693	0.000000	0.003879	0.003879
4.1737	0.000000	0.003865	0.003865
4.1780	0.000000	0.003852	0.003852
4.1823	0.000000	0.003840	0.003840
4.1866	0.000000	0.003828	0.003828
4.1910	0.000000	0.003816	0.003816
4.1953	0.000000	0.003806	0.003806
4.1996	0.000000	0.003796	0.003796
4.2039	0.000000	0.003786	0.003786
4.2083	0.000000	0.003777	0.003777
4.2126	0.000000	0.003768	0.003768
4.2169	0.000000	0.003760	0.003760
4.2212	0.000000	0.003752	0.003752
4.2255	0.000000	0.003745	0.003745
4.2299	0.000000	0.003738	0.003738
4.2342	0.000000	0.003732	0.003732
4.2385	0.000000	0.003725	0.003725
4.2428	0.000000	0.003720	0.003720
4.2472	0.000000	0.003714	0.003714
4.2515	0.000000	0.003709	0.003709
4.2558	0.000000	0.003704	0.003704
4.2601	0.000000	0.003699	0.003699
4.2645	0.000000	0.003695	0.003695
4.2688	0.000000	0.003691	0.003691
4.2731	0.000000	0.003687	0.003687
4.2774	0.000000	0.003683	0.003683
4.2818	0.000000	0.003679	0.003679
4.2861	0.000000	0.003676	0.003676
4.2904	0.000000	0.003673	0.003673
4.2947	0.000000	0.003669	0.003669
4.2991	0.000000	0.003666	0.003666
4.3034	0.000000	0.003663	0.003663
4.3077	0.000000	0.003660	0.003660
4.3120	0.000000	0.003657	0.003657
4.3163	0.000000	0.003654	0.003654
4.3207	0.000000	0.003651	0.003651
4.3250	0.000000	0.003648	0.003648
4.3293	0.000000	0.003645	0.003645
4.3336	0.000000	0.003641	0.003641
4.3380	0.000000	0.003638	0.003638
4.3423	0.000000	0.003635	0.003635
4.3466	0.000000	0.003631	0.003631
4.3509	0.000000	0.003628	0.003628
4.3553	0.000000	0.003624	0.003624
4.3596	0.000000	0.003620	0.003620
4.3639	0.000000	0.003616	0.003616
4.3682	0.000000	0.003612	0.003612
4.3726	0.000000	0.003608	0.003608
4.3769	0.000000	0.003603	0.003603
4.3812	0.000000	0.003598	0.003598
4.3855	0.000000	0.003593	0.003593
4.3899	0.000000	0.003588	0.003588
4.3942	0.000000	0.003583	0.003583
4.3985	0.000000	0.003577	0.003577
4.4028	0.000000	0.003571	0.003571
4.4071	0.000000	0.003565	0.003565
4.4115	0.000000	0.003558	0.003558
4.4158	0.000000	0.003552	0.003552
4.4201	0.000000	0.003545	0.003545
4.4244	0.000000	0.003537	0.003537
4.4288	0.000000	0.003530	0.003530
4.4331	0.000000	0.003522	0.003522
4.4374	0.000000	0.003514	0.003514
4.4417	0.000000	0.003506	0.003506
4.4461	0.000000	0.003497	0.003497
4.4504	0.000000	0.003488	0.003488
4.4547	0.000000	0.003479	0.003479
4.4590	0.000000	0.003470	0.003470
4.4634	0.000000	0.003460	0.003460
4.4677	0.000000	0.003450	0.003450
4.4720	0.000000	0.003440	0.003440
4.4763	0.000000	0.003430	0.003430
4.4806	0.000000	0.003419	0.003419
4.4850	0.000000	0.003408	0.003408
4.4893	0.000000	0.003397	0.003397
4.4936	0.000000	0.003386	0.003386
4.4979	0.000000	0.003374	0.003374
4.5023	0.000000	0.003362	0.003362
4.5066	0.000000	0.003350	0.003350
4.5109	0.000000	0.003338	0.003338
4.5152	0.000000	0.003326	0.003326
4.5196	0.000000	0.003313	0.003313
4.5239	0.000000	0.003300	0.003300
4.5282	0.000000	0.003287	0.003287
4.5325	0.000000	0.003274	0.003274
4.5369	0.000000	0.003261	0.003261
4.5412	0.000000	0.003248	0.003248
4.5455	0.000000	0.003234	0.003234
4.5498	0.000000	0.003221	0.003221
4.5542	0.000000	0.003207	0.003207
4.5585	0.000000	0.003194	0.003194
4.5628	0.000000	0.003180	0.003180
4.5671	0.000000	0.003166	0.003166
4.5714	0.000000	0.003152	0.003152
4.5758	0.000000	0.003138	0.003138
4.5801	0.000000	0.003125	0.003125
4.5844	0.000000	0.003111	0.003111
4.5887	0.000000	0.003097	0.003097
4.5931	0.000000	0.003083	0.003083
4.5974	0.000000	0.003069	0.003069
4.6017	0.000000	0.003056	0.003056
4.6060	0.000000	0.003042	0.003042
4.6104	0.000000	0.003028	0.003028
4.6147	0.000000	0.003015	0.003015
4.6190	0.000000	0.003002	0.003002
4.6233	0.000000	0.002988	0.002988
4.6277	0.000000	0.002975	0.002975
4.6320	0.000000	0.002962	0.002962
4.6363	0.000000	0.002950	0.002950
4.6406	0.000000	0.002937	0.002937
4.6450	0.000000	0.002925	0.002925
4.6493	0.000000	0.002913	0.002913
4.6536	0.000000	0.002901	0.002901
4.6579	0.000000	0.002889	0.002889
4.6622	0.000000	0.002877	0.002877
4.6666	0.000000	0.002866	0.002866
4.6709	0.000000	0.002855	0.002855
4.6752	0.000000	0.002844	0.002844
4.6795	0.000000	0.002834	0.002834
4.6839	0.000000	0.002823	0.002823
4.6882	0.000000	0.002813	0.002813
4.6925	0.000000	0.002804	0.002804
4.6968	0.000000	0.002795	0.002795
4.7012	0.000000	0.002786	0.002786
4.7055	0.000000	0.002777	0.002777
4.7098	0.000000	0.002769	0.002769
4.7141	0.000000	0.002761	0.002761
4.7185	0.000000	0.002753	0.002753
4.7228	0.000000	0.002746	0.002746
4.7271	0.000000	0.002739	0.002739
4.7314	0.000000	0.002732	0.002732
4.7357	0.000000	0.002726	0.002726
4.7401	0.000000	0.002720	0.002720
4.7444	0.000000	0.002714	0.002714
4.7487	0.000000	0.002709	0.002709
4.7530	0.000000	0.002704	0.002704
4.7574	0.000000	0.002700	0.002700
4.7617	0.000000	0.002696	0.002696
4.7660	0.000000	0.002692	0.002692
4.7703	0.000000	0.002689	0.002689
4.7747	0.000000	0.002686	0.002686
4.7790	0.000000	0.002684	0.002684
4.7833	0.000000	0.002681	0.002681
4.7876	0.000000	0.002680	0.002680
4.7920	0.000000	0.002678	0.002678
4.7963	0.000000	0.002677	0.002677
4.8006	0.000000	0.002676	0.002676
4.8049	0.000000	0.002676	0.002676
4.8093	0.000000	0.002676	0.002676
4.8136	0.000000	0.002676	0.002676
4.8179	0.000000	0.002677	0.002677
4.8222	0.000000	0.002678	0.002678
4.8265	0.000000	0.002679	0.002679
4.8309	0.000000	0.002680	0.002680
4.8352	0.000000	0.002682	0.002682
4.8395	0.000000	0.002684	0.002684
4.8438	0.000000	0.002687	0.002687
4.8482	0.000000	0.002690	0.002690
4.8525	0.000000	0.002693	0.002693
4.8568	0.000000	0.002696	0.002696
4.8611	0.000000	0.002699	0.002699
4.8655	0.000000	0.002703	0.002703
4.8698	0.000000	0.002707	0.002707
4.8741	0.000000	0.002711	0.002711
4.8784	0.000000	0.002715	0.002715
4.8828	0.000000	0.002719	0.002719
4.8871	0.000000	0.002724	0.002724
4.8914	0.000000	0.002729	0.002729
4.8957	0.000000	0.002733	0.002733
4.9001	0.000000	0.002738	0.002738
4.9044	0.000000	0.002743	0.002743
4.9087	0.000000	0.002748	0.002748
4.9130	0.000000	0.002754	0.002754
4.9173	0.000000	0.002759	0.002759
4.9217	0.000000	0.002764	0.002764
4.9260	0.000000	0.002769	0.002769
4.9303	0.000000	0.002774	0.002774
4.9346	0.000000	0.002780	0.002780
4.9390	0.000000	0.002785	0.002785
4.9433	0.000000	0.002790	0.002790
4.9476	0.000000	0.002795	0.002795
4.9519	0.000000	0.002800	0.002800
4.9563	0.000000	0.002805	0.002805
4.9606	0.000000	0.002810	0.002810
4.9649	0.000000	0.002814	0.002814
4.9692	0.000000	0.002819	0.002819
4.9736	0.000000	0.002823	0.002823
4.9779	0.000000	0.002827	0.002827
4.9822	0.000000	0.002831	0.002831
4.9865	0.000000	0.002835	0.002835
4.9909	0.000000	0.002838	0.002838
4.9952	0.000000	0.002841	0.002841
4.9995	0.000000	0.002844	0.002844
5.0038	0.000000	0.002847	0.002847
5.0081	0.000000	0.002849	0.002849
5.0125	0.000000	0.002851	0.002851
5.0168	0.000000	0.002853	0.002853
5.0211	0.000000	0.002854	0.002854
5.0254	0.000000	0.002855	0.002855
5.0298	0.000000	0.002855	0.002855
5.0341	0.000000	0.002856	0.002856
5.0384	0.000000	0.002855	0.002855
5.0427	0.000000	0.002855	0.002855
5.0471	0.000000	0.002854	0.002854
5.0514	0.000000	0.002852	0.002852
5.0557	0.000000	0.002850	0.002850
5.0600	0.000000	0.002848	0.002848
5.0644	0.000000	0.002845	0.002845
5.0687	0.000000	0.002842	0.002842
5.0730	0.000000	0.002838	0.002838
5.0773	0.000000	0.002833	0.002833
5.0816	0.000000	0.002829	0.002829
5.0860	0.000000	0.002823	0.002823
5.0903	0.000000	0.002817	0.002817
5.0946	0.000000	0.002811	0.002811
5.0989	0.000000	0.002804	0.002804
5.1033	0.000000	0.002797	0.002797
5.1076	0.000000	0.002789	0.002789
5.1119	0.000000	0.002780	0.002780
5.1162	0.000000	0.002771	0.002771
5.1206	0.000000	0.002762	0.002762
5.1249	0.000000	0.002752	0.002752
5.1292	0.000000	0.002741	0.002741
5.1335	0.000000	0.002730	0.002730
5.1379	0.000000	0.002719	0.002719
5.1422	0.000000	0.002706	0.002706
5.1465	0.000000	0.002694	0.002694
5.1508	0.000000	0.002681	0.002681
5.1552	0.000000	0.002667	0.002667
5.1595	0.000000	0.002653	0.002653
5.1638	0.000000	0.002638	0.002638
5.1681	0.000000	0.002623	0.002623
5.1724	0.000000	0.002607	0.002607
5.1768	0.000000	0.002591	0.002591
5.1811	0.000000	0.002575	0.002575
5.1854	0.000000	0.002558	0.002558
5.1897	0.000000	0.002540	0.002540
5.1941	0.000000	0.002522	0.002522
5.1984	0.000000	0.002504	0.002504
5.2027	0.000000	0.002485	0.002485
5.2070	0.000000	0.002466	0.002466
5.2114	0.000000	0.002447	0.002447
5.2157	0.000000	0.002427	0.002427
5.2200	0.000000	0.002407	0.002407
5.2243	0.000000	0.002386	0.002386
5.2287	0.000000	0.002365	0.002365
5.2330	0.000000	0.002344	0.002344
5.2373	0.000000	0.002323	0.002323
5.2416	0.000000	0.002301	0.002301
5.2460	0.000000	0.002279	0.002279
5.2503	0.000000	0.002257	0.002257
5.2546	0.000000	0.002235	0.002235
5.2589	0.000000	0.002212	0.002212
5.2632	0.000000	0.002190	0.002190
5.2676	0.000000	0.002167	0.002167
5.2719	0.000000	0.002144	0.002144
5.2762	0.000000	0.002121	0.002121
5.2805	0.000000	0.002097	0.002097
5.2849	0.000000	0.002074	0.002074
5.2892	0.000000	0.002051	0.002051
5.2935	0.000000	0.002027	0.002027
5.2978	0.000000	0.002004	0.002004
5.3022	0.000000	0.001981	0.001981
5.3065	0.000000	0.001957	0.001957
5.3108	0.000000	0.001934	0.001934
5.3151	0.000000	0.001911	0.001911
5.3195	0.000000	0.001888	0.001888
5.3238	0.000000	0.001865	0.001865
5.3281	0.000000	0.001842	0.001842
5.3324	0.000000	0.001819	0.001819
5.3367	0.000000	0.001797	0.001797
5.3411	0.000000	0.001774	0.001774
5.3454	0.000000	0.001752	0.001752
5.3497	0.000000	0.001730	0.001730
5.3540	0.000000	0.001708	0.001708
5.3584	0.000000	0.001687	0.001687
5.3627	0.000000	0.001666	0.001666
5.3670	0.000000	0.001645	0.001645
5.3713	0.000000	0.001624	0.001624
5.3757	0.000000	0.001604	0.001604
5.3800	0.000000	0.001584	0.001584
5.3843	0.000000	0.001565	0.001565
5.3886	0.000000	0.001545	0.001545
5.3930	0.000000	0.001527	0.001527
5.3973	0.000000	0.001508	0.001508
5.4016	0.000000	0.001490	0.001490
5.4059	0.000000	0.001473	0.001473
5.4103	0.000000	0.001456	0.001456
5.4146	0.000000	0.001439	0.001439
5.4189	0.000000	0.001423	0.001423
5.4232	0.000000	0.001408	0.001408
5.4275	0.000000	0.001393	0.001393
5.4319	0.000000	0.001378	0.001378
5.4362	0.000000	0.001364	0.001364
5.4405	0.000000	0.001350	0.001350
5.4448	0.000000	0.001337	0.001337
5.4492	0.000000	0.001325	0.001325
5.4535	0.000000	0.001313	0.001313
5.4578	0.000000	0.001301	0.001301
5.4621	0.000000	0.001291	0.001291
5.4665	0.000000	0.001280	0.001280
5.4708	0.000000	0.001271	0.001271
5.4751	0.000000	0.001262	0.001262
5.4794	0.000000	0.001253	0.001253
5.4838	0.000000	0.001245	0.001245
5.4881	0.000000	0.001238	0.001238
5.4924	0.000000	0.001231	0.001231
5.4967	0.000000	0.001225	0.001225
5.5011	0.000000	0.001219	0.001219
5.5054	0.000000	0.001214	0.001214
5.5097	0.000000	0.001210	0.001210
5.5140	0.000000	0.001206	0.001206
5.5183	0.000000	0.001203	0.001203
5.5227	0.000000	0.001200	0.001200
5.5270	0.000000	0.001198	0.001198
5.5313	0.000000	0.001197	0.001197
5.5356	0.000000	0.001196	0.001196
5.5400	0.000000	0.001195	0.001195
5.5443	0.000000	0.001196	0.001196
5.5486	0.000000	0.001197	0.001197
5.5529	0.000000	0.001198	0.001198
5.5573	0.000000	0.001200	0.001200
5.5616	0.000000	0.001202	0.001202
5.5659	0.000000	0.001205	0.001205
5.5702	0.000000	0.001209	0.001209
5.5746	0.000000	0.001213	0.001213
5.5789	0.000000	0.001218	0.001218
5.5832	0.000000	0.001223	0.001223
5.5875	0.000000	0.001228	0.001228
5.5918	0.000000	0.001234	0.001234
5.5962	0.000000	0.001241	0.001241
5.6005	0.000000	0.001248	0.001248
5.6048	0.000000	0.001256	0.001256
5.6091	0.000000	0.001264	0.001264
5.6135	0.000000	0.001272	0.001272
5.6178	0.000000	0.001281	0.001281
5.6221	0.000000	0.001290	0.001290
5.6264	0.000000	0.001300	0.001300
5.6308	0.000000	0.001310	0.001310
5.6351	0.000000	0.001321	0.001321
5.6394	0.000000	0.001331	0.001331
5.6437	0.000000	0.001343	0.001343
5.6481	0.000000	0.001354	0.001354
5.6524	0.000000	0.001366	0.001366
5.6567	0.000000	0.001378	0.001378
5.6610	0.000000	0.001391	0.001391
5.6654	0.000000	0.001404	0.001404
5.6697	0.000000	0.001417	0.001417
5.6740	0.000000	0.001431	0.001431
5.6783	0.000000	0.001444	0.001444
5.6826	0.000000	0.001458	0.001458
5.6870	0.000000	0.001473	0.001473
5.6913	0.000000	0.001487	0.001487
5.6956	0.000000	0.001502	0.001502
5.6999	0.000000	0.001517	0.001517
5.7043	0.000000	0.001532	0.001532
5.7086	0.000000	0.001547	0.001547
5.7129	0.000000	0.001562	0.001562
5.7172	0.000000	0.001578	0.001578
5.7216	0.000000	0.001594	0.001594
5.7259	0.000000	0.001610	0.001610
5.7302	0.000000	0.001625	0.001625
5.7345	0.000000	0.001642	0.001642
5.7389	0.000000	0.001658	0.001658
5.7432	0.000000	0.001674	0.001674
5.7475	0.000000	0.001690	0.001690
5.7518	0.000000	0.001707	0.001707
5.7562	0.000000	0.001723	0.001723
5.7605	0.000000	0.001739	0.001739
5.7648	0.000000	0.001756	0.001756
5.7691	0.000000	0.001772	0.001772
5.7734	0.000000	0.001789	0.001789
5.7778	0.000000	0.001805	0.001805
5.7821	0.000000	0.001822	0.001822
5.7864	0.000000	0.001838	0.001838
5.7907	0.000000	0.001854	0.001854
5.7951	0.000000	0.001871	0.001871
5.7994	0.000000	0.001887	0.001887
5.8037	0.000000	0.001903	0.001903
5.8080	0.000000	0.001919	0.001919
5.8124	0.000000	0.001935	0.001935
5.8167	0.000000	0.001951	0.001951
5.8210	0.000000	0.001966	0.001966
5.8253	0.000000	0.001982	0.001982
5.8297	0.000000	0.001997	0.001997
5.8340	0.000000	0.002012	0.002012
5.8383	0.000000	0.002027	0.002027
5.8426	0.000000	0.002042	0.002042
5.8469	0.000000	0.002057	0.002057
5.8513	0.000000	0.002072	0.002072
5.8556	0.000000	0.002086	0.002086
5.8599	0.000000	0.002100	0.002100
5.8642	0.000000	0.002114	0.002114
5.8686	0.000000	0.002128	0.002128
5.8729	0.000000	0.002141	0.002141
5.8772	0.000000	0.002154	0.002154
5.8815	0.000000	0.002167	0.002167
5.8859	0.000000	0.002180	0.002180
5.8902	0.000000	0.002193	0.002193
5.8945	0.000000	0.002205	0.002205
5.8988	0.000000	0.002217	0.002217
5.9032	0.000000	0.002228	0.002228
5.9075	0.000000	0.002240	0.002240
5.9118	0.000000	0.002251	0.002251
5.9161	0.000000	0.002261	0.002261
5.9205	0.000000	0.002272	0.002272
5.9248	0.000000	0.002282	0.002282
5.9291	0.000000	0.002292	0.002292
5.9334	0.000000	0.002301	0.002301
5.9377	0.000000	0.002311	0.002311
5.9421	0.000000	0.002319	0.002319
5.9464	0.000000	0.002328	0.002328
5.9507	0.000000	0.002336	0.002336
5.9550	0.000000	0.002344	0.002344
5.9594	0.000000	0.002351	0.002351
5.9637	0.000000	0.002358	0.002358
5.9680	0.000000	0.002365	0.002365
5.9723	0.000000	0.002371	0.002371
5.9767	0.000000	0.002377	0.002377
5.9810	0.000000	0.002383	0.002383
5.9853	0.000000	0.002388	0.002388
5.9896	0.000000	0.002393	0.002393
5.9940	0.000000	0.002397	0.002397
5.9983	0.000000	0.002402	0.002402
6.0026	0.000000	0.002405	0.002405
6.0069	0.000000	0.002408	0.002408
6.0113	0.000000	0.002411	0.002411
6.0156	0.000000	0.002414	0.002414
6.0199	0.000000	0.002416	0.002416
6.0242	0.000000	0.002417	0.002417
6.0285	0.000000	0.002419	0.002419
6.0329	0.000000	0.002420	0.002420
6.0372	0.000000	0.002420	0.002420
6.0415	0.000000	0.002420	0.002420
6.0458	0.000000	0.002419	0.002419
6.0502	0.000000	0.002419	0.002419
6.0545	0.000000	0.002417	0.002417
6.0588	0.000000	0.002416	0.002416
6.0631	0.000000	0.002414	0.002414
6.0675	0.000000	0.002411	0.002411
6.0718	0.000000	0.002408	0.002408
6.0761	0.000000	0.002405	0.002405
6.0804	0.000000	0.002401	0.002401
6.0848	0.000000	0.002396	0.002396
6.0891	0.000000	0.002392	0.002392
6.0934	0.000000	0.002387	0.002387
6.0977	0.000000	0.002381	0.002381
6.1021	0.000000	0.002375	0.002375
6.1064	0.000000	0.002369	0.002369
6.1107	0.000000	0.002362	0.002362
6.1150	0.000000	0.002354	0.002354
6.1193	0.000000	0.002347	0.002347
6.1237	0.000000	0.002339	0.002339
6.1280	0.000000	0.002330	0.002330
6.1323	0.000000	0.002321	0.002321
6.1366	0.000000	0.002312	0.002312
6.1410	0.000000	0.002302	0.002302
6.1453	0.000000	0.002292	0.002292
6.1496	0.000000	0.002281	0.002281
6.1539	0.000000	0.002270	0.002270
6.1583	0.000000	0.002258	0.002258
6.1626	0.000000	0.002246	0.002246
6.1669	0.000000	0.002234	0.002234
6.1712	0.000000	0.002221	0.002221
6.1756	0.000000	0.002208	0.002208
6.1799	0.000000	0.002195	0.002195
6.1842	0.000000	0.002181	0.002181
6.1885	0.000000	0.002167	0.002167
6.1928	0.000000	0.002152	0.002152
6.1972	0.000000	0.002137	0.002137
6.2015	0.000000	0.002121	0.002121
6.2058	0.000000	0.002106	0.002106
6.2101	0.000000	0.002090	0.002090
6.2145	0.000000	0.002073	0.002073
6.2188	0.000000	0.002056	0.002056
6.2231	0.000000	0.002039	0.002039
6.2274	0.000000	0.002022	0.002022
6.2318	0.000000	0.002004	0.002004
6.2361	0.000000	0.001986	0.001986
6.2404	0.000000	0.001967	0.001967
6.2447	0.000000	0.001949	0.001949
6.2491	0.000000	0.001930	0.001930
6.2534	0.000000	0.001910	0.001910
6.2577	0.000000	0.001891	0.001891
6.2620	0.000000	0.001871	0.001871
6.2664	0.000000	0.001851	0.001851
6.2707	0.000000	0.001830	0.001830
6.2750	0.000000	0.001810	0.001810
6.2793	0.000000	0.001789	0.001789
6.2836	0.000000	0.001768	0.001768
6.2880	0.000000	0.001747	0.001747
6.2923	0.000000	0.001725	0.001725
6.2966	0.000000	0.001703	0.001703
6.3009	0.000000	0.001682	0.001682
6.3053	0.000000	0.001660	0.001660
6.3096	0.000000	0.001637	0.001637
6.3139	0.000000	0.001615	0.001615
6.3182	0.000000	0.001593	0.001593
6.3226	0.000000	0.001570	0.001570
6.3269	0.000000	0.001547	0.001547
6.3312	0.000000	0.001525	0.001525
6.3355	0.000000	0.001502	0.001502
6.3399	0.000000	0.001479	0.001479
6.3442	0.000000	0.001456	0.001456
6.3485	0.000000	0.001433	0.001433
6.3528	0.000000	0.001410	0.001410
6.3572	0.000000	0.001386	0.001386
6.3615	0.000000	0.001363	0.001363
6.3658	0.000000	0.001340	0.001340
6.3701	0.000000	0.001317	0.001317
6.3744	0.000000	0.001294	0.001294
6.3788	0.000000	0.001271	0.001271
6.3831	0.000000	0.001248	0.001248
6.3874	0.000000	0.001225	0.001225
6.3917	0.000000	0.001202	0.001202
6.3961	0.000000	0.001179	0.001179
6.4004	0.000000	0.001156	0.001156
6.4047	0.000000	0.001133	0.001133
6.4090	0.000000	0.001110	0.001110
6.4134	0.000000	0.001088	0.001088
6.4177	0.000000	0.001065	0.001065
6.4220	0.000000	0.001043	0.001043
6.4263	0.000000	0.001021	0.001021
6.4307	0.000000	0.000999	0.000999
6.4350	0.000000	0.000977	0.000977
6.4393	0.000000	0.000956	0.000956
6.4436	0.000000	0.000934	0.000934
6.4479	0.000000	0.000913	0.000913
6.4523	0.000000	0.000892	0.000892
6.4566	0.000000	0.000871	0.000871
6.4609	0.000000	0.000850	0.000850
6.4652	0.000000	0.000830	0.000830
6.4696	0.000000	0.000809	0.000809
6.4739	0.000000	0.000789	0.000789
6.4782	0.000000	0.000770	0.000770
6.4825	0.000000	0.000750	0.000750
6.4869	0.000000	0.000731	0.000731
6.4912	0.000000	0.000712	0.000712
6.4955	0.000000	0.000693	0.000693
6.4998	0.000000	0.000674	0.000674
6.5042	0.000000	0.000656	0.000656
6.5085	0.000000	0.000638	0.000638
6.5128	0.000000	0.000621	0.000621
6.5171	0.000000	0.000603	0.000603
6.5215	0.000000	0.000586	0.000586
6.5258	0.000000	0.000569	0.000569
6.5301	0.000000	0.000553	0.000553
6.5344	0.000000	0.000537	0.000537
6.5387	0.000000	0.000521	0.000521
6.5431	0.000000	0.000505	0.000505
6.5474	0.000000	0.000490	0.000490
6.5517	0.000000	0.000475	0.000475
6.5560	0.000000	0.000460	0.000460
6.5604	0.000000	0.000446	0.000446
6.5647	0.000000	0.000431	0.000431
6.5690	0.000000	0.000418	0.000418
6.5733	0.000000	0.000404	0.000404
6.5777	0.000000	0.000391	0.000391
6.5820	0.000000	0.000378	0.000378
6.5863	0.000000	0.000365	0.000365
6.5906	0.000000	0.000353	0.000353
6.5950	0.000000	0.000341	0.000341
6.5993	0.000000	0.000329	0.000329
6.6036	0.000000	0.000318	0.000318
6.6079	0.000000	0.000307	0.000307
6.6123	0.000000	0.000296	0.000296
6.6166	0.000000	0.000286	0.000286
6.6209	0.000000	0.000275	0.000275
6.6252	0.000000	0.000266	0.000266
6.6295	0.000000	0.000256	0.000256
6.6339	0.000000	0.000246	0.000246
6.6382	0.000000	0.000237	0.000237
6.6425	0.000000	0.000229	0.000229
6.6468	0.000000	0.000220	0.000220
6.6512	0.000000	0.000212	0.000212
6.6555	0.000000	0.000204	0.000204
6.6598	0.000000	0.000196	0.000196
6.6641	0.000000	0.000188	0.000188
6.6685	0.000000	0.000181	0.000181
6.6728	0.000000	0.000174	0.000174
6.6771	0.000000	0.000167	0.000167
6.6814	0.000000	0.000161	0.000161
6.6858	0.000000	0.000155	0.000155
6.6901	0.000000	0.000149	0.000149
6.6944	0.000000	0.000143	0.000143
6.6987	0.000000	0.000137	0.000137
6.7030	0.000000	0.000132	0.000132
6.7074	0.000000	0.000127	0.000127
6.7117	0.000000	0.000122	0.000122
6.7160	0.000000	0.000117	0.000117
6.7203	0.000000	0.000113	0.000113
6.7247	0.000000	0.000108	0.000108
6.7290	0.000000	0.000104	0.000104
6.7333	0.000000	0.000100	0.000100
6.7376	0.000000	0.000097	0.000097
6.7420	0.000000	0.000093	0.000093
6.7463	0.000000	0.000090	0.000090
6.7506	0.000000	0.000087	0.000087
6.7549	0.000000	0.000084	0.000084
6.7593	0.000000	0.000081	0.000081
6.7636	0.000000	0.000078	0.000078
6.7679	0.000000	0.000076	0.000076
6.7722	0.000000	0.000074	0.000074
6.7766	0.000000	0.000072	0.000072
6.7809	0.000000	0.000070	0.000070
6.7852	0.000000	0.000068	0.000068
6.7895	0.000000	0.000066	0.000066
6.7938	0.000000	0.000065	0.000065
6.7982	0.000000	0.000064	0.000064
6.8025	0.000000	0.000063	0.000063
6.8068	0.000000	0.000062	0.000062
6.8111	0.000000	0.000061	0.000061
6.8155	0.000000	0.000060	0.000060
6.8198	0.000000	0.000060	0.000060
6.8241	0.000000	0.000059	0.000059
6.8284	0.000000	0.000059	0.000059
6.8328	0.000000	0.000059	0.000059
6.8371	0.000000	0.000059	0.000059
6.8414	0.000000	0.000060	0.000060
6.8457	0.000000	0.000060	0.000060
6.8501	0.000000	0.000061	0.000061
6.8544	0.000000	0.000061	0.000061
6.8587	0.000000	0.000062	0.000062
6.8630	0.000000	0.000063	0.000063
6.8674	0.000000	0.000064	0.000064
6.8717	0.000000	0.000066	0.000066
6.8760	0.000000	0.000067	0.000067
6.8803	0.000000	0.000069	0.000069
6.8846	0.000000	0.000071	0.000071
6.8890	0.000000	0.000072	0.000072
6.8933	0.000000	0.000075	0.000075
6.8976	0.000000	0.000077	0.000077
6.9019	0.000000	0.000079	0.000079
6.9063	0.000000	0.000082	0.000082
6.9106	0.000000	0.000084	0.000084
6.9149	0.000000	0.000087	0.000087
6.9192	0.000000	0.000090	0.000090
6.9236	0.000000	0.000093	0.000093
6.9279	0.000000	0.000097	0.000097
6.9322	0.000000	0.000100	0.000100
6.9365	0.000000	0.000104	0.000104
6.9409	0.000000	0.000108	0.000108
6.9452	0.000000	0.000112	0.000112
6.9495	0.000000	0.000116	0.000116
6.9538	0.000000	0.000121	0.000121
6.9581	0.000000	0.000125	0.000125
6.9625	0.000000	0.000130	0.000130
6.9668	0.000000	0.000135	0.000135
6.9711	0.000000	0.000140	0.000140
6.9754	0.000000	0.000145	0.000145
6.9798	0.000000	0.000151	0.000151
6.9841	0.000000	0.000156	0.000156
6.9884	0.000000	0.000162	0.000162
6.9927	0.000000	0.000168	0.000168
6.9971	0.000000	0.000174	0.000174
7.0014	0.000000	0.000181	0.000181
7.0057	0.000000	0.000188	0.000188
7.0100	0.000000	0.000194	0.000194
7.0144	0.000000	0.000201	0.000201
7.0187	0.000000	0.000209	0.000209
7.0230	0.000000	0.000216	0.000216
7.0273	0.000000	0.000224	0.000224
7.0317	0.000000	0.000232	0.000232
7.0360	0.000000	0.000240	0.000240
7.0403	0.000000	0.000248	0.000248
7.0446	0.000000	0.000256	0.000256
7.0489	0.000000	0.000265	0.000265
7.0533	0.000000	0.000274	0.000274
7.0576	0.000000	0.000283	0.000283
7.0619	0.000000	0.000292	0.000292
7.0662	0.000000	0.000302	0.000302
7.0706	0.000000	0.000312	0.000312
7.0749	0.000000	0.000322	0.000322
7.0792	0.000000	0.000332	0.000332
7.0835	0.000000	0.000342	0.000342
7.0879	0.000000	0.000353	0.000353
7.0922	0.000000	0.000363	0.000363
7.0965	0.000000	0.000374	0.000374
7.1008	0.000000	0.000385	0.000385
7.1052	0.000000	0.000397	0.000397
7.1095	0.000000	0.000408	0.000408
7.1138	0.000000	0.000420	0.000420
7.1181	0.000000	0.000432	0.000432
7.1225	0.000000	0.000444	0.000444
7.1268	0.000000	0.000456	0.000456
7.1311	0.000000	0.000468	0.000468
7.1354	0.000000	0.000481	0.000481
7.1397	0.000000	0.000494	0.000494
7.1441	0.000000	0.000506	0.000506
7.1484	0.000000	0.000519	0.000519
7.1527	0.000000	0.000533	0.000533
7.1570	0.000000	0.000546	0.000546
7.1614	0.000000	0.000559	0.000559
7.1657	0.000000	0.000573	0.000573
7.1700	0.000000	0.000587	0.000587
7.1743	0.000000	0.000600	0.000600
7.1787	0.000000	0.000614	0.000614
7.1830	0.000000	0.000628	0.000628
7.1873	0.000000	0.000642	0.000642
7.1916	0.000000	0.000656	0.000656
7.1960	0.000000	0.000671	0.000671
7.2003	0.000000	0.000685	0.000685
7.2046	0.000000	0.000699	0.000699
7.2089	0.000000	0.000714	0.000714
7.2132	0.000000	0.000728	0.000728
7.2176	0.000000	0.000743	0.000743
7.2219	0.000000	0.000757	0.000757
7.2262	0.000000	0.000772	0.000772
7.2305	0.000000	0.000786	0.000786
7.2349	0.000000	0.000801	0.000801
7.2392	0.000000	0.000815	0.000815
7.2435	0.000000	0.000829	0.000829
7.2478	0.000000	0.000844	0.000844
7.2522	0.000000	0.000858	0.000858
7.2565	0.000000	0.000872	0.000872
7.2608	0.000000	0.000887	0.000887
7.2651	0.000000	0.000901	0.000901
7.2695	0.000000	0.000915	0.000915
7.2738	0.000000	0.000929	0.000929
7.2781	0.000000	0.000942	0.000942
7.2824	0.000000	0.000956	0.000956
7.2868	0.000000	0.000969	0.000969
7.2911	0.000000	0.000983	0.000983
7.2954	0.000000	0.000996	0.000996
7.2997	0.000000	0.001009	0.001009
7.3040	0.000000	0.001022	0.001022
7.3084	0.000000	0.001034	0.001034
7.3127	0.000000	0.001047	0.001047
7.3170	0.000000	0.001059	0.001059
7.3213	0.000000	0.001071	0.001071
7.3257	0.000000	0.001082	0.001082
7.3300	0.000000	0.001094	0.001094
7.3343	0.000000	0.001105	0.001105
7.3386	0.000000	0.001116	0.001116
7.3430	0.000000	0.001126	0.001126
7.3473	0.000000	0.001136	0.001136
7.3516	0.000000	0.001146	0.001146
7.3559	0.000000	0.001156	0.001156
7.3603	0.000000	0.001165	0.001165
7.3646	0.000000	0.001174	0.001174
7.3689	0.000000	0.001183	0.001183
7.3732	0.000000	0.001191	0.001191
7.3776	0.000000	0.001199	0.001199
7.3819	0.000000	0.001207	0.001207
7.3862	0.000000	0.001214	0.001214
7.3905	0.000000	0.001220	0.001220
7.3948	0.000000	0.001227	0.001227
7.3992	0.000000	0.001233	0.001233
7.4035	0.000000	0.001238	0.001238
7.4078	0.000000	0.001244	0.001244
7.4121	0.000000	0.001248	0.001248
7.4165	0.000000	0.001253	0.001253
7.4208	0.000000	0.001256	0.001256
7.4251	0.000000	0.001260	0.001260
7.4294	0.000000	0.001263	0.001263
7.4338	0.000000	0.001266	0.001266
7.4381	0.000000	0.001268	0.001268
7.4424	0.000000	0.001269	0.001269
7.4467	0.000000	0.001271	0.001271
7.4511	0.000000	0.001272	0.001272
7.4554	0.000000	0.001272	0.001272
7.4597	0.000000	0.001272	0.001272
7.4640	0.000000	0.001271	0.001271
7.4684	0.000000	0.001270	0.001270
7.4727	0.000000	0.001269	0.001269
7.4770	0.000000	0.001267	0.001267
7.4813	0.000000	0.001265	0.001265
7.4856	0.000000	0.001262	0.001262
7.4900	0.000000	0.001259	0.001259
7.4943	0.000000	0.001256	0.001256
7.4986	0.000000	0.001252	0.001252
7.5029	0.000000	0.001247	0.001247
7.5073	0.000000	0.001242	0.001242
7.5116	0.000000	0.001237	0.001237
7.5159	0.000000	0.001231	0.001231
7.5202	0.000000	0.001225	0.001225
7.5246	0.000000	0.001219	0.001219
7.5289	0.000000	0.001212	0.001212
7.5332	0.000000	0.001205	0.001205
7.5375	0.000000	0.001197	0.001197
7.5419	0.000000	0.001189	0.001189
7.5462	0.000000	0.001181	0.001181
7.5505	0.000000	0.001172	0.001172
7.5548	0.000000	0.001163	0.001163
7.5591	0.000000	0.001154	0.001154
7.5635	0.000000	0.001144	0.001144
7.5678	0.000000	0.001134	0.001134
7.5721	0.000000	0.001124	0.001124
7.5764	0.000000	0.001114	0.001114
7.5808	0.000000	0.001103	0.001103
7.5851	0.000000	0.001092	0.001092
7.5894	0.000000	0.001080	0.001080
7.5937	0.000000	0.001069	0.001069
7.5981	0.000000	0.001057	0.001057
7.6024	0.000000	0.001045	0.001045
7.6067	0.000000	0.001032	0.001032
7.6110	0.000000	0.001020	0.001020
7.6154	0.000000	0.001007	0.001007
7.6197	0.000000	0.000994	0.000994
7.6240	0.000000	0.000981	0.000981
7.6283	0.000000	0.000968	0.000968
7.6327	0.000000	0.000955	0.000955
7.6370	0.000000	0.000941	0.000941
7.6413	0.000000	0.000928	0.000928
7.6456	0.000000	0.000914	0.000914
7.6499	0.000000	0.000900	0.000900
7.6543	0.000000	0.000887	0.000887
7.6586	0.000000	0.000873	0.000873
7.6629	0.000000	0.000859	0.000859
7.6672	0.000000	0.000845	0.000845
7.6716	0.000000	0.000831	0.000831
7.6759	0.000000	0.000816	0.000816
7.6802	0.000000	0.000802	0.000802
7.6845	0.000000	0.000788	0.000788
7.6889	0.000000	0.000774	0.000774
7.6932	0.000000	0.000760	0.000760
7.6975	0.000000	0.000746	0.000746
7.7018	0.000000	0.000732	0.000732
7.7062	0.000000	0.000718	0.000718
7.7105	0.000000	0.000704	0.000704
7.7148	0.000000	0.000691	0.000691
7.7191	0.000000	0.000677	0.000677
7.7235	0.000000	0.000663	0.000663
7.7278	0.000000	0.000650	0.000650
7.7321	0.000000	0.000637	0.000637
7.7364	0.000000	0.000623	0.000623
7.7407	0.000000	0.000610	0.000610
7.7451	0.000000	0.000597	0.000597
7.7494	0.000000	0.000585	0.000585
7.7537	0.000000	0.000572	0.000572
7.7580	0.000000	0.000560	0.000560
7.7624	0.000000	0.000547	0.000547
7.7667	0.000000	0.000535	0.000535
7.7710	0.000000	0.000523	0.000523
7.7753	0.000000	0.000512	0.000512
7.7797	0.000000	0.000500	0.000500
7.7840	0.000000	0.000489	0.000489
7.7883	0.000000	0.000478	0.000478
7.7926	0.000000	0.000467	0.000467
7.7970	0.000000	0.000456	0.000456
7.8013	0.000000	0.000446	0.000446
7.8056	0.000000	0.000436	0.000436
7.8099	0.000000	0.000426	0.000426
7.8142	0.000000	0.000416	0.000416
7.8186	0.000000	0.000407	0.000407
7.8229	0.000000	0.000398	0.000398
7.8272	0.000000	0.000389	0.000389
7.8315	0.000000	0.000381	0.000381
7.8359	0.000000	0.000372	0.000372
7.8402	0.000000	0.000364	0.000364
7.8445	0.000000	0.000357	0.000357
7.8488	0.000000	0.000349	0.000349
7.8532	0.000000	0.000342	0.000342
7.8575	0.000000	0.000335	0.000335
7.8618	0.000000	0.000329	0.000329
7.8661	0.000000	0.000322	0.000322
7.8705	0.000000	0.000316	0.000316
7.8748	0.000000	0.000311	0.000311
7.8791	0.000000	0.000305	0.000305
7.8834	0.000000	0.000300	0.000300
7.8878	0.000000	0.000295	0.000295
7.8921	0.000000	0.000291	0.000291
7.8964	0.000000	0.000287	0.000287
7.9007	0.000000	0.000283	0.000283
7.9050	0.000000	0.000279	0.000279
7.9094	0.000000	0.000276	0.000276
7.9137	0.000000	0.000273	0.000273
7.9180	0.000000	0.000270	0.000270
7.9223	0.000000	0.000268	0.000268
7.9267	0.000000	0.000266	0.000266
7.9310	0.000000	0.000264	0.000264
7.9353	0.000000	0.000262	0.000262
7.9396	0.000000	0.000261	0.000261
7.9440	0.000000	0.000260	0.000260
7.9483	0.000000	0.000259	0.000259
7.9526	0.000000	0.000259	0.000259
7.9569	0.000000	0.000259	0.000259
7.9613	0.000000	0.000259	0.000259
7.9656	0.000000	0.000259	0.000259
7.9699	0.000000	0.000260	0.000260
7.9742	0.000000	0.000261	0.000261
7.9786	0.000000	0.000262	0.000262
7.9829	0.000000	0.000264	0.000264
7.9872	0.000000	0.000266	0.000266
7.9915	0.000000	0.000268	0.000268
7.9958	0.000000	0.000270	0.000270
8.0002	0.000000	0.000273	0.000273
8.0045	0.000000	0.000275	0.000275
8.0088	0.000000	0.000278	0.000278
8.0131	0.000000	0.000282	0.000282
8.0175	0.000000	0.000285	0.000285
8.0218	0.000000	0.000289	0.000289
8.0261	0.000000	0.000293	0.000293
8.0304	0.000000	0.000297	0.000297
8.0348	0.000000	0.000301	0.000301
8.0391	0.000000	0.000306	0.000306
8.0434	0.000000	0.000310	0.000310
8.0477	0.000000	0.000315	0.000315
8.0521	0.000000	0.000320	0.000320
8.0564	0.000000	0.000326	0.000326
8.0607	0.000000	0.000331	0.000331
8.0650	0.000000	0.000337	0.000337
8.0693	0.000000	0.000343	0.000343
8.0737	0.000000	0.000349	0.000349
8.0780	0.000000	0.000355	0.000355
8.0823	0.000000	0.000361	0.000361
8.0866	0.000000	0.000367	0.000367
8.0910	0.000000	0.000374	0.000374
8.0953	0.000000	0.000380	0.000380
8.0996	0.000000	0.000387	0.000387
8.1039	0.000000	0.000394	0.000394
8.1083	0.000000	0.000400	0.000400
8.1126	0.000000	0.000407	0.000407
8.1169	0.000000	0.000414	0.000414
8.1212	0.000000	0.000421	0.000421
8.1256	0.000000	0.000429	0.000429
8.1299	0.000000	0.000436	0.000436
8.1342	0.000000	0.000443	0.000443
8.1385	0.000000	0.000450	0.000450
8.1429	0.000000	0.000458	0.000458
8.1472	0.000000	0.000465	0.000465
8.1515	0.000000	0.000472	0.000472
8.1558	0.000000	0.000479	0.000479
8.1601	0.000000	0.000487	0.000487
8.1645	0.000000	0.000494	0.000494
8.1688	0.000000	0.000501	0.000501
8.1731	0.000000	0.000508	0.000508
8.1774	0.000000	0.000515	0.000515
8.1818	0.000000	0.000523	0.000523
8.1861	0.000000	0.000530	0.000530
8.1904	0.000000	0.000537	0.000537
8.1947	0.000000	0.000543	0.000543
8.1991	0.000000	0.000550	0.000550
8.2034	0.000000	0.000557	0.000557
8.2077	0.000000	0.000563	0.000563
8.2120	0.000000	0.000570	0.000570
8.2164	0.000000	0.000576	0.000576
8.2207	0.000000	0.000582	0.000582
8.2250	0.000000	0.000588	0.000588
8.2293	0.000000	0.000594	0.000594
8.2337	0.000000	0.000600	0.000600
8.2380	0.000000	0.000606	0.000606
8.2423	0.000000	0.000611	0.000611
8.2466	0.000000	0.000616	0.000616
8.2509	0.000000	0.000621	0.000621
8.2553	0.000000	0.000626	0.000626
8.2596	0.000000	0.000631	0.000631
8.2639	0.000000	0.000635	0.000635
8.2682	0.000000	0.000639	0.000639
8.2726	0.000000	0.000643	0.000643
8.2769	0.000000	0.000647	0.000647
8.2812	0.000000	0.000651	0.000651
8.2855	0.000000	0.000654	0.000654
8.2899	0.000000	0.000657	0.000657
8.2942	0.000000	0.000660	0.000660
8.2985	0.000000	0.000663	0.000663
8.3028	0.000000	0.000665	0.000665
8.3072	0.000000	0.000667	0.000667
8.3115	0.000000	0.000669	0.000669
8.3158	0.000000	0.000671	0.000671
8.3201	0.000000	0.000672	0.000672
8.3244	0.000000	0.000673	0.000673
8.3288	0.000000	0.000674	0.000674
8.3331	0.000000	0.000675	0.000675
8.3374	0.000000	0.000675	0.000675
8.3417	0.000000	0.000675	0.000675
8.3461	0.000000	0.000675	0.000675
8.3504	0.000000	0.000675	0.000675
8.3547	0.000000	0.000674	0.000674
8.3590	0.000000	0.000673	0.000673
8.3634	0.000000	0.000672	0.000672
8.3677	0.000000	0.000670	0.000670
8.3720	0.000000	0.000668	0.000668
8.3763	0.000000	0.000666	0.000666
8.3807	0.000000	0.000664	0.000664
8.3850	0.000000	0.000662	0.000662
8.3893	0.000000	0.000659	0.000659
8.3936	0.000000	0.000656	0.000656
8.3980	0.000000	0.000653	0.000653
8.4023	0.000000	0.000649	0.000649
8.4066	0.000000	0.000645	0.000645
8.4109	0.000000	0.000641	0.000641
8.4152	0.000000	0.000637	0.000637
8.4196	0.000000	0.000633	0.000633
8.4239	0.000000	0.000628	0.000628
8.4282	0.000000	0.000623	0.000623
8.4325	0.000000	0.000618	0.000618
8.4369	0.000000	0.000613	0.000613
8.4412	0.000000	0.000607	0.000607
8.4455	0.000000	0.000602	0.000602
8.4498	0.000000	0.000596	0.000596
8.4542	0.000000	0.000590	0.000590
8.4585	0.000000	0.000584	0.000584
8.4628	0.000000	0.000577	0.000577
8.4671	0.000000	0.000571	0.000571
8.4715	0.000000	0.000564	0.000564
8.4758	0.000000	0.000557	0.000557
8.4801	0.000000	0.000550	0.000550
8.4844	0.000000	0.000543	0.000543
8.4888	0.000000	0.000536	0.000536
8.4931	0.000000	0.000529	0.000529
8.4974	0.000000	0.000521	0.000521
8.5017	0.000000	0.000514	0.000514
8.5060	0.000000	0.000506	0.000506
8.5104	0.000000	0.000499	0.000499
8.5147	0.000000	0.000491	0.000491
8.5190	0.000000	0.000483	0.000483
8.5233	0.000000	0.000475	0.000475
8.5277	0.000000	0.000467	0.000467
8.5320	0.000000	0.000459	0.000459
8.5363	0.000000	0.000451	0.000451
8.5406	0.000000	0.000443	0.000443
8.5450	0.000000	0.000435	0.000435
8.5493	0.000000	0.000427	0.000427
8.5536	0.000000	0.000418	0.000418
8.5579	0.000000	0.000410	0.000410
8.5623	0.000000	0.000402	0.000402
8.5666	0.000000	0.000394	0.000394
8.5709	0.000000	0.000386	0.000386
8.5752	0.000000	0.000378	0.000378
8.5795	0.000000	0.000370	0.000370
8.5839	0.000000	0.000362	0.000362
8.5882	0.000000	0.000354	0.000354
8.5925	0.000000	0.000346	0.000346
8.5968	0.000000	0.000338	0.000338
8.6012	0.000000	0.000330	0.000330
8.6055	0.000000	0.000322	0.000322
8.6098	0.000000	0.000314	0.000314
8.6141	0.000000	0.000306	0.000306
8.6185	0.000000	0.000299	0.000299
8.6228	0.000000	0.000291	0.000291
8.6271	0.000000	0.000284	0.000284
8.6314	0.000000	0.000276	0.000276
8.6358	0.000000	0.000269	0.000269
8.6401	0.000000	0.000262	0.000262
8.6444	0.000000	0.000255	0.000255
8.6487	0.000000	0.000248	0.000248
8.6531	0.000000	0.000241	0.000241
8.6574	0.000000	0.000234	0.000234
8.6617	0.000000	0.000227	0.000227
8.6660	0.000000	0.000220	0.000220
8.6703	0.000000	0.000214	0.000214
8.6747	0.000000	0.000208	0.000208
8.6790	0.000000	0.000201	0.000201
8.6833	0.000000	0.000195	0.000195
8.6876	0.000000	0.000189	0.000189
8.6920	0.000000	0.000183	0.000183
8.6963	0.000000	0.000177	0.000177
8.7006	0.000000	0.000171	0.000171
8.7049	0.000000	0.000166	0.000166
8.7093	0.000000	0.000160	0.000160
8.7136	0.000000	0.000155	0.000155
8.7179	0.000000	0.000150	0.000150
8.7222	0.000000	0.000145	0.000145
8.7266	0.000000	0.000140	0.000140
8.7309	0.000000	0.000135	0.000135
8.7352	0.000000	0.000130	0.000130
8.7395	0.000000	0.000125	0.000125
8.7439	0.000000	0.000121	0.000121
8.7482	0.000000	0.000116	0.000116
8.7525	0.000000	0.000112	0.000112
8.7568	0.000000	0.000108	0.000108
8.7611	0.000000	0.000104	0.000104
8.7655	0.000000	0.000100	0.000100
8.7698	0.000000	0.000096	0.000096
8.7741	0.000000	0.000092	0.000092
8.7784	0.000000	0.000089	0.000089
8.7828	0.000000	0.000085	0.000085
8.7871	0.000000	0.000082	0.000082
8.7914	0.000000	0.000079	0.000079
8.7957	0.000000	0.000075	0.000075
8.8001	0.000000	0.000072	0.000072
8.8044	0.000000	0.000069	0.000069
8.8087	0.000000	0.000066	0.000066
8.8130	0.000000	0.000064	0.000064
8.8174	0.000000	0.000061	0.000061
8.8217	0.000000	0.000058	0.000058
8.8260	0.000000	0.000056	0.000056
8.8303	0.000000	0.000053	0.000053
8.8347	0.000000	0.000051	0.000051
8.8390	0.000000	0.000049	0.000049
8.8433	0.000000	0.000047	0.000047
8.8476	0.000000	0.000044	0.000044
8.8519	0.000000	0.000042	0.000042
8.8563	0.000000	0.000040	0.000040
8.8606	0.000000	0.000039	0.000039
8.8649	0.000000	0.000037	0.000037
8.8692	0.000000	0.000035	0.000035
8.8736	0.000000	0.000033	0.000033
8.8779	0.000000	0.000032	0.000032
8.8822	0.000000	0.000030	0.000030
8.8865	0.000000	0.000029	0.000029
8.8909	0.000000	0.000027	0.000027
8.8952	0.000000	0.000026	0.000026
8.8995	0.000000	0.000025	0.000025
8.9038	0.000000	0.000023	0.000023
8.9082	0.000000	0.000022	0.000022
8.9125	0.000000	0.000021	0.000021
8.9168	0.000000	0.000020	0.000020
8.9211	0.000000	0.000019	0.000019
8.9254	0.000000	0.000018	0.000018
8.9298	0.000000	0.000017	0.000017
8.9341	0.000000	0.000016	0.000016
8.9384	0.000000	0.000015	0.000015
8.9427	0.000000	0.000015	0.000015
8.9471	0.000000	0.000014	0.000014
8.9514	0.000000	0.000013	0.000013
8.9557	0.000000	0.000012	0.000012
8.9600	0.000000	0.000012	0.000012
8.9644	0.000000	0.000011	0.000011
8.9687	0.000000	0.000010	0.000010
8.9730	0.000000	0.000010	0.000010
8.9773	0.000000	0.000009	0.000009
8.9817	0.000000	0.000009	0.000009
8.9860	0.000000	0.000008	0.000008
8.9903	0.000000	0.000008	0.000008
8.9946	0.000000	0.000007	0.000007
8.9990	0.000000	0.000007	0.000007
9.0033	0.000000	0.000006	0.000006
9.0076	0.000000	0.000006	0.000006
9.0119	0.000000	0.000006	0.000006
9.0162	0.000000	0.000005	0.000005
9.0206	0.000000	0.000005	0.000005
9.0249	0.000000	0.000005	0.000005
9.0292	0.000000	0.000005	0.000005
9.0335	0.000000	0.000004	0.000004
9.0379	0.000000	0.000004	0.000004
9.0422	0.000000	0.000004	0.000004
9.0465	0.000000	0.000004	0.000004
9.0508	0.000000	0.000003	0.000003
9.0552	0.000000	0.000003	0.000003
9.0595	0.000000	0.000003	0.000003
9.0638	0.000000	0.000003	0.000003
9.0681	0.000000	0.000003	0.000003
9.0725	0.000000	0.000002	0.000002
9.0768	0.000000	0.000002	0.000002
9.0811	0.000000	0.000002	0.000002
9.0854	0.000000	0.000002	0.000002
9.0898	0.000000	0.000002	0.000002
9.0941	0.000000	0.000002	0.000002
9.0984	0.000000	0.000002	0.000002
9.1027	0.000000	0.000002	0.000002
9.1070	0.000000	0.000002	0.000002
9.1114	0.000000	0.000002	0.000002
9.1157	0.000000	0.000002	0.000002
9.1200	0.000000	0.000001	0.000001
9.1243	0.000000	0.000001	0.000001
9.1287	0.000000	0.000001	0.000001
9.1330	0.000000	0.000001	0.000001
9.1373	0.000000	0.000001	0.000001
9.1416	0.000000	0.000001	0.000001
9.1460	0.000000	0.000001	0.000001
9.1503	0.000000	0.000001	0.000001
9.1546	0.000000	0.000001	0.000001
9.1589	0.000000	0.000001	0.000001
9.1633	0.000000	0.000001	0.000001
9.1676	0.000000	0.000001	0.000001
9.1719	0.000000	0.000001	0.000001
9.1762	0.000000	0.000001	0.000001
9.1805	0.000000	0.000001	0.000001
9.1849	0.000000	0.000002	0.000002
9.1892	0.000000	0.000002	0.000002
9.1935	0.000000	0.000002	0.000002
9.1978	0.000000	0.000002	0.000002
9.2022	0.000000	0.000002	0.000002
9.2065	0.000000	0.000002	0.000002
9.2108	0.000000	0.000002	0.000002
9.2151	0.000000	0.000002	0.000002
9.2195	0.000000	0.000002	0.000002
9.2238	0.000000	0.000002	0.000002
9.2281	0.000000	0.000003	0.000003
9.2324	0.000000	0.000003	0.000003
9.2368	0.000000	0.000003	0.000003
9.2411	0.000000	0.000003	0.000003
9.2454	0.000000	0.000003	0.000003
9.2497	0.000000	0.000003	0.000003
9.2541	0.000000	0.000004	0.000004
9.2584	0.000000	0.000004	0.000004
9.2627	0.000000	0.000004	0.000004
9.2670	0.000000	0.000004	0.000004
9.2713	0.000000	0.000005	0.000005
9.2757	0.000000	0.000005	0.000005
9.2800	0.000000	0.000005	0.000005
9.2843	0.000000	0.000006	0.000006
9.2886	0.000000	0.000006	0.000006
9.2930	0.000000	0.000006	0.000006
9.2973	0.000000	0.000007	0.000007
9.3016	0.000000	0.000007	0.000007
9.3059	0.000000	0.000007	0.000007
9.3103	0.000000	0.000008	0.000008
9.3146	0.000000	0.000008	0.000008
9.3189	0.000000	0.000009	0.000009
9.3232	0.000000	0.000009	0.000009
9.3276	0.000000	0.000010	0.000010
9.3319	0.000000	0.000011	0.000011
9.3362	0.000000	0.000011	0.000011
9.3405	0.000000	0.000012	0.000012
9.3449	0.000000	0.000012	0.000012
9.3492	0.000000	0.000013	0.000013
9.3535	0.000000	0.000014	0.000014
9.3578	0.000000	0.000015	0.000015
9.3621	0.000000	0.000016	0.000016
9.3665	0.000000	0.000016	0.000016
9.3708	0.000000	0.000017	0.000017
9.3751	0.000000	0.000018	0.000018
9.3794	0.000000	0.000019	0.000019
9.3838	0.000000	0.000020	0.000020
9.3881	0.000000	0.000021	0.000021
9.3924	0.000000	0.000023	0.000023
9.3967	0.000000	0.000024	0.000024
9.4011	0.000000	0.000025	0.000025
9.4054	0.000000	0.000026	0.000026
9.4097	0.000000	0.000028	0.000028
9.4140	0.000000	0.000029	0.000029
9.4184	0.000000	0.000031	0.000031
9.4227	0.000000	0.000032	0.000032
9.4270	0.000000	0.000034	0.000034
9.4313	0.000000	0.000036	0.000036
9.4356	0.000000	0.000037	0.000037
9.4400	0.000000	0.000039	0.000039
9.4443	0.000000	0.000041	0.000041
9.4486	0.000000	0.000043	0.000043
9.4529	0.000000	0.000045	0.000045
9.4573	0.000000	0.000047	0.000047
9.4616	0.000000	0.000049	0.000049
9.4659	0.000000	0.000052	0.000052
9.4702	0.000000	0.000054	0.000054
9.4746	0.000000	0.000056	0.000056
9.4789	0.000000	0.000059	0.000059
9.4832	0.000000	0.000062	0.000062
9.4875	0.000000	0.000064	0.000064
9.4919	0.000000	0.000067	0.000067
9.4962	0.000000	0.000070	0.000070
9.5005	0.000000	0.000073	0.000073
9.5048	0.000000	0.000076	0.000076
9.5092	0.000000	0.000080	0.000080
9.5135	0.000000	0.000083	0.000083
9.5178	0.000000	0.000086	0.000086
9.5221	0.000000	0.000090	0.000090
9.5264	0.000000	0.000094	0.000094
9.5308	0.000000	0.000097	0.000097
9.5351	0.000000	0.000101	0.000101
9.5394	0.000000	0.000105	0.000105
9.5437	0.000000	0.000109	0.000109
9.5481	0.000000	0.000113	0.000113
9.5524	0.000000	0.000118	0.000118
9.5567	0.000000	0.000122	0.000122
9.5610	0.000000	0.000127	0.000127
9.5654	0.000000	0.000131	0.000131
9.5697	0.000000	0.000136	0.000136
9.5740	0.000000	0.000141	0.000141
9.5783	0.000000	0.000146	0.000146
9.5827	0.000000	0.000151	0.000151
9.5870	0.000000	0.000157	0.000157
9.5913	0.000000	0.000162	0.000162
9.5956	0.000000	0.000168	0.000168
9.6000	0.000000	0.000173	0.000173
9.6043	0.000000	0.000179	0.000179
9.6086	0.000000	0.000185	0.000185
9.6129	0.000000	0.000191	0.000191
9.6172	0.000000	0.000197	0.000197
9.6216	0.000000	0.000203	0.000203
9.6259	0.000000	0.000210	0.000210
9.6302	0.000000	0.000216	0.000216
9.6345	0.000000	0.000223	0.000223
9.6389	0.000000	0.000229	0.000229
9.6432	0.000000	0.000236	0.000236
9.6475	0.000000	0.000243	0.000243
9.6518	0.000000	0.000250	0.000250
9.6562	0.000000	0.000257	0.000257
9.6605	0.000000	0.000264	0.000264
9.6648	0.000000	0.000271	0.000271
9.6691	0.000000	0.000279	0.000279
9.6735	0.000000	0.000286	0.000286
9.6778	0.000000	0.000294	0.000294
9.6821	0.000000	0.000301	0.000301
9.6864	0.000000	0.000309	0.000309
9.6907	0.000000	0.000317	0.000317
9.6951	0.000000	0.000325	0.000325
9.6994	0.000000	0.000332	0.000332
9.7037	0.000000	0.000340	0.000340
9.7080	0.000000	0.000348	0.000348
9.7124	0.000000	0.000356	0.000356
9.7167	0.000000	0.000365	0.000365
9.7210	0.000000	0.000373	0.000373
9.7253	0.000000	0.000381	0.000381
9.7297	0.000000	0.000389	0.000389
9.7340	0.000000	0.000397	0.000397
9.7383	0.000000	0.000405	0.000405
9.7426	0.000000	0.000414	0.000414
9.7470	0.000000	0.000422	0.000422
9.7513	0.000000	0.000430	0.000430
9.7556	0.000000	0.000438	0.000438
9.7599	0.000000	0.000446	0.000446
9.7643	0.000000	0.000455	0.000455
9.7686	0.000000	0.000463	0.000463
9.7729	0.000000	0.000471	0.000471
9.7772	0.000000	0.000479	0.000479
9.7815	0.000000	0.000487	0.000487
9.7859	0.000000	0.000495	0.000495
9.7902	0.000000	0.000503	0.000503
9.7945	0.000000	0.000511	0.000511
9.7988	0.000000	0.000518	0.000518
9.8032	0.000000	0.000526	0.000526
9.8075	0.000000	0.000534	0.000534
9.8118	0.000000	0.000541	0.000541
9.8161	0.000000	0.000548	0.000548
9.8205	0.000000	0.000556	0.000556
9.8248	0.000000	0.000563	0.000563
9.8291	0.000000	0.000570	0.000570
9.8334	0.000000	0.000577	0.000577
9.8378	0.000000	0.000583	0.000583
9.8421	0.000000	0.000590	0.000590
9.8464	0.000000	0.000596	0.000596
9.8507	0.000000	0.000603	0.000603
9.8551	0.000000	0.000609	0.000609
9.8594	0.000000	0.000615	0.000615
9.8637	0.000000	0.000620	0.000620
9.8680	0.000000	0.000626	0.000626
9.8723	0.000000	0.000631	0.000631
9.8767	0.000000	0.000637	0.000637
9.8810	0.000000	0.000642	0.000642
9.8853	0.000000	0.000646	0.000646
9.8896	0.000000	0.000651	0.000651
9.8940	0.000000	0.000655	0.000655
9.8983	0.000000	0.000660	0.000660
9.9026	0.000000	0.000664	0.000664
9.9069	0.000000	0.000667	0.000667
9.9113	0.000000	0.000671	0.000671
9.9156	0.000000	0.000674	0.000674
9.9199	0.000000	0.000678	0.000678
9.9242	0.000000	0.000681	0.000681
9.9286	0.000000	0.000683	0.000683
9.9329	0.000000	0.000686	0.000686
9.9372	0.000000	0.000688	0.000688
9.9415	0.000000	0.000690	0.000690
9.9458	0.000000	0.000692	0.000692
9.9502	0.000000	0.000693	0.000693
9.9545	0.000000	0.000695	0.000695
9.9588	0.000000	0.000696	0.000696
9.9631	0.000000	0.000697	0.000697
9.9675	0.000000	0.000698	0.000698
9.9718	0.000000	0.000698	0.000698
9.9761	0.000000	0.000698	0.000698
9.9804	0.000000	0.000699	0.000699
9.9848	0.000000	0.000698	0.000698
9.9891	0.000000	0.000698	0.000698
9.9934	0.000000	0.000698	0.000698
9.9977	0.000000	0.000697	0.000697
10.0021	0.000000	0.000696	0.000696
10.0064	0.000000	0.000695	0.000695
10.0107	0.000000	0.000694	0.000694
10.0150	0.000000	0.000692	0.000692
10.0194	0.000000	0.000691	0.000691
10.0237	0.000000	0.000689	0.000689
10.0280	0.000000	0.000687	0.000687
10.0323	0.000000	0.000685	0.000685
10.0366	0.000000	0.000683	0.000683
10.0410	0.000000	0.000680	0.000680
10.0453	0.000000	0.000678	0.000678
10.0496	0.000000	0.000675	0.000675
10.0539	0.000000	0.000673	0.000673
10.0583	0.000000	0.000670	0.000670
10.0626	0.000000	0.000667	0.000667
10.0669	0.000000	0.000664	0.000664
10.0712	0.000000	0.000661	0.000661
10.0756	0.000000	0.000658	0.000658
10.0799	0.000000	0.000655	0.000655
10.0842	0.000000	0.000652	0.000652
10.0885	0.000000	0.000648	0.000648
10.0929	0.000000	0.000645	0.000645
10.0972	0.000000	0.000642	0.000642
10.1015	0.000000	0.000638	0.000638
10.1058	0.000000	0.000635	0.000635
10.1102	0.000000	0.000632	0.000632
10.1145	0.000000	0.000628	0.000628
10.1188	0.000000	0.000625	0.000625
10.1231	0.000000	0.000622	0.000622
10.1274	0.000000	0.000618	0.000618
10.1318	0.000000	0.000615	0.000615
10.1361	0.000000	0.000612	0.000612
10.1404	0.000000	0.000609	0.000609
10.1447	0.000000	0.000606	0.000606
10.1491	0.000000	0.000603	0.000603
10.1534	0.000000	0.000600	0.000600
10.1577	0.000000	0.000597	0.000597
10.1620	0.000000	0.000594	0.000594
10.1664	0.000000	0.000592	0.000592
10.1707	0.000000	0.000589	0.000589
10.1750	0.000000	0.000587	0.000587
10.1793	0.000000	0.000584	0.000584
10.1837	0.000000	0.000582	0.000582
10.1880	0.000000	0.000580	0.000580
10.1923	0.000000	0.000578	0.000578
10.1966	0.000000	0.000576	0.000576
10.2010	0.000000	0.000575	0.000575
10.2053	0.000000	0.000573	0.000573
10.2096	0.000000	0.000572	0.000572
10.2139	0.000000	0.000571	0.000571
10.2182	0.000000	0.000570	0.000570
10.2226	0.000000	0.000569	0.000569
10.2269	0.000000	0.000568	0.000568
10.2312	0.000000	0.000568	0.000568
10.2355	0.000000	0.000567	0.000567
10.2399	0.000000	0.000567	0.000567
10.2442	0.000000	0.000567	0.000567
10.2485	0.000000	0.000567	0.000567
10.2528	0.000000	0.000567	0.000567
10.2572	0.000000	0.000568	0.000568
10.2615	0.000000	0.000568	0.000568
10.2658	0.000000	0.000569	0.000569
10.2701	0.000000	0.000570	0.000570
10.2745	0.000000	0.000571	0.000571
10.2788	0.000000	0.000572	0.000572
10.2831	0.000000	0.000574	0.000574
10.2874	0.000000	0.000575	0.000575
10.2917	0.000000	0.000577	0.000577
10.2961	0.000000	0.000579	0.000579
10.3004	0.000000	0.000581	0.000581
10.3047	0.000000	0.000583	0.000583
10.3090	0.000000	0.000585	0.000585
10.3134	0.000000	0.000588	0.000588
10.3177	0.000000	0.000590	0.000590
10.3220	0.000000	0.000593	0.000593
10.3263	0.000000	0.000595	0.000595
10.3307	0.000000	0.000598	0.000598
10.3350	0.000000	0.000601	0.000601
10.3393	0.000000	0.000604	0.000604
10.3436	0.000000	0.000607	0.000607
10.3480	0.000000	0.000610	0.000610
10.3523	0.000000	0.000613	0.000613
10.3566	0.000000	0.000616	0.000616
10.3609	0.000000	0.000620	0.000620
10.3653	0.000000	0.000623	0.000623
10.3696	0.000000	0.000626	0.000626
10.3739	0.000000	0.000630	0.000630
10.3782	0.000000	0.000633	0.000633
10.3825	0.000000	0.000636	0.000636
10.3869	0.000000	0.000640	0.000640
10.3912	0.000000	0.000643	0.000643
10.3955	0.000000	0.000646	0.000646
10.3998	0.000000	0.000650	0.000650
10.4042	0.000000	0.000653	0.000653
10.4085	0.000000	0.000656	0.000656
10.4128	0.000000	0.000659	0.000659
10.4171	0.000000	0.000662	0.000662
10.4215	0.000000	0.000665	0.000665
10.4258	0.000000	0.000668	0.000668
10.4301	0.000000	0.000671	0.000671
10.4344	0.000000	0.000674	0.000674
10.4388	0.000000	0.000676	0.000676
10.4431	0.000000	0.000679	0.000679
10.4474	0.000000	0.000681	0.000681
10.4517	0.000000	0.000684	0.000684
10.4561	0.000000	0.000686	0.000686
10.4604	0.000000	0.000688	0.000688
10.4647	0.000000	0.000690	0.000690
10.4690	0.000000	0.000691	0.000691
10.4733	0.000000	0.000693	0.000693
10.4777	0.000000	0.000694	0.000694
10.4820	0.000000	0.000695	0.000695
10.4863	0.000000	0.000696	0.000696
10.4906	0.000000	0.000697	0.000697
10.4950	0.000000	0.000698	0.000698
10.4993	0.000000	0.000698	0.000698
10.5036	0.000000	0.000698	0.000698
10.5079	0.000000	0.000699	0.000699
10.5123	0.000000	0.000698	0.000698
10.5166	0.000000	0.000698	0.000698
10.5209	0.000000	0.000697	0.000697
10.5252	0.000000	0.000697	0.000697
10.5296	0.000000	0.000696	0.000696
10.5339	0.000000	0.000694	0.000694
10.5382	0.000000	0.000693	0.000693
10.5425	0.000000	0.000691	0.000691
10.5468	0.000000	0.000689	0.000689
10.5512	0.000000	0.000687	0.000687
10.5555	0.000000	0.000685	0.000685
10.5598	0.000000	0.000682	0.000682
10.5641	0.000000	0.000679	0.000679
10.5685	0.000000	0.000676	0.000676
10.5728	0.000000	0.000673	0.000673
10.5771	0.000000	0.000670	0.000670
10.5814	0.000000	0.000666	0.000666
10.5858	0.000000	0.000662	0.000662
10.5901	0.000000	0.000658	0.000658
10.5944	0.000000	0.000654	0.000654
10.5987	0.000000	0.000649	0.000649
10.6031	0.000000	0.000645	0.000645
10.6074	0.000000	0.000640	0.000640
10.6117	0.000000	0.000635	0.000635
10.6160	0.000000	0.000629	0.000629
10.6204	0.000000	0.000624	0.000624
10.6247	0.000000	0.000618	0.000618
10.6290	0.000000	0.000612	0.000612
