PROTID	PROTLEN	0	0	0	1	1	1
m.1	362	1	2	2	1	2	2
m.1000	214	21	11	19	22	17	23
m.10009	206	4	4	5	5	6	6
m.10015	205	7	8	6	5	5	3
m.1005	498	6	7	5	4	3	5
m.1007	159	1	0	1	1	0	0
m.10080	526	9	10	10	12	12	13
m.10093	673	1	1	0	0	0	0
m.10111	222	3	3	2	1	1	0
m.1013	969	1	1	1	0	1	0
m.10132	182	1	3	4	0	0	0
m.10135	467	8	8	8	6	7	5
m.10138	474	3	3	3	1	2	0
m.10139	271	1	2	0	0	0	0
m.10164	157	1	1	1	0	0	0
m.10168	220	0	1	0	0	0	0
m.10182	249	0	1	1	0	1	0
m.10194	572	15	19	18	11	13	11
m.10196	145	1	1	0	0	0	0
m.10199	219	5	6	6	3	3	5
m.10205	893	0	0	0	0	1	0
m.10239	279	1	1	1	0	0	0
m.10260	232	2	2	1	1	1	1
m.10264	203	0	0	0	1	0	0
m.1027	157	1	1	1	0	0	0
m.10289	705	0	1	0	0	0	0
m.10324	680	1	2	1	0	1	1
m.10327	1122	4	5	2	5	1	4
m.1033	111	1	1	1	0	0	0
m.10342	512	1	0	0	0	0	0
m.10346	250	2	1	0	1	0	0
m.1035	165	0	0	1	0	0	0
m.1036	1192	0	0	1	0	1	1
m.10378	725	4	5	4	2	2	3
m.1038	113	6	5	5	6	6	5
m.10387	484	4	4	5	3	1	2
m.104	1674	39	33	38	16	12	10
m.1041	396	1	1	1	1	1	1
m.1042	331	2	1	3	0	0	0
m.10463	220	3	1	1	0	0	0
m.10468	320	7	6	6	6	3	4
m.10469	238	1	1	0	0	0	0
m.10472	547	1	3	2	0	1	0
m.10496	298	7	6	5	6	2	3
m.10499	214	2	2	2	0	0	1
m.1054	285	6	7	8	6	4	2
m.10547	1648	0	0	1	0	0	1
m.10557	131	1	0	1	0	0	0
m.10558	176	4	4	3	4	3	3
m.10560	427	5	7	7	2	2	6
m.10575	652	0	1	1	0	0	0
m.10586	414	1	0	0	0	0	0
m.1060	147	1	1	1	1	1	1
m.10603	487	0	0	0	2	1	2
m.10605	698	2	1	2	0	0	0
m.10621	420	2	4	3	3	4	2
m.10638	702	1	0	0	0	0	0
m.10645	257	0	2	1	0	1	0
m.1069	424	5	7	7	5	5	4
m.10693	451	2	4	3	2	0	1
m.107	99	6	7	6	6	4	7
m.10713	218	11	9	14	10	8	10
m.10714	429	6	6	5	4	4	5
m.10723	443	2	0	0	0	0	0
m.10726	1630	3	2	3	2	2	2
m.1073	371	2	1	2	2	3	4
m.1074	292	3	3	2	2	2	1
m.10744	282	4	5	4	4	3	3
m.10807	572	16	15	15	15	17	16
m.10812	189	2	1	1	2	1	2
m.10816	192	2	3	4	1	1	1
m.10818	372	2	2	2	0	0	1
m.10831	206	2	1	2	0	0	0
m.10852	208	2	1	1	0	1	1
m.10862	241	1	0	0	0	0	0
m.10883	471	11	10	8	8	5	6
m.1089	117	9	9	9	7	8	7
m.10893	298	10	13	12	12	13	13
m.10901	228	0	1	2	0	1	0
m.10905	398	6	5	5	0	1	1
m.10909	251	1	1	1	0	0	0
m.10914	217	6	3	7	4	4	4
m.10928	723	5	1	5	2	2	2
m.10938	346	5	2	3	2	2	3
m.10939	1302	1	2	1	1	2	2
m.10944	532	0	0	0	1	0	0
m.10974	566	4	4	4	2	2	1
m.110	1165	43	42	40	45	41	38
m.1100	513	2	3	2	1	1	1
m.1103	1107	4	4	5	0	0	0
m.11035	299	3	3	3	3	2	1
m.11045	121	3	3	2	0	1	2
m.11100	1144	8	9	7	6	4	5
m.11107	150	8	8	7	9	8	10
m.11115	300	0	0	0	0	0	1
m.11137	540	1	0	0	1	1	1
m.11149	227	6	6	7	7	8	6
m.11152	593	0	1	0	0	0	0
m.1116	106	0	1	1	0	0	1
m.1126	148	1	1	2	1	1	1
m.11265	213	1	1	1	1	2	1
m.11298	283	0	2	0	0	0	0
m.113	378	30	10	30	24	22	23
m.11313	319	0	0	0	0	1	0
m.1133	280	2	1	2	0	2	1
m.11340	155	1	1	2	2	2	2
m.11346	282	1	0	0	0	0	0
m.1135	538	8	9	6	5	3	4
m.11354	351	9	10	8	6	9	9
m.11405	546	0	1	1	0	0	0
m.11443	1087	0	0	1	0	0	0
m.1145	390	1	1	1	0	0	0
m.11458	213	3	4	2	3	2	2
m.11472	334	4	2	3	3	3	1
m.11482	410	0	1	1	0	0	0
m.1149	736	2	2	2	2	0	2
m.115	216	6	8	7	5	5	4
m.1152	2284	0	2	0	0	1	0
m.11536	523	1	1	1	0	0	0
m.11543	385	7	8	8	5	7	6
m.11553	214	8	10	10	5	3	3
m.11561	392	1	1	0	0	0	0
m.1157	147	3	3	3	2	2	2
m.11575	150	2	1	2	1	0	0
m.11603	537	4	3	2	0	0	0
m.1163	121	4	4	2	4	4	4
m.1164	164	0	1	1	1	1	1
m.11683	186	0	1	0	0	0	0
m.11687	197	1	1	0	0	0	0
m.11724	829	3	3	3	1	2	0
m.11725	118	0	1	2	1	1	1
m.11744	384	3	1	1	2	2	1
m.11754	237	2	2	3	4	3	2
m.11767	390	0	0	0	1	0	0
m.1177	593	0	0	1	0	1	0
m.11786	188	1	2	1	0	0	0
m.11819	281	6	6	4	5	6	4
m.11820	1432	1	0	1	0	0	0
m.11826	566	0	1	1	1	1	1
m.11828	346	1	1	0	0	0	0
m.11831	212	4	4	4	5	5	4
m.11832	897	9	12	7	9	7	11
m.11842	252	2	0	0	0	0	0
m.11876	224	1	0	0	0	0	0
m.1188	293	5	6	4	5	3	4
m.11898	748	0	1	1	0	0	0
m.11907	647	1	0	1	0	0	0
m.11921	315	3	3	2	0	0	0
m.11933	202	0	2	1	1	0	0
m.11971	202	0	1	1	1	0	1
m.11993	245	2	1	1	0	0	0
m.11995	326	3	1	3	4	5	3
m.12002	156	1	2	4	0	0	1
m.12007	433	3	5	4	2	2	3
m.12009	511	3	4	3	0	0	0
m.12028	524	1	1	3	0	0	0
m.12035	180	1	1	1	2	1	1
m.1204	135	0	1	0	0	0	0
m.12048	569	9	6	6	7	6	4
m.12051	247	1	0	1	2	2	1
m.12056	309	3	3	2	0	0	1
m.12069	191	0	1	0	0	0	0
m.12124	155	0	1	1	0	0	0
m.12129	447	51	39	55	42	43	43
m.1215	381	3	4	5	3	4	2
m.12175	403	4	3	2	2	2	2
m.12185	535	3	3	4	2	3	2
m.12229	471	20	16	20	13	16	13
m.1223	739	2	1	3	1	2	1
m.12238	232	14	13	14	10	11	12
m.12244	109	0	0	0	1	0	0
m.12306	644	3	1	1	0	0	0
m.12326	225	1	0	1	0	0	0
m.12334	1458	2	2	1	2	2	1
m.1235	511	3	4	3	2	1	1
m.12364	195	1	1	0	0	0	0
m.1238	450	1	2	3	2	2	2
m.12417	694	4	4	2	2	2	2
m.1245	204	20	14	19	13	13	12
m.1249	263	7	7	6	7	8	6
m.12521	914	19	16	15	8	10	8
m.12550	201	2	0	1	2	1	1
m.12589	426	1	1	2	0	0	0
m.12606	311	1	0	1	0	0	0
m.1261	196	2	1	1	2	1	0
m.12642	195	24	14	25	21	23	23
m.12643	211	1	1	1	0	0	0
m.12647	377	0	0	0	1	1	0
m.12648	162	1	2	1	0	0	0
m.1265	381	1	1	1	0	0	0
m.12662	470	4	5	6	4	4	4
m.12676	293	0	1	1	0	0	0
m.12686	459	1	1	2	0	0	0
m.12693	1749	11	11	12	2	2	3
m.12695	530	0	1	0	0	1	0
m.12698	142	4	6	5	2	2	2
m.12699	199	8	2	8	4	5	4
m.12709	550	11	12	10	8	8	7
m.12711	510	4	4	4	1	0	0
m.12716	167	3	3	2	3	1	2
m.12721	179	3	1	1	0	0	0
m.12722	407	2	2	2	2	1	1
m.12724	296	0	0	0	0	1	0
m.12725	224	9	9	8	5	6	6
m.12732	698	14	16	13	10	10	10
m.12733	700	7	4	5	3	5	3
m.12740	434	6	9	7	3	2	7
m.12744	483	1	1	2	0	0	0
m.12757	255	6	5	7	7	7	4
m.12762	252	3	3	3	1	2	2
m.12764	395	1	1	1	0	0	0
m.12770	763	1	2	1	1	0	0
m.12778	145	0	0	0	1	1	1
m.12781	500	1	2	1	0	2	0
m.12786	174	2	0	0	1	0	0
m.12790	138	3	2	3	3	2	2
m.12795	196	1	2	2	0	0	0
m.12796	156	4	2	5	2	2	2
m.12799	378	5	5	5	1	3	3
m.1281	317	1	0	1	0	0	0
m.12810	529	10	8	10	5	6	8
m.12813	219	8	1	9	2	1	2
m.12818	193	7	7	8	7	8	10
m.12824	377	13	14	12	10	8	8
m.12825	688	2	2	1	0	0	1
m.12829	263	1	0	1	1	1	0
m.1283	112	4	4	5	5	5	5
m.12839	312	1	2	2	1	0	1
m.12859	409	0	1	1	0	0	0
m.1286	2829	207	218	218	187	201	190
m.12872	385	4	4	3	2	1	1
m.12890	232	1	1	2	0	1	0
m.12895	388	1	0	0	0	0	0
m.129	503	3	2	2	2	1	1
m.12917	415	3	3	3	1	2	1
m.12925	307	1	1	1	0	0	0
m.12941	323	10	8	7	6	6	3
m.12945	765	1	1	0	0	0	0
m.1296	468	4	5	4	3	4	3
m.12970	372	4	5	5	2	3	1
m.12976	264	5	4	3	3	3	4
m.12982	418	2	3	2	3	3	2
m.12991	100	22	25	19	17	14	19
m.12999	500	2	2	1	0	0	1
m.1301	177	8	10	8	4	7	4
m.13014	751	1	1	0	0	0	0
m.13024	171	1	1	1	1	1	1
m.13026	699	2	2	2	1	0	0
m.13050	236	0	0	1	0	0	0
m.13061	1080	1	1	0	0	0	0
m.13075	235	4	2	1	0	1	1
m.13082	610	2	2	1	0	0	0
m.13085	424	4	4	3	3	2	2
m.13089	190	5	4	4	5	4	4
m.13090	174	3	2	2	0	0	0
m.13091	557	1	2	2	1	1	2
m.13107	529	6	3	4	2	1	1
m.13119	549	5	4	5	4	4	4
m.13131	436	7	3	4	3	4	5
m.13133	304	4	5	5	3	4	4
m.13136	222	1	1	0	1	1	1
m.13171	608	0	0	0	0	0	1
m.13173	263	0	0	0	1	1	0
m.13180	357	3	3	4	2	0	2
m.13191	264	5	4	4	3	3	3
m.13197	189	5	3	4	4	3	3
m.13206	240	5	2	3	1	2	3
m.13218	683	2	1	0	1	0	0
m.13226	326	4	4	5	2	1	4
m.13233	253	2	0	2	2	2	2
m.13240	197	4	2	3	0	1	1
m.13248	748	1	0	1	0	0	1
m.1328	203	1	1	1	1	1	1
m.13291	342	0	1	0	0	0	0
m.13295	297	5	3	4	1	3	2
m.133	397	2	0	1	0	1	1
m.13303	395	2	1	2	1	0	0
m.13314	295	7	8	7	4	4	6
m.1334	391	1	1	2	0	2	0
m.13356	586	4	2	3	0	0	0
m.13371	1200	11	5	8	3	2	5
m.1339	464	4	5	4	3	4	3
m.134	169	2	2	3	2	0	2
m.13409	233	4	0	5	3	3	3
m.13423	531	2	5	1	4	4	3
m.13424	343	1	1	1	0	0	0
m.13425	114	1	0	0	0	0	0
m.13427	257	0	0	1	0	0	1
m.13432	425	0	0	1	0	0	0
m.13434	1309	0	2	0	0	0	0
m.13436	653	4	3	3	2	3	3
m.13443	372	11	13	10	11	9	11
m.13444	605	4	4	2	2	2	2
m.13448	293	3	5	4	1	1	2
m.1346	158	9	10	9	10	8	10
m.13471	151	1	1	3	1	1	1
m.13475	469	4	7	6	2	1	3
m.13476	183	2	1	1	1	0	0
m.13486	292	13	3	17	6	10	8
m.13490	255	6	4	5	2	4	4
m.13492	741	0	1	0	0	0	0
m.13513	367	0	1	0	0	0	1
m.13514	432	1	0	1	0	0	0
m.13516	189	7	7	5	5	4	3
m.13531	269	2	0	0	1	2	1
m.13540	365	0	0	0	0	0	1
m.1355	1555	3	3	2	5	3	4
m.13557	339	2	5	4	1	1	1
m.13574	515	3	3	3	0	1	1
m.13590	549	12	10	10	8	8	8
m.13617	393	2	2	1	2	1	1
m.13622	146	1	1	1	1	1	1
m.13637	665	0	0	0	0	0	1
m.13659	548	0	2	1	0	2	2
m.1369	374	55	54	54	56	57	58
m.13710	208	0	0	1	0	0	0
m.13716	211	0	0	1	0	0	0
m.13720	455	0	1	1	0	0	0
m.13742	710	1	1	1	0	0	0
m.13743	311	8	7	7	4	5	5
m.13744	138	0	1	2	2	1	2
m.13748	486	1	1	1	0	1	0
m.13753	335	6	4	3	0	1	0
m.13791	176	0	1	1	0	0	0
m.13801	461	0	0	1	0	0	0
m.13811	436	1	1	1	0	0	0
m.13842	680	13	7	11	5	5	7
m.13862	447	4	3	5	4	4	1
m.13863	1106	3	4	5	5	4	4
m.13869	191	0	0	1	1	0	0
m.1388	352	0	1	1	0	0	0
m.13885	1031	0	1	0	0	0	0
m.139	190	4	4	6	2	2	3
m.1390	448	10	10	12	9	9	8
m.13903	193	1	1	1	1	1	1
m.13957	123	0	1	2	0	0	0
m.1396	509	1	0	0	0	0	0
m.13977	445	12	4	12	3	2	3
m.1408	226	4	3	3	4	2	4
m.141	436	31	28	28	19	27	24
m.14109	662	0	0	0	0	1	1
m.14128	211	8	7	6	1	1	1
m.1413	338	8	6	8	5	3	5
m.14137	212	2	3	6	0	0	0
m.1415	197	1	1	1	0	0	0
m.14152	569	1	1	1	1	0	0
m.14201	145	1	1	0	0	1	0
m.14213	220	0	1	1	1	1	1
m.14255	219	5	0	3	2	2	2
m.14269	430	1	2	1	0	0	0
m.14282	326	0	0	1	0	0	0
m.14312	960	20	21	21	12	9	12
m.14349	643	1	2	2	0	0	1
m.14355	846	15	13	14	8	7	9
m.1436	550	22	22	22	13	16	16
m.1437	515	2	2	1	1	2	2
m.14375	119	1	2	2	1	1	0
m.1440	833	1	0	1	0	1	0
m.14422	417	7	9	6	3	4	4
m.14438	273	3	2	3	1	0	2
m.14458	126	2	2	2	2	2	3
m.14464	434	1	1	0	0	0	0
m.14465	536	1	1	0	0	0	0
m.1447	450	2	1	2	0	1	0
m.14490	140	1	1	0	1	0	1
m.145	467	0	0	1	1	0	0
m.14507	364	0	1	0	0	0	0
m.1454	475	3	3	2	2	2	2
m.14543	392	5	6	5	6	6	5
m.1456	431	3	4	4	0	1	1
m.14602	310	1	1	2	1	1	0
m.1461	469	1	3	1	0	0	0
m.14620	195	1	1	1	0	1	1
m.1463	394	3	4	3	3	2	3
m.14712	256	1	1	1	0	0	0
m.1472	277	5	6	4	3	3	2
m.1473	555	8	6	8	5	6	6
m.14730	134	1	0	1	0	0	0
m.14738	152	1	1	1	1	2	1
m.14739	401	2	1	3	1	1	1
m.14754	356	8	9	7	7	7	7
m.14756	396	3	2	3	1	2	0
m.14765	420	3	3	3	1	1	0
m.1478	617	2	2	1	3	2	1
m.14803	174	0	1	0	0	0	0
m.14897	346	1	1	1	0	0	0
m.14910	573	4	2	5	1	1	2
m.14914	470	2	1	1	0	1	0
m.14915	293	15	15	16	16	19	18
m.14918	406	3	4	1	1	0	1
m.14921	762	1	0	0	0	0	0
m.14923	328	3	4	5	4	4	3
m.1493	232	6	6	4	3	4	1
m.14938	965	0	0	3	0	0	1
m.14952	249	5	3	4	0	2	1
m.14956	520	0	0	0	0	1	1
m.14963	1061	14	15	15	10	12	11
m.14972	298	1	1	1	0	0	1
m.14975	171	0	1	0	0	0	0
m.14983	218	8	9	9	6	7	6
m.14984	440	7	7	7	3	4	5
m.14994	562	3	3	1	0	0	0
m.14998	1027	2	1	4	0	0	0
m.14999	503	49	52	53	45	55	51
m.15017	296	2	0	0	1	0	0
m.15022	221	15	6	14	10	10	12
m.15026	538	1	2	2	0	0	0
m.15038	332	1	1	1	0	0	0
m.1504	136	2	4	3	3	3	3
m.15047	323	15	15	12	14	12	11
m.1505	423	7	6	7	1	2	3
m.15054	242	14	11	11	11	14	12
m.15063	195	0	1	0	0	0	1
m.15067	179	7	7	8	6	7	4
m.15079	260	14	14	14	8	10	11
m.1509	223	5	0	5	4	3	3
m.15090	1470	1	0	1	1	0	0
m.15096	468	4	4	4	1	1	2
m.15098	368	1	1	0	1	1	0
m.151	201	1	1	0	1	1	0
m.15111	545	21	18	21	18	23	18
m.15114	369	2	1	2	2	1	1
m.15118	99	2	1	2	3	2	2
m.15122	236	0	0	0	0	0	1
m.15126	176	3	2	1	0	0	1
m.15134	1205	2	2	1	0	1	2
m.15139	435	28	30	28	30	30	28
m.15141	227	9	9	10	5	8	10
m.15155	891	2	0	0	0	0	0
m.15158	259	2	2	1	1	1	1
m.15162	152	13	11	12	12	10	12
m.15166	611	1	0	0	0	0	0
m.15170	715	2	3	3	0	0	0
m.15172	116	1	0	0	0	0	0
m.15175	266	6	6	6	5	5	7
m.15185	362	11	13	11	12	10	10
m.15189	147	1	1	2	1	1	1
m.152	115	3	4	2	1	1	1
m.15200	788	6	2	5	3	4	4
m.15204	648	21	21	22	15	16	18
m.15205	198	2	1	1	0	0	0
m.15213	424	1	0	1	0	0	0
m.15220	508	10	1	11	4	3	4
m.15241	654	9	6	8	4	1	2
m.15247	289	3	2	3	2	3	2
m.15259	327	1	1	2	0	1	2
m.1527	299	11	12	14	8	8	6
m.15281	346	1	0	0	0	0	0
m.15288	254	0	0	1	0	0	0
m.15290	959	3	4	5	1	4	4
m.153	398	1	1	2	2	1	1
m.1530	391	3	4	2	3	2	1
m.15303	441	1	1	1	0	0	0
m.15306	507	1	1	1	0	0	0
m.15314	289	0	0	1	0	0	0
m.15316	161	1	1	1	0	0	0
m.15323	305	7	5	5	3	4	3
m.15325	4828	1	0	0	0	0	1
m.15331	209	4	4	4	5	4	5
m.15345	109	0	1	0	0	1	0
m.15370	180	7	8	7	4	5	5
m.15377	555	17	15	15	11	8	9
m.15388	345	1	2	1	0	0	1
m.15396	329	1	2	2	2	2	2
m.15400	429	7	6	6	3	3	5
m.15409	308	0	0	1	0	1	1
m.15418	181	1	1	0	1	0	0
m.15419	125	1	1	0	0	0	0
m.15426	1113	3	6	5	4	3	3
m.15449	425	2	2	2	0	0	0
m.15457	489	0	1	1	0	0	0
m.15462	185	2	2	2	2	3	2
m.1547	193	2	2	3	4	4	2
m.15471	509	2	2	0	0	0	1
m.15477	423	0	0	0	1	0	0
m.15479	147	0	0	0	1	1	1
m.15484	173	1	1	1	0	0	0
m.15491	328	0	2	1	1	0	0
m.15526	304	2	3	2	1	1	2
m.15530	386	4	5	5	3	3	1
m.15544	155	3	4	4	3	1	2
m.15586	275	5	6	7	8	7	8
m.1560	548	11	13	9	11	9	8
m.15618	675	0	1	1	0	1	0
m.1563	266	1	1	0	0	0	0
m.15633	448	33	29	29	22	22	23
m.15686	206	2	0	3	3	3	3
m.15693	310	10	11	10	10	10	10
m.15700	399	2	3	1	2	1	3
m.15722	235	14	1	13	9	11	8
m.15724	695	3	2	3	2	0	1
m.1573	128	1	1	0	1	0	0
m.15750	815	4	6	8	3	1	2
m.15756	276	1	1	1	0	0	0
m.1576	513	5	6	6	6	7	6
m.15764	225	3	4	3	2	1	1
m.15778	129	1	0	0	0	0	0
m.15779	427	0	1	0	0	0	0
m.15803	206	3	4	2	2	0	1
m.15806	352	0	0	1	0	0	0
m.1582	284	1	0	1	1	2	2
m.15822	319	1	1	0	1	0	0
m.1583	327	5	6	7	6	5	4
m.15838	328	0	0	0	0	1	0
m.15839	183	3	3	2	3	4	2
m.15850	195	1	0	1	1	1	1
m.15857	420	2	2	2	2	2	2
m.15859	410	5	3	4	3	4	3
m.15899	456	3	1	2	1	1	1
m.1592	810	1	1	1	2	1	0
m.15923	2429	10	11	11	11	10	12
m.15962	187	0	1	0	0	0	0
m.15986	209	1	2	2	2	1	2
m.1600	347	0	0	0	0	0	2
m.16001	119	0	1	1	1	0	0
m.16002	356	0	0	0	1	1	1
m.16009	808	6	6	6	7	7	8
m.16029	467	1	1	1	0	0	1
m.16036	305	2	4	3	0	1	0
m.16056	335	1	1	1	0	0	0
m.16090	446	12	11	10	8	9	9
m.16099	216	2	1	2	0	0	0
m.16108	243	2	1	1	1	1	1
m.16119	234	1	2	2	1	1	1
m.16132	345	3	4	4	0	1	0
m.16180	508	4	4	3	2	3	2
m.16211	276	1	1	1	1	1	1
m.16222	296	1	0	1	0	0	0
m.16224	295	1	1	1	0	1	1
m.16233	161	7	5	7	3	4	5
m.16246	388	2	3	1	0	0	0
m.16247	347	1	1	1	0	0	0
m.16258	131	1	1	1	0	0	1
m.16259	270	0	0	0	0	0	1
m.1626	326	4	4	4	4	4	4
m.16276	140	0	0	1	0	0	0
m.16281	177	4	3	4	3	4	2
m.16282	297	1	1	1	0	1	1
m.16303	320	1	1	1	1	0	0
m.16309	388	1	1	3	1	2	2
m.16319	224	2	1	2	1	3	1
m.16321	224	1	0	1	0	0	0
m.16351	226	5	5	5	5	5	4
m.16371	297	3	3	2	1	1	2
m.16384	119	1	0	0	0	0	0
m.16414	306	0	1	1	0	1	0
m.16423	301	2	2	2	0	0	0
m.16442	194	2	1	2	1	1	1
m.16446	276	2	2	2	0	0	0
m.16449	935	5	6	8	6	8	7
m.16465	273	4	3	2	3	3	4
m.16496	187	0	0	0	1	0	0
m.1652	495	25	21	20	21	19	16
m.16523	512	0	0	1	0	0	0
m.16526	293	1	2	1	0	0	0
m.16548	260	1	1	1	1	0	0
m.1655	411	5	7	6	3	2	1
m.16591	233	4	3	2	1	2	3
m.16598	409	0	0	0	1	0	0
m.166	168	0	1	0	0	0	0
m.16618	108	1	0	0	0	0	1
m.16651	319	2	3	4	2	1	1
m.16692	411	8	8	8	5	5	7
m.16736	134	1	0	0	0	0	0
m.1680	375	1	2	1	1	2	1
m.16813	293	0	1	0	0	0	1
m.1685	362	2	1	1	0	0	0
m.16853	182	0	0	0	1	0	0
m.16859	1199	5	5	6	4	4	5
m.16863	391	0	0	1	0	0	0
m.16864	208	1	1	2	0	1	0
m.16877	305	0	1	1	0	0	1
m.1688	655	2	3	2	0	0	0
m.1689	2742	1	0	2	1	0	0
m.16901	126	0	1	0	0	0	0
m.16910	2217	10	10	9	10	10	8
m.16955	391	1	1	1	0	0	0
m.16994	221	9	6	6	0	1	1
m.16997	579	14	13	13	9	13	14
m.17002	969	3	3	2	2	2	2
m.17007	211	3	2	3	1	1	2
m.17032	119	0	0	1	0	0	0
m.1706	388	1	0	1	0	0	0
m.17099	205	1	2	3	0	0	0
m.171	2522	3	2	4	1	1	0
m.17101	439	7	6	6	2	3	4
m.17110	253	1	0	2	0	0	0
m.17128	1219	3	3	3	0	1	1
m.1714	264	2	2	2	0	0	0
m.17144	187	1	1	1	0	0	0
m.17178	533	1	0	1	0	1	0
m.17237	424	0	2	1	0	0	0
m.17242	566	1	0	0	0	0	0
m.17244	319	0	1	1	0	0	1
m.1729	398	1	0	0	0	0	0
m.173	389	114	29	124	105	101	101
m.17323	421	19	18	19	17	17	19
m.1733	1264	0	0	0	1	0	0
m.17346	797	2	3	2	0	2	1
m.17363	155	1	1	0	0	0	0
m.17386	142	0	0	0	1	2	1
m.1739	564	1	0	0	0	0	0
m.17418	331	1	0	1	0	1	0
m.17435	484	12	15	17	9	10	11
m.17466	666	10	12	13	9	10	12
m.17476	386	1	1	2	1	0	1
m.17496	405	3	5	4	2	2	1
m.17508	148	1	0	1	1	1	1
m.17509	429	2	3	2	2	3	4
m.17514	369	2	2	1	1	1	1
m.17521	185	11	12	14	12	14	15
m.17527	348	0	0	0	0	1	0
m.17547	505	6	5	4	4	6	5
m.17560	348	0	1	0	0	0	0
m.17562	293	1	1	1	0	0	0
m.17572	133	3	2	3	2	2	2
m.17573	293	3	4	5	0	0	0
m.17582	562	5	3	3	5	2	3
m.17587	233	2	1	2	0	0	2
m.17595	424	11	7	11	7	8	8
m.17598	232	2	1	1	0	0	0
m.17599	105	1	1	1	0	0	0
m.17609	155	1	1	0	1	1	0
m.1761	2437	9	7	10	0	1	3
m.17615	183	0	1	0	0	0	0
m.17634	303	1	0	1	1	0	0
m.17642	405	3	3	4	2	4	2
m.17646	144	1	0	1	0	0	0
m.17653	215	5	4	3	4	3	3
m.17655	964	4	4	4	3	2	3
m.17662	137	2	2	2	1	1	1
m.17682	122	0	1	0	2	1	1
m.17683	465	3	3	2	1	0	0
m.17685	206	1	0	0	0	0	0
m.17686	418	0	0	0	2	2	2
m.17700	509	1	1	1	1	0	0
m.17718	670	8	10	9	2	3	3
m.17739	255	8	3	12	9	10	9
m.17758	659	0	1	1	1	1	1
m.17769	574	1	3	3	0	0	0
m.17776	322	5	5	3	1	1	1
m.17784	409	1	0	0	1	2	1
m.17789	102	1	0	0	0	0	0
m.17794	846	17	20	17	12	10	8
m.17804	580	15	12	12	11	9	8
m.17812	263	0	1	1	0	0	0
m.17821	322	28	26	24	24	20	25
m.17857	135	0	1	0	0	1	1
m.17859	221	3	1	1	1	1	1
m.17885	208	6	2	4	3	3	4
m.17886	251	1	1	1	0	0	0
m.17895	500	4	6	6	3	3	2
m.17897	385	4	3	3	3	1	2
m.17910	625	2	3	3	1	1	1
m.1793	310	3	3	2	1	1	1
m.17930	292	1	1	0	1	1	1
m.17939	224	0	0	0	0	1	0
m.1796	557	12	14	12	10	7	10
m.17962	105	0	1	1	0	0	0
m.17967	175	3	3	3	1	1	1
m.17970	233	1	2	2	1	0	0
m.17984	639	9	10	11	10	6	10
m.17992	724	11	13	12	9	9	9
m.18002	175	0	0	0	0	0	1
m.18003	350	1	1	1	0	0	0
m.18009	870	2	0	0	1	1	0
m.1802	545	1	2	1	1	1	1
m.18040	327	8	8	9	5	6	6
m.18048	376	10	9	9	6	8	7
m.1806	594	3	1	1	0	0	0
m.18060	194	3	3	1	2	1	0
m.18062	181	3	4	5	3	3	3
m.18064	292	0	0	1	0	0	0
m.18070	421	2	1	1	2	3	1
m.1809	261	0	0	0	1	0	0
m.18090	289	1	1	0	1	1	1
m.1811	272	6	4	10	1	3	2
m.18144	177	2	1	0	2	1	1
m.18155	470	6	6	5	3	3	3
m.1816	454	1	1	0	1	0	0
m.18174	206	0	0	1	0	0	0
m.18183	178	1	1	1	0	0	0
m.18216	767	2	1	1	0	0	0
m.18280	786	1	3	1	1	2	2
m.18288	378	1	2	2	0	0	0
m.18294	121	1	1	1	1	1	1
m.18326	402	0	2	1	0	0	0
m.18336	196	3	3	4	3	2	1
m.1834	596	9	6	7	5	2	5
m.18355	140	1	1	0	0	1	0
m.18362	249	5	5	6	2	2	4
m.18366	538	8	6	6	8	7	7
m.18370	247	1	1	1	0	0	0
m.18373	191	0	1	2	0	0	0
m.18387	243	3	3	1	1	1	3
m.1839	150	0	0	0	1	1	2
m.184	376	105	26	121	99	101	101
m.18406	213	2	2	2	0	0	0
m.1846	234	1	1	0	0	0	0
m.18462	162	1	0	0	0	0	0
m.18470	326	6	8	9	4	4	4
m.18491	290	0	0	0	1	0	1
m.18493	251	0	1	1	0	1	0
m.1850	391	2	3	2	2	1	0
m.18511	317	0	1	0	0	0	0
m.18531	393	2	1	0	1	0	0
m.18533	634	1	1	0	0	0	0
m.18543	325	1	0	1	0	0	0
m.18550	321	2	1	2	2	2	2
m.18553	252	5	4	4	2	3	2
m.18556	357	10	10	9	7	6	8
m.18584	365	0	0	0	1	0	0
m.18614	518	0	1	1	0	0	0
m.18619	214	0	1	1	0	0	0
m.1862	270	0	2	1	0	0	0
m.1866	1135	6	5	4	3	3	2
m.18667	123	1	0	0	0	1	0
m.18729	206	1	1	1	0	0	0
m.1874	125	0	0	1	0	0	0
m.18748	201	6	1	6	4	4	4
m.18767	961	5	7	5	1	0	3
m.1881	292	17	7	21	8	12	7
m.18818	131	1	1	0	0	0	0
m.18819	1444	23	18	18	15	13	12
m.18825	839	25	22	22	28	23	21
m.18832	554	1	1	2	0	0	0
m.18834	354	5	1	4	3	2	2
m.1884	645	4	5	4	1	0	0
m.18862	137	5	3	5	0	1	0
m.1889	383	1	2	1	0	0	0
m.18898	207	9	0	8	6	6	6
m.18940	324	0	0	1	0	0	0
m.18969	102	2	3	2	0	1	0
m.1897	265	2	1	2	0	0	1
m.190	135	0	0	1	1	0	0
m.1903	378	3	3	3	1	1	2
m.19033	252	20	6	19	14	18	16
m.19068	541	1	1	0	0	0	0
m.19079	424	1	1	1	1	2	1
m.19080	266	1	1	1	1	0	0
m.19105	387	1	1	0	0	0	1
m.19106	321	1	0	1	0	0	0
m.1911	462	0	0	1	0	0	0
m.19151	186	4	4	3	3	6	5
m.19195	126	3	1	1	2	2	2
m.19225	469	5	5	5	3	3	3
m.19242	719	9	10	11	6	7	7
m.1925	184	1	1	0	0	0	0
m.19267	130	1	0	0	0	0	0
m.1931	256	1	0	0	0	0	0
m.1936	223	2	3	4	2	2	2
m.19360	173	4	1	3	2	3	3
m.19365	277	7	5	7	5	3	4
m.19391	189	1	1	1	0	0	0
m.19416	143	3	2	4	5	5	4
m.19423	152	1	2	1	1	1	0
m.19446	282	2	3	1	2	0	3
m.19454	152	1	1	2	1	1	2
m.19455	354	1	0	1	0	0	0
m.19460	144	4	4	4	3	3	2
m.19463	429	0	1	0	0	0	0
m.19469	629	1	1	0	0	1	1
m.19483	336	0	1	1	0	0	0
m.19487	501	2	2	1	3	3	3
m.19494	241	1	1	1	1	1	2
m.19495	508	9	8	9	6	6	8
m.19496	684	0	0	1	0	0	0
m.195	212	0	1	1	1	1	1
m.1950	311	2	4	2	1	1	1
m.19503	183	0	1	0	0	0	0
m.19510	516	14	4	13	11	15	17
m.19514	1648	3	3	4	5	4	3
m.19535	181	1	1	1	0	0	0
m.19543	104	1	1	1	0	1	1
m.19558	268	4	3	5	2	1	1
m.19561	251	2	1	1	3	3	4
m.19580	222	1	2	1	0	0	0
m.19587	374	0	0	0	0	1	0
m.19597	531	13	11	9	10	9	9
m.19598	1537	1	1	1	1	3	2
m.196	258	3	3	4	4	4	3
m.19610	677	3	3	2	2	2	3
m.19647	482	0	0	0	0	1	0
m.19657	547	2	2	2	3	1	2
m.19661	333	11	11	11	4	6	7
m.19674	317	7	2	4	4	3	3
m.19685	242	3	2	4	1	0	1
m.19688	311	2	2	1	0	0	0
m.19700	101	1	1	1	1	1	1
m.19704	127	1	1	2	1	1	0
m.19708	361	4	3	7	5	2	3
m.19722	109	0	0	0	1	1	1
m.19726	448	1	1	1	1	1	1
m.1973	357	1	0	0	0	1	0
m.19751	156	0	0	1	0	0	0
m.19764	354	4	1	3	3	3	3
m.19768	178	1	3	2	1	2	1
m.19801	196	1	1	1	0	1	0
m.19805	110	4	4	4	5	5	5
m.19807	203	1	0	1	0	0	0
m.19866	117	1	0	0	0	0	0
m.19870	153	0	0	2	0	0	1
m.19899	782	2	2	2	1	1	2
m.19914	123	1	1	1	0	0	0
m.19922	158	0	0	0	0	1	0
m.19927	386	3	2	0	0	1	0
m.19949	302	0	0	0	0	0	1
m.1996	868	17	14	13	8	5	7
m.19966	302	3	5	5	6	6	6
m.19978	746	6	6	6	6	4	6
m.19983	183	2	4	4	3	2	2
m.19991	861	9	8	9	8	6	5
m.19993	588	4	3	2	2	3	2
m.2	157	5	5	5	4	6	3
m.20	400	2	0	2	0	1	0
m.200	1142	24	25	25	22	20	18
m.20013	565	10	7	10	6	8	10
m.20041	230	17	4	19	9	12	6
m.20062	124	0	0	1	0	0	1
m.20081	531	2	3	3	2	3	4
m.20093	192	0	0	1	0	0	0
m.2011	367	1	1	0	0	0	0
m.20145	264	2	1	1	1	0	0
m.20175	165	3	3	2	2	1	1
m.202	101	2	2	2	1	1	2
m.2022	539	1	3	3	2	1	2
m.20248	122	0	0	1	0	1	1
m.20249	222	0	0	1	0	0	0
m.20253	281	3	1	3	2	2	2
m.2030	436	3	0	4	2	1	1
m.20317	123	2	0	0	0	0	0
m.2032	373	5	6	7	5	5	4
m.20374	285	5	5	4	4	5	5
m.20468	481	0	0	1	0	0	0
m.2050	233	2	2	2	1	0	0
m.20506	179	2	2	2	2	2	2
m.20509	361	2	2	3	2	2	3
m.20599	102	1	0	1	0	0	1
m.20617	373	1	1	1	0	1	0
m.20656	236	1	0	1	2	0	2
m.20660	110	1	0	0	0	0	0
m.2067	217	5	4	3	1	2	1
m.20683	314	1	1	2	0	0	0
m.207	457	0	1	1	0	0	1
m.20784	421	1	1	1	0	0	0
m.20818	279	1	1	1	0	0	0
m.20823	136	1	0	0	1	1	1
m.20828	231	3	4	3	0	2	1
m.20898	435	3	5	5	1	1	3
m.20912	285	0	1	0	0	1	0
m.20916	317	8	9	10	6	6	7
m.20918	315	2	3	3	1	1	3
m.20924	380	3	3	5	2	2	2
m.20930	647	28	16	31	25	24	23
m.20941	628	4	8	8	3	4	1
m.20945	770	5	5	6	4	1	3
m.20957	639	11	8	12	13	13	10
m.20959	229	8	6	7	4	4	3
m.20967	304	0	1	0	1	0	1
m.20970	243	1	2	2	0	0	0
m.20978	138	5	5	5	5	4	5
m.20979	350	0	1	1	0	0	0
m.20992	502	1	1	0	1	1	0
m.21	461	21	24	24	24	25	20
m.21000	372	4	3	3	3	4	2
m.21001	182	1	1	0	0	0	0
m.21002	259	2	2	0	1	1	1
m.21013	777	2	2	1	1	0	1
m.21018	369	2	0	1	2	2	2
m.21023	149	1	1	1	1	0	0
m.21024	188	1	2	2	0	1	1
m.21046	141	1	1	2	0	0	1
m.21047	294	5	5	4	2	3	3
m.21052	665	1	0	2	2	0	1
m.2107	529	9	7	8	5	6	4
m.21074	449	2	2	2	0	1	1
m.21076	409	1	0	0	0	0	0
m.21131	238	1	1	0	1	0	1
m.21152	377	2	2	1	2	1	2
m.21153	225	2	3	4	2	0	0
m.21179	265	10	11	10	8	9	9
m.212	347	3	0	2	0	1	2
m.21217	277	1	0	0	0	0	0
m.21223	127	1	1	1	0	0	0
m.21227	279	1	1	1	0	0	0
m.21268	784	1	2	3	1	1	2
m.21281	322	1	0	1	0	0	0
m.21313	552	7	10	7	4	6	5
m.21346	340	2	0	2	2	2	3
m.2136	361	1	0	1	1	0	0
m.21375	111	0	0	1	0	0	0
m.21376	204	0	1	2	0	1	0
m.21379	246	8	8	11	8	7	5
m.21388	376	1	1	1	0	1	0
m.21390	125	7	2	8	8	8	6
m.21416	355	1	1	1	0	1	0
m.21438	701	7	7	8	6	9	8
m.21457	115	3	4	2	2	1	2
m.2146	314	0	1	2	0	1	0
m.2147	314	3	4	7	2	2	3
m.21474	364	0	1	2	2	1	1
m.21495	148	1	1	1	1	0	1
m.215	195	10	5	11	12	9	8
m.2150	326	2	0	3	2	3	3
m.21525	176	1	0	1	0	1	0
m.21528	104	1	0	0	0	0	0
m.21529	322	1	1	2	0	0	0
m.21538	175	3	3	2	1	2	1
m.21596	525	7	9	8	6	6	5
m.2164	240	1	1	1	1	0	1
m.21654	118	1	0	1	0	0	0
m.21665	130	1	0	0	1	1	2
m.21674	280	1	3	2	2	2	1
m.21690	240	2	3	3	1	2	1
m.217	121	4	4	5	3	2	3
m.21702	178	1	1	1	1	0	1
m.2171	309	2	1	2	0	1	0
m.21710	219	1	1	0	0	0	0
m.21736	444	3	4	4	1	0	1
m.21772	262	0	0	0	1	0	1
m.21798	281	3	2	4	3	4	2
m.218	310	15	12	12	12	12	8
m.21819	1189	3	2	3	3	3	3
m.21828	279	0	0	0	0	0	1
m.21832	170	0	0	0	0	1	0
m.21842	395	8	11	8	9	12	9
m.2185	737	2	1	1	4	6	4
m.21863	436	1	1	1	0	1	0
m.21864	258	1	3	1	0	0	0
m.21876	142	1	1	1	1	1	0
m.21911	295	1	0	1	0	0	0
m.21939	120	1	1	1	0	0	1
m.22064	312	0	0	0	1	1	1
m.22085	331	3	4	4	3	2	3
m.2212	675	2	3	1	1	1	2
m.22122	295	0	0	1	0	0	0
m.22127	173	0	2	1	1	0	0
m.22180	238	1	1	0	1	1	1
m.22205	653	4	2	3	1	1	3
m.22210	207	0	0	0	0	1	0
m.22271	234	1	1	1	1	1	1
m.22274	438	6	5	6	5	5	4
m.22282	310	2	3	1	5	2	3
m.2229	343	3	3	3	0	0	0
m.22295	361	2	0	0	0	0	0
m.223	287	2	1	1	2	2	3
m.22300	797	1	1	1	0	0	0
m.22305	311	1	0	0	0	0	0
m.22307	275	3	3	3	1	3	2
m.22336	329	2	0	0	0	0	0
m.22339	1615	2	3	1	0	1	0
m.22358	156	1	0	1	0	0	0
m.22365	587	5	3	2	1	1	3
m.22377	200	1	1	1	1	1	0
m.22382	236	0	0	0	0	0	1
m.22392	222	5	6	5	5	5	5
m.22394	559	7	4	5	5	4	5
m.22405	246	4	1	1	1	1	1
m.2241	107	1	1	1	2	2	2
m.22412	708	1	2	2	0	0	0
m.22424	314	3	1	5	2	1	1
m.22426	144	0	1	0	1	2	2
m.22427	401	3	3	4	0	1	1
m.22434	265	3	1	3	1	1	1
m.2244	1940	2	2	1	0	0	0
m.22447	261	2	2	4	1	1	1
m.22448	329	1	0	2	1	1	1
m.22449	384	1	1	2	3	3	3
m.22518	514	5	8	6	4	4	3
m.22535	540	0	1	0	0	0	0
m.22539	256	3	2	2	1	2	1
m.22541	115	1	1	0	0	0	0
m.22542	615	45	33	47	17	19	21
m.22547	139	1	1	1	0	1	1
m.22551	320	0	2	1	0	0	2
m.22556	121	1	1	1	0	0	0
m.22580	202	3	2	3	2	2	2
m.22619	255	1	1	1	0	0	0
m.22659	359	1	0	0	0	0	0
m.22671	529	1	1	1	0	1	1
m.22676	166	2	1	2	1	0	0
m.2269	469	1	1	1	0	0	0
m.22691	209	0	0	1	0	0	0
m.227	359	7	6	6	1	1	1
m.22707	617	1	1	0	0	0	0
m.22737	450	0	1	0	0	0	1
m.22746	109	1	1	1	0	0	0
m.2278	237	1	0	1	0	0	0
m.22782	553	8	4	4	3	4	4
m.22784	250	0	1	1	0	1	0
m.22806	335	0	1	0	0	1	0
m.22810	245	2	1	3	3	3	1
m.22850	470	2	2	2	2	2	2
m.22904	580	6	7	6	3	3	3
m.22921	1220	1	1	1	1	1	1
m.22925	162	1	0	0	0	0	0
m.22934	136	0	1	1	0	0	1
m.22940	466	8	8	9	10	11	11
m.22944	994	26	24	27	23	19	19
m.22952	530	5	4	4	0	2	2
m.22956	201	2	0	0	0	0	0
m.230	211	10	11	11	8	6	6
m.23037	263	5	1	3	4	3	3
m.23042	858	4	6	4	2	1	1
m.23072	302	2	4	3	2	2	2
m.23079	454	1	1	2	0	0	0
m.2309	217	2	1	2	0	0	0
m.23103	397	2	2	1	1	1	1
m.23110	258	3	3	3	2	2	2
m.23145	569	1	1	1	0	0	0
m.23157	316	1	1	1	0	0	1
m.2316	597	1	1	1	0	0	0
m.2317	307	2	2	3	1	0	0
m.23172	335	1	1	1	1	1	1
m.232	1282	5	4	3	1	3	3
m.23218	266	0	1	0	0	0	0
m.23233	725	5	2	4	1	3	1
m.23247	172	3	3	5	4	3	3
m.2327	164	0	0	0	0	1	0
m.23275	219	1	3	2	2	2	2
m.23328	172	1	1	0	0	1	0
m.23347	148	0	1	0	0	1	0
m.2335	380	0	1	1	0	0	0
m.23371	196	6	5	5	4	5	4
m.23377	644	1	1	1	0	0	0
m.23397	127	6	5	5	1	3	2
m.23454	187	16	21	21	7	6	9
m.23459	176	1	1	1	0	0	0
m.2353	1773	6	4	5	2	4	3
m.23575	291	6	6	5	4	4	5
m.23588	389	1	1	1	1	0	1
m.23594	226	0	1	1	0	0	0
m.23599	895	43	35	43	44	38	42
m.2360	1533	8	5	5	2	3	2
m.23602	166	3	4	3	4	4	4
m.23607	647	11	8	6	5	6	5
m.23611	241	9	10	9	7	5	4
m.23613	106	1	3	3	1	1	1
m.23626	176	3	3	2	1	1	0
m.23629	351	2	3	5	1	1	0
m.23632	169	1	2	2	1	1	2
m.23641	168	1	1	0	1	0	0
m.23661	550	1	2	1	1	0	1
m.23671	219	3	3	3	1	0	1
m.23676	166	1	1	0	1	0	0
m.23681	182	2	2	1	0	0	0
m.23685	446	21	19	17	18	17	19
m.23696	547	0	1	0	0	1	0
m.23699	552	10	9	9	7	6	5
m.23716	147	4	3	3	1	2	1
m.23728	760	2	1	1	0	0	0
m.23737	412	6	6	8	6	5	7
m.23776	270	1	1	2	0	0	0
m.23814	289	2	2	1	2	1	1
m.23817	738	2	2	1	2	0	1
m.23821	306	13	14	16	16	17	15
m.23824	188	3	4	4	3	3	4
m.23859	213	2	1	1	0	0	0
m.23867	427	2	1	1	1	2	2
m.23871	448	0	0	1	1	0	1
m.23900	193	3	2	2	2	1	1
m.23918	356	0	1	1	1	0	0
m.23926	521	2	2	2	1	1	2
m.23962	496	0	3	2	0	0	0
m.23986	259	0	0	0	2	1	2
m.23996	320	1	0	0	0	0	0
m.23997	257	0	2	2	2	2	2
m.24011	345	4	2	5	4	3	3
m.24029	442	1	4	2	2	3	1
m.24081	202	5	4	2	1	1	1
m.24092	176	0	0	0	1	0	0
m.241	287	6	7	7	0	0	0
m.24113	335	2	1	2	0	0	0
m.2412	527	2	1	1	0	1	2
m.24125	101	0	0	1	0	0	0
m.2413	303	1	0	0	0	0	0
m.24137	338	1	2	0	1	1	1
m.24143	156	0	0	1	1	1	1
m.24170	270	1	0	1	0	0	0
m.24183	283	1	1	1	0	0	0
m.24205	912	1	1	1	0	1	2
m.24213	244	0	0	0	1	0	0
m.24219	687	5	2	6	2	1	2
m.24247	254	0	0	0	0	0	1
m.2425	858	1	1	0	1	1	0
m.24250	139	1	1	1	0	0	0
m.24266	335	0	1	0	0	0	0
m.24308	388	1	2	3	0	0	1
m.24310	205	1	0	0	0	1	0
m.24316	262	2	2	3	1	1	0
m.2433	832	1	2	1	0	0	0
m.24351	185	0	1	1	0	0	0
m.24356	255	1	0	0	0	0	0
m.2438	9514	17	18	23	4	3	5
m.24423	342	3	2	2	3	1	3
m.24493	298	2	1	1	2	1	0
m.24508	120	0	1	1	0	1	0
m.24565	525	0	1	0	0	0	0
m.24569	99	1	3	3	0	1	1
m.24620	241	2	3	3	5	4	4
m.247	406	2	1	2	0	2	1
m.24722	174	3	3	2	1	1	0
m.24851	900	17	16	15	4	10	9
m.24916	265	0	0	1	2	0	0
m.24926	333	1	1	1	3	3	3
m.24931	171	0	0	1	0	0	0
m.24936	844	1	2	1	4	3	1
m.24947	295	4	3	5	3	4	2
m.24948	811	1	3	2	0	1	2
m.2495	336	1	0	0	0	0	1
m.24952	767	0	1	0	0	0	0
m.24964	992	7	5	7	3	2	3
m.24975	251	3	5	4	5	5	4
m.24983	433	0	2	3	2	2	1
m.24984	390	0	1	0	0	0	0
m.2503	175	2	1	0	0	1	0
m.25041	188	2	3	3	3	3	3
m.25047	221	5	5	4	4	3	4
m.25100	471	1	1	2	1	0	0
m.25115	481	0	1	1	0	1	0
m.25121	520	0	1	0	1	1	2
m.25139	549	8	9	9	6	5	5
m.25151	247	0	0	0	0	1	0
m.25161	139	0	0	1	0	0	0
m.25176	115	3	2	3	0	0	0
m.25195	896	1	1	2	2	0	0
m.2520	559	2	2	1	2	1	1
m.25217	316	0	0	0	1	0	0
m.25218	280	3	3	3	3	1	1
m.2523	295	0	1	0	0	0	0
m.25244	393	5	3	2	2	2	2
m.25258	278	4	5	6	2	3	2
m.25260	257	3	2	1	2	1	2
m.25270	173	2	0	1	1	1	1
m.25292	283	1	2	2	1	1	1
m.2531	239	6	5	6	4	3	4
m.25325	239	2	2	1	0	1	1
m.25327	306	1	1	1	0	0	0
m.25376	167	0	1	2	1	0	0
m.2539	1354	6	9	4	3	3	3
m.25409	132	2	2	2	0	0	1
m.25410	350	6	7	9	6	5	4
m.2542	649	5	8	8	2	1	2
m.25428	275	1	0	0	0	0	0
m.25435	194	1	0	0	0	0	0
m.25456	233	0	0	0	0	0	1
m.255	815	4	4	3	2	3	1
m.25538	553	1	1	1	0	1	1
m.25546	453	5	6	5	5	5	5
m.25552	512	1	2	1	1	0	1
m.2558	405	0	0	0	1	0	0
m.25638	115	4	2	2	2	2	1
m.25678	189	7	6	7	6	6	6
m.25694	384	1	0	0	0	0	0
m.25703	334	0	0	0	0	1	1
m.25715	184	1	1	1	2	1	0
m.25727	713	1	0	0	0	0	0
m.25744	213	3	3	2	2	1	2
m.25761	371	1	0	1	0	0	0
m.25763	303	0	1	1	1	0	1
m.25801	239	12	13	12	11	12	13
m.25802	790	0	0	1	0	1	0
m.25826	146	3	4	4	3	4	4
m.25835	116	4	5	5	3	3	3
m.25869	277	1	1	2	1	2	2
m.25878	131	1	1	1	0	0	0
m.259	296	0	1	0	0	0	1
m.25920	229	1	2	1	0	0	0
m.2593	497	1	1	0	0	0	0
m.25982	154	1	1	1	0	0	0
m.25985	421	15	16	15	9	10	9
m.2600	343	3	2	4	3	2	2
m.26006	448	36	28	36	28	29	31
m.26013	535	1	0	1	0	0	0
m.26030	262	1	2	1	0	1	2
m.26049	373	1	2	1	0	2	0
m.26080	182	1	2	2	3	3	2
m.26081	187	4	4	4	4	6	6
m.26093	209	3	2	2	2	2	2
m.26096	232	0	0	0	1	0	0
m.2611	732	6	5	5	7	6	5
m.26116	135	1	0	0	1	1	0
m.26130	154	1	1	1	1	0	2
m.26158	399	4	3	2	2	2	2
m.26179	500	1	1	0	1	0	1
m.26224	229	1	0	2	1	1	1
m.26235	513	1	1	2	1	0	0
m.26243	545	2	2	2	2	1	1
m.26261	222	3	1	2	0	1	0
m.26278	149	2	3	2	3	3	2
m.26295	159	0	1	0	0	0	0
m.26296	112	1	1	1	1	1	0
m.26302	181	0	1	1	6	7	6
m.26336	389	5	5	5	2	2	1
m.26339	197	3	4	3	3	4	4
m.26379	171	2	3	2	1	1	1
m.26381	192	1	1	1	0	0	0
m.26392	100	0	1	0	1	1	1
m.26409	122	1	0	2	1	2	2
m.26428	129	1	0	0	0	0	0
m.26433	413	1	0	1	1	1	0
m.26466	184	2	2	3	1	1	2
m.26467	454	2	2	2	1	1	1
m.26522	211	3	2	3	4	5	6
m.2655	450	6	5	6	5	4	6
m.26602	100	0	1	0	0	0	0
m.26618	221	0	0	0	1	0	0
m.2665	420	0	0	0	1	0	0
m.26680	176	1	0	0	0	0	0
m.26683	335	2	1	1	1	1	0
m.26704	140	0	0	1	0	0	0
m.26709	377	0	0	0	0	0	1
m.26727	287	1	2	1	0	1	1
m.26748	214	0	1	0	1	0	0
m.26751	180	4	1	3	0	0	0
m.26788	760	6	8	7	8	7	7
m.26880	126	8	8	9	4	3	6
m.26905	195	0	1	0	0	0	0
m.26906	143	3	2	2	1	1	1
m.26907	311	4	5	6	2	1	1
m.26926	313	1	4	1	0	1	0
m.26932	113	1	0	0	0	0	0
m.26933	140	3	3	3	3	3	3
m.26935	282	0	1	0	0	0	0
m.26940	335	6	6	5	4	2	3
m.26952	376	32	3	33	33	32	35
m.26956	495	16	14	14	14	8	14
m.26981	281	4	3	5	2	1	2
m.2705	268	10	11	12	9	11	10
m.27078	180	5	6	6	3	4	4
m.27080	181	1	1	1	1	1	1
m.27104	291	1	0	1	0	0	0
m.27110	419	1	1	1	0	1	0
m.27111	329	2	0	0	0	1	1
m.27117	475	6	8	7	3	5	4
m.2713	305	0	0	0	0	0	1
m.27134	171	1	1	1	1	1	0
m.2715	610	12	12	9	10	9	10
m.2719	951	0	0	0	0	0	1
m.27220	121	0	1	1	0	0	0
m.27234	308	21	20	20	20	19	19
m.27245	439	0	0	1	0	0	0
m.27343	272	0	1	1	0	1	1
m.2736	403	1	0	0	0	0	0
m.2737	226	1	1	2	3	4	2
m.27407	217	2	2	2	0	1	0
m.27472	139	1	1	3	3	2	2
m.27519	235	0	1	1	0	0	0
m.2752	168	11	10	9	8	8	9
m.2758	817	0	1	1	0	0	1
m.27586	330	5	8	8	2	3	3
m.27591	172	0	1	0	0	0	0
m.27600	192	2	3	2	0	1	0
m.27603	105	0	0	1	1	0	0
m.27605	263	0	2	2	0	0	1
m.27613	234	5	4	5	3	3	2
m.27614	142	4	4	3	3	3	3
m.27625	216	1	0	0	0	0	1
m.27628	467	1	1	1	0	0	0
m.27646	180	2	2	3	3	3	3
m.2765	1329	2	2	2	1	0	1
m.27658	363	1	1	1	0	0	0
m.27664	165	1	2	2	0	0	0
m.27687	497	4	4	4	1	1	3
m.27691	423	1	0	0	2	0	1
m.27700	104	6	6	5	6	5	6
m.27731	112	2	2	2	1	1	0
m.27757	157	2	3	2	3	2	2
m.27772	428	1	1	0	0	0	0
m.27778	204	4	4	2	1	1	1
m.27791	585	6	6	4	5	4	6
m.278	253	82	0	94	72	74	72
m.27802	451	1	2	3	0	1	1
m.27813	362	5	4	3	2	3	2
m.27819	169	1	1	1	1	0	1
m.27822	350	1	1	0	0	0	0
m.27902	108	1	1	1	1	1	1
m.2792	427	11	7	13	6	5	3
m.2794	658	24	27	24	13	15	15
m.27954	454	0	1	0	2	0	0
m.27979	288	0	0	1	0	1	0
m.27998	400	3	3	3	5	7	5
m.2800	281	1	0	1	1	1	0
m.28013	833	2	3	2	4	4	4
m.28035	226	0	1	0	0	0	0
m.28068	132	3	0	3	2	3	2
m.28097	108	1	1	1	1	0	1
m.28137	274	2	4	2	1	2	2
m.28144	117	2	2	1	1	1	1
m.28151	99	1	0	1	0	0	0
m.28154	158	3	3	2	2	2	2
m.28159	179	1	1	1	1	0	0
m.2821	497	1	0	0	0	0	0
m.2824	459	9	7	7	5	5	6
m.28261	194	0	0	1	0	0	0
m.28278	688	3	1	2	0	1	0
m.28289	123	2	1	1	1	1	1
m.28313	382	1	0	0	0	0	0
m.284	444	4	4	7	1	2	3
m.2841	371	3	3	2	0	0	0
m.28410	144	1	1	1	0	0	0
m.28413	203	2	2	1	1	0	1
m.28417	112	1	0	1	2	0	2
m.28419	437	2	2	2	0	1	0
m.28430	410	0	1	1	0	0	0
m.28435	230	3	3	3	2	2	3
m.28438	291	2	2	2	0	1	1
m.28444	404	4	2	4	4	3	7
m.2848	287	4	4	4	3	2	1
m.28497	512	0	0	1	1	0	0
m.285	338	2	2	0	1	0	0
m.28515	510	2	0	2	2	3	2
m.28519	329	3	0	3	0	0	0
m.28520	237	0	0	0	1	0	0
m.2853	518	4	4	4	2	3	2
m.28534	505	1	3	4	3	4	2
m.28537	125	3	3	3	4	4	5
m.28546	235	19	17	11	13	15	16
m.2856	532	13	12	13	7	5	4
m.2860	768	11	11	15	9	9	8
m.28601	246	0	0	1	0	0	0
m.28687	461	3	1	1	1	0	0
m.28742	295	4	5	5	5	4	4
m.2877	192	1	1	1	0	0	1
m.28770	229	5	4	5	4	4	3
m.28774	853	3	1	1	0	0	0
m.2878	281	5	5	6	3	3	2
m.288	547	1	1	1	0	0	0
m.28820	245	7	7	7	5	6	5
m.28880	200	1	2	1	1	0	0
m.28920	220	1	1	1	0	0	1
m.28999	107	0	0	0	1	0	0
m.29	104	4	2	5	6	4	4
m.2905	396	3	3	3	4	3	4
m.29084	160	2	3	3	2	1	1
m.29115	136	3	2	2	2	2	3
m.29137	625	1	1	1	2	0	1
m.29142	223	1	2	2	1	1	2
m.29199	285	2	2	2	0	0	1
m.29219	277	21	9	20	17	17	15
m.29240	253	6	7	7	5	4	5
m.29249	121	1	1	1	0	0	0
m.29291	227	0	0	1	0	0	0
m.29299	328	2	2	1	1	1	2
m.29343	368	1	1	1	1	0	1
m.2935	127	0	1	0	0	1	0
m.29350	356	1	1	1	0	1	0
m.2936	227	1	1	0	1	0	0
m.29378	194	1	0	0	0	0	0
m.29428	193	9	10	8	9	11	10
m.29444	108	1	2	1	0	0	0
m.29450	117	1	0	1	0	0	0
m.295	166	2	4	1	1	1	0
m.29523	191	6	7	8	5	2	4
m.29527	167	2	2	2	1	2	1
m.29546	408	0	0	0	0	0	1
m.29555	128	0	0	0	0	1	1
m.29582	292	1	1	1	1	1	1
m.29599	227	1	2	1	1	1	1
m.29601	249	1	1	1	0	0	0
m.29602	100	0	1	1	0	0	0
m.29606	138	1	1	1	1	1	1
m.29673	125	1	0	0	0	0	1
m.297	271	3	3	5	3	3	4
m.2971	483	1	1	1	0	0	0
m.29775	144	0	0	1	0	0	0
m.29778	253	0	1	0	0	0	0
m.29808	242	10	9	12	9	10	9
m.29813	455	3	1	4	1	2	3
m.29835	460	50	0	54	42	42	41
m.29844	459	1	1	2	0	0	0
m.29861	185	15	17	13	12	13	13
m.29873	128	1	1	1	1	0	1
m.29874	107	1	0	0	0	0	1
m.29888	284	11	9	9	7	7	5
m.29890	126	0	0	0	1	0	0
m.29952	124	3	3	3	0	0	0
m.29972	1069	4	7	6	4	3	5
m.29981	276	0	0	1	0	0	0
m.3004	377	3	2	2	3	2	4
m.3005	453	1	2	2	1	1	0
m.30054	147	1	0	1	0	0	0
m.30091	627	1	0	1	0	0	0
m.30104	442	0	2	1	1	1	1
m.30171	172	0	0	0	2	3	2
m.30190	252	1	0	1	0	0	0
m.30203	117	2	1	2	4	4	5
m.30240	180	1	0	1	0	0	0
m.30248	266	1	1	0	0	0	0
m.30280	193	0	1	0	0	0	0
m.3030	150	1	2	1	1	2	1
m.3037	1596	1	0	0	0	0	0
m.30396	488	30	34	32	23	24	28
m.304	134	4	2	3	2	1	1
m.30404	107	3	3	2	1	3	3
m.30405	235	26	0	29	19	19	18
m.30436	263	4	3	3	3	3	2
m.30492	247	4	3	4	5	3	3
m.30496	451	4	4	2	4	4	3
m.30517	248	4	3	2	1	2	2
m.3052	140	2	2	2	2	2	2
m.30602	306	5	2	3	1	1	1
m.3061	248	4	2	4	4	3	3
m.30649	133	0	0	1	0	0	0
m.30676	389	0	0	1	0	0	1
m.307	487	10	7	8	5	8	10
m.3070	637	0	0	1	0	0	0
m.3079	696	10	11	9	8	7	10
m.308	201	5	4	5	3	3	1
m.3088	506	2	2	2	1	0	2
m.3090	880	10	8	7	6	6	7
m.30917	239	1	2	2	0	2	1
m.30927	172	15	13	19	10	11	7
m.30955	229	8	8	11	7	8	8
m.30956	124	1	1	1	0	1	0
m.30965	169	6	4	5	3	3	5
m.30968	150	3	3	4	2	3	3
m.30980	429	5	3	5	3	3	3
m.3100	352	1	1	1	0	0	1
m.31093	201	1	1	1	0	1	0
m.31184	221	0	0	2	2	0	0
m.31187	410	0	1	0	0	0	0
m.3122	173	0	0	0	1	0	1
m.3128	439	1	0	0	0	0	0
m.3130	1155	5	5	2	1	0	0
m.31300	423	3	2	4	3	3	2
m.31335	295	1	1	1	1	0	1
m.3140	708	1	0	1	1	0	0
m.31435	113	2	2	1	0	1	1
m.31437	438	4	3	4	1	1	3
m.31443	176	4	2	1	1	0	0
m.3153	509	7	7	7	4	4	3
m.31539	379	3	3	6	2	3	3
m.31542	149	1	1	0	1	1	1
m.31593	374	0	1	0	0	0	0
m.316	240	2	3	3	1	1	2
m.31603	496	1	2	1	2	1	1
m.31623	358	3	2	3	2	3	3
m.31625	195	0	1	1	1	1	0
m.31645	197	1	0	1	0	0	0
m.3167	409	1	1	1	0	0	0
m.31712	115	3	4	2	2	2	2
m.3172	280	4	2	2	3	2	4
m.31748	138	3	3	2	2	3	2
m.31848	219	0	1	1	0	0	0
m.3187	131	0	0	1	0	0	0
m.31932	104	1	0	0	0	0	0
m.31958	263	2	2	2	3	2	1
m.31989	241	8	10	10	6	7	8
m.32004	521	10	11	10	7	5	5
m.32071	562	3	2	2	1	1	2
m.32074	263	0	1	0	0	0	0
m.32095	297	1	1	1	1	1	0
m.321	419	1	0	0	1	1	1
m.32107	309	3	3	2	4	2	2
m.32114	195	1	2	2	0	0	0
m.32194	430	2	1	1	0	1	0
m.3220	414	6	6	9	4	4	6
m.3221	325	7	7	5	2	3	3
m.32224	134	0	1	0	0	0	0
m.32263	177	0	1	0	1	0	1
m.32269	102	0	1	1	0	0	0
m.32275	204	0	1	2	1	1	0
m.323	492	6	5	6	5	6	7
m.32319	119	0	1	0	1	0	0
m.32350	106	0	2	1	1	1	1
m.32357	153	4	4	4	3	2	3
m.32359	150	1	1	1	1	1	1
m.32372	367	1	0	1	0	0	1
m.32400	152	13	13	14	11	12	15
m.3241	263	0	0	1	0	0	0
m.32417	162	5	1	7	6	6	6
m.32424	125	1	0	0	0	0	0
m.32437	322	4	5	5	4	4	4
m.32472	518	0	0	1	1	0	1
m.32493	173	1	0	0	0	0	0
m.3251	282	1	1	2	0	1	0
m.32539	222	2	2	1	1	0	0
m.32541	130	0	0	1	0	0	0
m.3255	868	1	2	2	0	0	0
m.3257	309	1	0	0	1	0	0
m.32635	153	0	1	1	0	0	0
m.32645	340	3	1	1	0	0	0
m.3273	568	0	2	1	1	1	0
m.3276	306	2	2	2	0	0	0
m.32828	176	5	6	5	3	4	4
m.32831	225	5	5	6	6	6	5
m.32846	176	1	1	3	0	1	0
m.32852	395	3	3	2	0	0	0
m.33004	467	1	2	2	0	1	1
m.33026	112	6	5	6	7	7	6
m.33051	377	3	2	1	0	1	1
m.33059	120	1	1	1	0	1	0
m.33135	103	26	28	28	23	23	22
m.33136	368	1	2	1	1	0	0
m.33150	205	0	0	0	0	0	1
m.332	282	25	23	24	16	14	13
m.33203	178	0	1	0	0	0	0
m.33261	166	1	1	0	1	2	1
m.3329	167	0	1	0	0	0	0
m.33343	126	1	0	0	1	1	2
m.3341	135	0	1	1	0	1	0
m.33410	147	2	2	2	2	1	2
m.33455	109	3	2	1	2	1	2
m.3347	452	0	1	1	0	0	0
m.33471	155	0	0	1	0	0	0
m.33472	425	1	2	1	1	1	1
m.33497	112	0	0	0	1	0	0
m.33500	300	14	14	11	10	8	8
m.33503	162	3	3	3	2	2	2
m.33514	310	4	5	5	3	4	5
m.33516	152	0	1	1	0	0	0
m.33520	102	2	1	2	0	0	0
m.33573	158	2	2	0	0	0	0
m.33579	108	1	1	1	0	0	0
m.33585	222	3	3	4	2	1	1
m.33619	266	0	0	1	0	0	0
m.33765	180	0	0	1	0	0	0
m.3377	199	7	2	7	6	6	6
m.3381	122	0	1	1	0	0	0
m.33823	263	1	0	1	0	0	0
m.33846	162	1	1	0	0	0	0
m.33851	449	1	0	0	1	0	0
m.33885	143	1	1	1	1	1	1
m.33899	140	1	1	1	1	1	1
m.33904	946	1	0	0	0	0	0
m.33912	110	2	1	2	0	1	2
m.3398	116	0	0	1	0	0	0
m.34029	225	0	0	1	0	0	0
m.34056	168	5	3	4	2	4	3
m.3406	975	1	1	0	0	0	0
m.34074	300	3	3	2	3	4	3
m.34090	117	0	0	0	0	1	0
m.3410	419	4	3	4	2	2	2
m.3413	246	1	0	0	0	0	0
m.34157	102	9	5	6	9	6	8
m.34165	271	1	1	1	0	0	0
m.34189	296	8	6	7	5	4	4
m.342	284	7	5	6	5	5	4
m.3422	302	1	1	1	1	1	0
m.34230	432	1	0	1	0	0	0
m.34307	327	2	2	2	1	1	0
m.34320	345	3	3	5	4	6	5
m.34321	298	0	0	1	0	0	0
m.34388	510	4	2	2	3	2	1
m.3442	136	1	0	0	1	0	0
m.34428	306	0	0	1	0	0	0
m.3444	334	2	2	2	2	2	3
m.34462	419	5	4	3	3	1	1
m.34493	172	4	3	4	1	0	1
m.34525	118	1	0	0	0	0	0
m.34604	140	2	3	3	1	1	3
m.34605	160	1	1	1	0	0	1
m.3462	8400	30	30	29	14	14	15
m.34626	203	1	0	2	0	0	1
m.3463	3039	12	12	12	8	7	6
m.34688	318	3	3	3	4	3	4
m.34690	147	0	1	1	0	0	0
m.347	455	32	26	34	11	11	11
m.34706	440	1	0	1	0	0	0
m.34742	173	1	0	0	0	0	0
m.34749	285	1	1	1	0	0	0
m.3477	1085	14	14	16	11	7	10
m.34772	240	2	3	3	2	1	2
m.34789	370	1	2	2	1	0	1
m.348	295	10	11	12	4	4	3
m.34844	166	0	1	0	0	0	0
m.3487	164	0	1	0	0	0	0
m.3494	2140	106	109	99	101	103	104
m.3499	474	1	0	1	1	1	1
m.34991	288	1	3	2	2	2	1
m.34993	434	0	0	0	0	0	1
m.34996	174	2	2	2	1	1	1
m.3501	191	1	0	1	1	1	0
m.35071	140	1	2	2	1	2	2
m.35136	334	3	3	1	3	2	1
m.35147	172	2	1	1	2	4	3
m.3526	763	0	0	1	0	0	0
m.3530	1232	1	1	0	0	0	0
m.35307	214	0	1	1	0	0	0
m.35322	108	1	1	0	0	0	1
m.35335	197	1	0	1	1	1	1
m.3535	553	4	4	2	0	0	2
m.35429	187	1	2	1	0	0	0
m.3543	203	2	2	3	5	6	4
m.3547	337	2	1	2	1	1	1
m.355	256	21	13	24	19	17	20
m.35511	123	1	2	1	1	1	2
m.35539	566	1	0	0	0	0	0
m.35564	204	5	5	3	3	3	4
m.35589	142	1	0	1	1	2	1
m.35648	145	2	2	1	0	0	0
m.3569	156	1	1	1	0	0	0
m.357	733	2	2	1	2	2	1
m.3586	360	0	1	0	0	0	0
m.35893	316	1	1	2	1	2	1
m.35895	213	1	1	2	1	1	0
m.35911	133	6	4	5	6	4	7
m.35954	196	1	0	0	0	0	0
m.36003	135	3	2	3	2	3	3
m.36043	110	3	3	3	2	3	3
m.36049	334	3	2	4	6	6	5
m.3610	348	0	0	0	0	1	1
m.36158	113	6	1	6	4	3	4
m.3619	642	0	3	0	0	0	0
m.362	112	1	0	2	0	0	1
m.3621	404	0	1	0	0	1	1
m.36235	154	0	1	0	0	0	0
m.3627	290	2	4	3	0	0	0
m.36293	247	2	2	2	1	1	2
m.36294	179	1	1	1	0	0	0
m.36358	231	0	0	1	1	1	1
m.36412	362	2	1	1	0	0	0
m.36423	114	1	0	1	1	0	0
m.365	460	10	8	9	8	7	8
m.36595	131	1	0	0	0	0	0
m.36655	249	1	2	2	2	2	2
m.36657	206	2	2	4	4	4	4
m.36658	156	5	4	4	2	3	2
m.36659	126	1	1	1	0	0	0
m.3666	213	15	17	15	20	16	15
m.36731	170	8	6	6	8	7	8
m.3675	482	2	1	3	1	0	1
m.3689	731	5	5	4	1	1	1
m.3691	708	0	0	0	0	0	1
m.3694	182	0	1	0	0	0	0
m.37188	283	1	1	0	2	1	1
m.3720	243	1	1	0	1	1	0
m.3723	105	2	2	2	1	2	1
m.3733	331	1	1	1	0	0	0
m.37396	133	1	0	1	1	1	1
m.37430	123	0	1	0	0	0	0
m.37474	159	1	0	3	2	1	3
m.37594	113	0	0	1	0	0	1
m.3760	164	2	2	1	1	1	1
m.37637	179	1	1	0	11	12	14
m.37732	163	3	3	3	2	3	3
m.3774	882	1	1	1	0	1	1
m.37753	190	0	1	0	0	0	1
m.3779	703	1	1	1	0	0	0
m.37798	118	1	2	1	0	0	1
m.378	200	12	13	13	12	11	13
m.37833	126	7	7	8	5	5	6
m.37859	172	1	1	1	0	1	1
m.37922	139	4	4	3	3	3	3
m.37930	119	1	0	1	1	1	1
m.3794	222	0	0	1	0	0	0
m.37962	437	4	2	4	2	2	3
m.37963	226	0	0	0	0	1	0
m.38016	118	1	1	1	0	0	1
m.38017	121	2	1	1	1	1	1
m.38026	211	1	0	0	0	1	0
m.38034	178	0	1	0	0	1	0
m.38037	198	7	6	7	6	5	5
m.38038	462	2	3	2	1	2	1
m.38041	516	0	0	1	0	0	1
m.38073	190	2	4	3	2	2	2
m.3808	609	11	13	12	6	6	7
m.38166	122	0	1	0	0	1	0
m.3817	410	1	2	1	0	1	1
m.3827	229	1	1	2	3	1	2
m.38282	359	4	3	2	0	0	0
m.3829	120	1	0	1	0	0	0
m.38316	177	0	0	0	0	1	0
m.38320	204	2	2	2	3	3	3
m.3835	317	0	0	1	0	0	0
m.38375	116	0	0	1	0	0	0
m.38396	326	0	0	1	0	0	1
m.384	422	45	45	43	44	49	44
m.38400	158	1	1	0	1	1	0
m.38421	218	0	0	1	0	0	0
m.3844	610	57	47	57	37	33	35
m.38468	195	0	1	1	0	1	1
m.38478	153	2	0	1	0	0	0
m.38509	319	0	1	1	0	0	0
m.38525	104	1	2	5	0	2	1
m.38555	178	0	1	0	0	0	0
m.38571	236	0	1	0	0	0	0
m.386	335	6	5	6	2	4	3
m.3862	708	0	0	1	0	2	1
m.38633	275	8	9	6	8	5	6
m.3871	422	1	1	0	0	0	0
m.3872	704	2	2	2	0	0	0
m.388	373	1	1	0	0	0	0
m.38866	198	1	1	1	0	0	0
m.39	352	1	1	0	0	0	0
m.3912	229	1	1	1	0	0	0
m.3914	142	3	3	3	3	3	3
m.392	136	13	14	12	9	8	11
m.3929	668	2	1	2	2	2	3
m.3936	244	6	6	7	3	5	5
m.395	594	2	4	3	0	0	0
m.3953	259	3	1	4	1	1	2
m.3970	459	3	2	2	2	2	3
m.3976	1422	1	0	2	0	1	0
m.3978	582	13	12	14	10	6	10
m.3981	180	0	0	0	1	0	0
m.3988	161	3	3	3	1	1	1
m.3991	359	1	1	1	1	0	2
m.4	1370	32	33	30	16	18	17
m.4023	352	1	0	1	0	0	0
m.4025	297	0	1	1	0	0	0
m.4026	349	2	2	2	3	1	3
m.405	356	3	1	1	2	1	0
m.406	119	5	5	3	2	2	1
m.408	537	3	3	3	1	2	1
m.4092	124	23	20	27	16	19	18
m.4111	173	0	1	0	0	0	0
m.4131	303	2	1	1	2	2	1
m.4166	132	0	1	1	2	0	0
m.4186	1024	1	1	0	1	1	1
m.4192	379	2	4	4	2	2	2
m.4212	929	13	17	15	9	7	11
m.4224	397	6	4	4	6	6	5
m.4229	273	4	1	2	2	2	2
m.423	229	4	7	6	5	6	5
m.4233	452	2	1	2	1	1	1
m.4250	288	16	17	14	14	15	14
m.426	811	4	3	4	0	0	0
m.4268	630	1	0	0	0	0	0
m.4279	306	1	0	0	0	0	0
m.428	332	4	7	4	3	2	3
m.4286	402	1	1	1	1	2	1
m.429	369	1	1	1	0	0	1
m.43	257	0	3	2	2	1	0
m.4309	396	1	1	2	0	0	0
m.4326	136	1	1	1	1	2	1
m.4327	322	7	5	6	3	3	2
m.4330	257	1	1	2	0	1	0
m.4332	180	1	1	1	0	1	0
m.4337	518	1	1	0	0	0	0
m.4350	198	1	3	2	2	2	2
m.4353	392	8	9	10	7	6	6
m.4356	640	3	2	3	1	0	1
m.4358	403	3	4	3	1	3	2
m.4359	370	2	1	1	2	1	0
m.4371	294	0	1	2	0	0	1
m.4386	383	8	8	6	9	5	8
m.4387	576	1	1	2	1	1	1
m.4396	851	1	1	1	0	0	0
m.44	328	4	3	2	2	3	3
m.441	423	16	19	14	9	9	8
m.4415	804	0	1	1	0	0	0
m.4416	678	0	0	1	0	1	0
m.4429	352	0	0	0	1	0	0
m.443	202	1	0	1	0	0	0
m.444	342	0	0	0	0	1	0
m.4449	151	1	3	2	0	1	0
m.4453	365	4	2	2	1	1	0
m.449	162	4	4	5	4	3	4
m.450	995	1	1	2	2	2	1
m.4533	744	1	0	2	1	0	0
m.454	722	0	0	1	0	0	0
m.4541	228	0	1	2	0	1	2
m.4556	530	1	0	1	2	2	2
m.4558	266	1	2	2	1	0	1
m.4567	294	1	1	1	0	0	0
m.458	572	1	0	2	1	1	0
m.459	339	1	2	5	3	3	1
m.4593	1009	2	3	2	0	0	0
m.4598	220	1	0	1	0	0	0
m.460	402	5	4	5	4	3	2
m.461	891	2	3	3	1	0	1
m.4616	493	0	1	1	0	0	0
m.462	353	5	5	7	3	3	4
m.4637	291	2	2	1	2	0	1
m.4641	249	2	3	2	1	2	1
m.466	178	2	1	1	1	1	1
m.4694	414	7	9	8	6	3	3
m.47	1132	1	2	2	0	0	2
m.471	360	0	1	1	0	0	0
m.4728	213	2	3	4	0	0	0
m.473	628	2	3	2	2	2	1
m.4733	390	4	3	4	0	0	0
m.474	402	2	1	2	0	0	0
m.4747	349	9	6	8	6	6	6
m.4759	223	9	9	9	9	7	8
m.4781	617	22	19	18	14	13	15
m.481	1150	4	2	2	1	0	0
m.4855	1250	1	1	1	1	1	1
m.4865	531	4	7	5	5	5	6
m.4876	497	8	8	9	10	9	7
m.4878	331	12	11	14	7	9	7
m.4884	253	9	14	13	15	11	12
m.4889	468	0	0	1	0	0	0
m.4892	422	2	1	1	0	0	0
m.4894	508	2	2	1	1	0	1
m.4897	319	6	9	8	6	6	6
m.4900	202	1	0	1	0	0	0
m.4903	2982	2	2	3	1	2	2
m.491	248	13	11	13	10	10	11
m.4911	552	54	40	48	43	42	45
m.4921	158	8	7	8	3	4	6
m.4923	315	7	8	10	7	5	9
m.4935	224	1	0	1	1	1	1
m.494	400	2	2	1	0	1	1
m.4943	647	36	32	40	21	24	26
m.4946	322	2	1	0	2	1	1
m.4958	221	2	3	3	2	2	1
m.4960	840	22	16	20	11	10	17
m.4974	208	2	1	2	1	1	1
m.4978	368	34	36	37	32	34	33
m.498	709	2	2	1	0	0	0
m.4980	256	0	0	1	1	1	0
m.4988	204	3	3	3	2	1	1
m.4990	351	3	4	3	2	3	2
m.4994	274	0	0	0	0	1	0
m.4998	325	0	1	0	0	0	0
m.50	394	0	0	0	1	1	1
m.500	227	1	1	1	0	1	0
m.5005	481	18	15	17	15	12	13
m.5012	2350	66	76	74	64	62	67
m.5017	206	0	1	0	0	1	1
m.5020	224	8	8	8	6	3	3
m.5022	151	7	7	6	6	6	5
m.5025	257	12	4	13	7	12	14
m.5026	617	1	0	1	0	0	0
m.5028	1007	24	27	23	23	22	23
m.5030	279	8	8	7	12	11	13
m.5036	327	3	2	3	0	0	1
m.504	1022	1	1	2	0	0	0
m.5042	675	2	3	5	1	1	0
m.5056	403	5	1	3	4	4	3
m.506	193	3	3	4	1	2	2
m.5061	506	9	10	7	6	5	6
m.5062	346	7	8	8	3	3	2
m.5064	342	8	7	8	7	7	9
m.5076	1105	11	12	10	4	3	5
m.508	371	4	4	3	1	1	0
m.5080	107	6	6	5	4	4	4
m.5081	198	13	11	9	3	4	4
m.5087	320	3	2	3	2	2	2
m.5096	1402	5	6	4	1	2	0
m.5097	291	1	1	0	0	0	0
m.5108	251	41	30	39	38	40	43
m.5109	131	3	2	3	1	1	0
m.5113	272	6	5	7	2	2	3
m.5115	549	8	7	9	8	11	10
m.5116	342	0	1	1	1	1	1
m.5120	694	19	24	22	18	16	16
m.5125	382	0	1	0	0	0	0
m.5128	376	3	3	1	0	0	0
m.5142	151	6	6	5	2	3	3
m.5146	126	4	4	4	2	2	2
m.5147	416	10	10	9	6	4	5
m.5148	167	1	0	0	1	0	0
m.5150	488	2	1	1	1	0	1
m.5161	451	8	6	5	3	4	4
m.5163	1400	1	0	0	0	0	0
m.5172	212	1	0	1	0	1	1
m.5182	409	9	9	10	11	10	10
m.5185	122	0	0	2	0	0	0
m.5186	242	34	32	32	36	37	33
m.5189	253	2	0	0	0	1	1
m.519	515	15	13	10	7	7	5
m.5191	2106	6	6	4	1	2	1
m.5196	113	0	1	1	0	0	0
m.5199	639	2	2	3	1	1	2
m.5203	1963	1	1	1	0	0	0
m.5216	1018	1	1	2	0	0	0
m.523	663	2	1	1	1	1	0
m.5250	227	7	5	7	2	2	1
m.5253	335	23	26	29	19	15	19
m.5256	138	4	4	4	4	4	3
m.5266	746	3	1	0	0	0	1
m.5270	380	7	4	6	1	2	2
m.5277	148	0	1	1	0	0	0
m.5290	1690	8	8	9	9	8	4
m.5296	670	1	0	1	1	1	1
m.5305	270	3	4	3	3	2	4
m.5309	1972	91	84	90	75	66	70
m.531	580	14	13	14	4	4	3
m.5315	882	9	7	8	6	7	3
m.5317	354	8	9	11	4	3	5
m.532	113	6	6	6	6	6	6
m.5328	257	2	3	3	2	3	2
m.534	225	11	13	11	7	6	7
m.5346	119	2	1	2	1	1	1
m.5347	415	5	4	3	4	5	5
m.535	370	3	5	4	2	2	1
m.5352	328	2	4	4	0	0	0
m.5354	547	12	13	14	6	7	9
m.5358	207	1	1	1	0	1	1
m.5364	172	7	8	7	8	7	7
m.5369	500	6	8	6	3	2	1
m.537	304	2	0	1	0	0	1
m.5376	135	1	1	0	1	0	0
m.5382	195	2	2	1	2	1	2
m.5384	568	2	5	3	2	2	1
m.5390	842	4	4	7	5	5	5
m.5398	324	1	1	1	1	1	0
m.5400	164	4	5	5	5	5	5
m.5403	461	9	9	8	5	7	6
m.5407	595	7	9	8	6	5	5
m.5413	216	0	0	0	1	2	1
m.5415	188	4	5	5	5	2	3
m.5416	476	1	1	1	1	0	1
m.5422	1121	4	7	7	5	7	7
m.5425	415	14	17	14	10	11	10
m.5435	138	1	0	0	0	0	0
m.5439	531	1	1	1	0	0	0
m.5442	167	10	11	10	7	7	8
m.5451	290	2	0	3	1	1	2
m.5457	390	2	1	0	0	0	0
m.5459	641	1	0	1	1	0	0
m.5463	882	50	50	46	46	48	46
m.5465	622	2	3	4	1	1	2
m.5473	170	0	0	0	1	1	0
m.548	221	1	1	1	0	0	0
m.5484	707	4	2	3	3	1	2
m.5486	109	1	2	2	1	2	0
m.5493	248	0	0	0	0	1	0
m.550	489	17	15	16	13	11	11
m.5502	228	3	6	5	4	5	5
m.5507	231	4	1	2	2	1	1
m.5510	229	8	4	7	6	4	5
m.5513	246	4	6	4	1	3	4
m.5516	387	5	6	4	6	7	5
m.552	338	8	9	11	6	8	5
m.5522	429	3	3	4	3	3	1
m.5525	456	12	12	11	10	8	10
m.5528	192	1	2	0	0	0	2
m.5531	219	0	0	1	1	1	0
m.5534	255	0	0	1	0	0	0
m.5535	314	1	1	1	0	2	0
m.5538	480	16	13	19	17	15	13
m.554	167	0	1	1	0	0	0
m.5544	228	1	1	0	0	0	0
m.5546	1101	6	7	9	3	3	5
m.5581	320	4	4	4	1	3	1
m.5582	258	6	4	5	3	2	1
m.5583	175	4	3	4	3	3	3
m.5593	175	3	3	3	2	1	2
m.56	236	7	6	10	5	5	4
m.5603	203	2	2	1	0	0	1
m.5605	166	1	1	1	0	0	0
m.5606	190	2	3	4	2	1	2
m.5611	317	10	12	12	9	9	9
m.5613	134	5	5	5	5	4	5
m.5618	330	1	3	2	1	1	1
m.5619	199	4	4	2	2	2	1
m.5620	959	2	2	1	0	0	0
m.5623	526	0	0	1	0	0	0
m.5624	813	8	6	7	5	6	3
m.5628	431	15	16	12	11	15	14
m.5634	149	5	7	6	6	5	7
m.5643	338	1	3	1	0	0	0
m.5644	430	14	10	11	9	9	12
m.5659	127	4	4	4	2	3	3
m.5664	242	12	12	10	11	12	13
m.5665	346	5	7	7	6	5	8
m.5669	235	1	1	1	1	1	1
m.5670	433	1	2	1	0	0	1
m.5676	297	3	2	2	2	1	1
m.5677	398	2	2	0	1	1	1
m.5679	145	0	0	0	1	1	0
m.5686	252	1	1	1	1	1	0
m.5689	476	1	2	3	2	1	2
m.5692	394	1	0	1	1	0	0
m.5696	189	4	3	4	5	3	4
m.5712	270	2	1	1	1	1	0
m.5724	205	1	2	2	1	1	1
m.5735	289	0	1	0	0	0	0
m.5746	161	8	2	8	7	7	6
m.5747	202	0	0	1	0	0	0
m.5753	396	2	3	2	2	1	2
m.5755	241	3	3	3	3	1	2
m.578	416	0	1	0	0	0	0
m.579	570	32	27	27	13	12	10
m.5798	414	0	1	1	0	0	0
m.580	344	20	21	19	12	10	10
m.5803	326	2	3	1	3	1	1
m.5804	1293	7	6	7	5	5	1
m.5811	486	18	19	19	16	16	15
m.5813	899	0	0	1	0	0	1
m.5828	1791	3	2	4	2	3	3
m.5833	121	2	2	2	1	2	2
m.5839	328	3	4	3	3	2	1
m.585	748	0	0	1	0	0	0
m.5859	199	8	7	6	8	6	7
m.5867	472	4	3	6	2	3	1
m.5868	232	2	2	1	0	2	1
m.5869	404	3	4	6	3	2	4
m.5870	1080	11	7	7	5	3	3
m.5881	363	6	6	7	3	2	3
m.5891	357	1	2	2	0	1	0
m.5892	125	5	7	6	5	5	6
m.5898	324	1	2	1	1	0	0
m.5900	332	1	1	2	1	1	2
m.5911	687	0	0	0	0	0	1
m.5919	327	1	0	1	0	0	0
m.592	568	1	2	1	1	1	0
m.5921	124	0	0	0	1	1	0
m.5924	163	3	3	3	3	2	2
m.5940	470	13	9	12	12	11	10
m.5946	412	0	2	3	1	0	0
m.5947	328	4	7	5	3	3	3
m.595	591	5	8	5	5	6	8
m.5953	1295	31	30	31	23	24	27
m.5961	726	27	29	31	25	22	25
m.5981	145	4	4	4	4	5	4
m.599	163	0	0	2	1	1	2
m.60	320	5	2	5	5	3	5
m.6000	281	5	6	5	4	3	3
m.6006	339	25	24	24	22	21	23
m.6009	1126	0	1	0	0	0	0
m.6024	399	3	2	4	2	0	0
m.6025	191	2	1	2	1	2	2
m.604	626	8	8	6	4	4	4
m.6042	807	0	0	1	0	0	0
m.6043	332	1	3	1	0	2	1
m.6046	318	0	1	0	0	0	0
m.6058	1126	0	0	0	1	0	2
m.606	401	11	9	11	9	9	9
m.6062	535	15	14	15	7	6	4
m.6067	290	3	4	2	1	3	3
m.6098	224	2	1	1	0	0	0
m.6100	310	12	8	9	2	2	2
m.6106	1183	5	6	5	5	5	5
m.611	550	4	5	4	3	3	4
m.612	679	44	30	42	33	32	29
m.6130	287	10	10	10	5	4	5
m.6137	829	2	1	1	1	1	1
m.6149	834	8	9	7	9	8	8
m.6153	459	3	2	2	2	3	2
m.616	1072	2	3	2	6	5	4
m.6160	246	6	5	5	4	4	3
m.6161	297	3	4	4	1	2	2
m.6174	243	9	7	14	11	11	13
m.6180	693	28	18	30	26	28	32
m.6190	936	1	2	1	2	2	0
m.6192	463	14	11	14	9	8	7
m.6193	694	2	2	3	3	0	2
m.6203	143	8	8	6	7	6	7
m.6207	485	1	2	1	1	1	1
m.6212	640	26	23	26	23	20	21
m.6219	1290	6	5	3	1	3	2
m.6233	239	1	2	2	2	1	1
m.6235	1030	2	1	2	1	0	2
m.6244	213	0	0	0	1	0	1
m.6258	470	3	3	3	4	1	1
m.6265	202	0	1	1	0	0	1
m.6266	564	14	16	16	5	7	7
m.6279	328	0	1	0	2	2	1
m.628	379	3	3	3	0	0	0
m.6293	273	0	1	0	0	0	1
m.631	168	1	0	0	0	0	0
m.6354	185	3	3	3	2	1	2
m.6361	1066	16	13	16	6	4	5
m.6363	693	2	1	2	0	0	0
m.637	726	0	1	1	0	0	0
m.6370	313	14	15	15	14	14	13
m.6404	402	4	1	4	4	1	2
m.6408	422	1	1	1	1	1	1
m.6410	391	1	0	0	0	0	0
m.6414	454	3	4	5	5	4	4
m.6433	288	0	1	1	0	0	0
m.644	181	9	3	11	11	10	11
m.6458	848	0	1	1	0	0	0
m.6463	6996	10	7	13	7	9	9
m.6490	438	11	12	9	5	7	4
m.6492	285	3	3	3	1	1	2
m.6495	278	1	0	0	2	1	0
m.6499	297	9	10	10	11	10	8
m.650	554	2	1	0	0	0	0
m.6505	217	0	0	1	0	0	0
m.651	113	5	9	7	7	7	7
m.6511	281	8	10	7	8	8	10
m.6517	538	13	14	14	12	11	10
m.6522	302	7	6	10	7	7	7
m.6524	587	26	26	22	19	24	20
m.6534	473	2	2	1	0	0	2
m.6550	319	1	0	0	0	0	0
m.6554	533	7	10	5	7	6	6
m.657	677	8	10	10	4	5	5
m.6574	602	5	5	5	2	1	1
m.6586	314	0	1	0	0	0	0
m.6593	1058	26	26	27	13	12	14
m.6599	345	0	1	1	0	1	1
m.6603	632	2	3	2	1	2	1
m.6614	1203	1	1	1	0	0	0
m.6620	708	9	6	7	9	6	7
m.6627	1941	81	83	80	79	84	80
m.6645	175	1	1	1	1	2	3
m.6650	137	2	3	2	2	2	1
m.6654	227	2	2	2	1	2	2
m.6678	2678	6	5	2	5	4	3
m.6688	381	4	3	3	2	2	2
m.6692	457	0	1	1	0	0	0
m.6698	487	21	22	24	18	15	16
m.6705	727	10	12	10	6	7	5
m.6707	440	1	2	1	0	1	0
m.671	663	0	1	1	0	0	0
m.6717	339	1	1	1	1	1	1
m.6724	676	8	7	8	10	9	8
m.6735	993	1	1	1	0	0	2
m.6750	260	10	10	11	8	10	10
m.6751	684	3	2	3	0	1	0
m.6756	433	0	0	0	0	1	0
m.6764	636	2	2	2	2	1	2
m.6777	271	0	3	4	1	2	2
m.6795	338	2	3	2	1	1	0
m.681	2015	56	51	57	56	59	47
m.6816	173	2	2	2	1	2	2
m.6822	465	4	4	4	2	3	3
m.6835	423	4	6	6	3	4	3
m.6841	251	1	1	1	1	0	0
m.6844	389	8	11	10	5	4	5
m.6853	404	0	1	1	0	0	0
m.6854	281	1	1	1	1	1	1
m.6864	607	0	0	1	0	0	0
m.6865	1038	1	1	1	1	2	2
m.6868	946	10	10	13	4	2	5
m.6883	567	14	20	18	16	15	16
m.6935	148	0	1	0	0	0	0
m.694	857	1	1	2	1	0	1
m.6949	182	1	1	1	0	0	0
m.6956	142	0	0	1	0	0	0
m.6968	331	1	1	0	1	0	0
m.697	208	1	1	1	0	0	0
m.6975	388	4	3	4	3	2	2
m.6977	342	4	2	3	2	2	3
m.698	256	1	1	1	1	1	2
m.6990	479	6	7	7	5	4	5
m.70	207	1	2	2	0	0	0
m.7005	1086	25	21	19	21	13	20
m.707	329	1	0	1	0	0	0
m.7103	496	4	3	3	3	3	3
m.711	289	0	1	0	0	0	0
m.7111	267	1	1	1	1	1	1
m.7115	1367	4	1	2	1	1	2
m.7131	978	4	3	2	2	2	3
m.7140	275	5	4	5	5	4	5
m.7159	1549	3	3	3	3	2	2
m.7183	139	3	1	3	1	1	1
m.7185	949	0	1	1	0	0	0
m.720	102	2	2	2	2	2	2
m.7206	974	7	6	10	6	6	7
m.7209	320	1	2	2	0	0	0
m.721	1283	1	1	0	0	1	0
m.7210	168	1	1	1	1	1	1
m.7211	854	3	2	3	0	0	0
m.7240	672	4	5	5	4	1	1
m.7242	348	1	0	1	0	0	0
m.725	200	1	2	0	0	1	2
m.7262	373	11	7	13	16	12	13
m.7285	870	2	2	2	1	1	1
m.7288	361	6	6	5	3	3	3
m.7296	413	24	26	25	22	22	22
m.7297	100	7	7	7	7	6	9
m.7320	149	1	2	1	1	2	2
m.733	773	8	8	7	4	2	4
m.7334	628	1	1	1	1	1	1
m.7348	315	10	11	11	8	8	8
m.7374	436	3	3	3	2	2	2
m.7375	539	1	1	1	1	1	1
m.738	140	0	0	0	0	0	1
m.7395	220	2	0	1	1	1	0
m.7404	524	68	64	63	60	54	60
m.7426	502	29	24	27	25	20	23
m.7437	674	9	0	10	6	8	6
m.745	243	12	12	11	9	7	7
m.7457	110	6	7	8	3	3	4
m.7461	430	8	7	6	6	8	6
m.7469	537	1	2	3	2	0	1
m.7470	329	0	0	1	0	0	0
m.7509	441	3	2	3	3	3	3
m.7513	255	1	0	2	7	7	7
m.7527	791	7	6	8	1	1	2
m.753	343	1	1	2	2	2	2
m.7561	417	2	3	2	1	1	1
m.7582	540	4	4	4	2	2	2
m.7588	415	1	1	1	1	1	0
m.7592	467	8	7	7	6	4	6
m.7593	596	2	2	4	1	1	1
m.7595	1291	39	32	36	43	39	37
m.7598	148	0	0	0	0	1	0
m.760	542	4	3	3	3	3	2
m.7600	469	1	0	0	0	0	1
m.7626	466	3	2	1	2	1	1
m.7630	342	2	1	0	0	0	0
m.7637	482	2	2	1	1	1	1
m.7644	222	1	0	0	0	0	0
m.7647	1472	1	2	2	1	1	1
m.765	688	2	1	2	1	0	0
m.7660	262	1	1	1	0	0	0
m.7663	465	3	2	3	2	3	3
m.7667	285	9	7	8	6	7	6
m.7674	481	6	6	5	4	5	5
m.77	597	32	27	28	32	31	30
m.772	418	15	18	17	7	9	7
m.7741	384	57	53	61	48	42	47
m.7744	503	2	3	1	1	1	1
m.7751	288	6	5	6	3	2	2
m.7770	273	1	1	0	0	0	0
m.7798	205	1	1	0	0	1	0
m.7819	226	2	1	1	0	0	0
m.782	388	28	25	30	24	22	29
m.7823	187	0	1	0	0	0	0
m.7834	739	2	2	2	0	0	1
m.7836	367	1	2	1	0	0	1
m.7838	446	1	1	2	2	2	2
m.7866	258	2	0	2	1	0	1
m.787	428	18	16	19	14	15	14
m.7880	176	0	0	0	1	0	0
m.789	775	1	1	0	0	0	0
m.791	133	1	1	1	0	0	0
m.792	129	0	0	0	1	1	1
m.793	584	1	1	1	0	0	0
m.798	194	1	1	0	1	1	0
m.8003	356	2	2	3	1	1	2
m.8017	724	2	1	3	1	1	0
m.8023	472	1	2	0	0	1	0
m.8024	284	0	0	0	1	0	0
m.809	141	0	0	0	0	0	1
m.81	504	13	11	10	11	8	12
m.8103	997	1	0	0	0	1	0
m.8154	241	0	1	0	0	0	0
m.8180	154	1	1	1	1	1	1
m.8207	116	0	1	2	0	0	0
m.8222	467	25	23	26	16	15	16
m.8227	922	2	1	3	1	1	1
m.8231	396	1	1	0	0	1	0
m.8232	523	6	5	8	9	5	6
m.8233	1215	40	45	42	33	30	29
m.8241	512	2	1	2	2	1	1
m.8246	632	0	1	0	1	1	1
m.8265	286	0	1	0	0	0	0
m.8342	908	40	39	35	28	31	32
m.8376	1390	4	2	3	1	3	1
m.842	246	0	0	1	0	0	0
m.8454	243	0	1	1	0	0	0
m.849	171	4	4	4	5	6	5
m.8509	223	1	0	0	0	0	0
m.8574	338	2	1	0	1	0	0
m.858	537	4	3	3	2	2	1
m.8594	352	4	5	4	4	4	3
m.860	473	7	7	9	7	6	4
m.8609	175	3	4	2	0	0	0
m.8646	552	2	2	1	0	0	2
m.865	271	7	9	8	8	7	7
m.8669	206	0	0	1	1	2	0
m.8696	278	1	2	2	2	2	5
m.8703	160	1	0	0	2	0	0
m.8709	507	7	6	6	5	4	4
m.873	140	3	3	3	2	2	2
m.8730	570	3	3	3	2	2	2
m.8735	575	0	0	2	0	0	0
m.8763	270	0	0	0	1	0	0
m.8779	150	0	0	0	1	1	1
m.8796	376	7	8	5	6	6	5
m.8799	389	9	6	7	6	5	4
m.8870	312	11	9	10	10	12	10
m.8872	406	10	9	9	6	8	7
m.8875	267	7	6	7	3	3	2
m.8877	241	5	6	5	4	5	3
m.8880	300	7	7	7	0	0	0
m.8885	757	4	6	9	6	5	8
m.8900	399	17	18	18	16	18	17
m.8901	709	2	1	1	0	1	0
m.8903	180	12	0	13	13	12	15
m.8908	660	1	1	0	1	1	1
m.8913	420	2	3	3	2	2	2
m.8914	480	7	5	5	1	0	3
m.8917	676	38	19	33	30	32	30
m.892	692	6	4	4	1	2	1
m.8924	116	1	1	1	1	1	1
m.8927	151	0	0	1	0	1	1
m.8928	359	6	8	6	5	6	5
m.8932	510	8	8	7	4	8	5
m.8936	197	1	3	3	1	1	2
m.8939	146	2	3	3	2	3	2
m.8941	216	5	8	6	4	4	5
m.8943	224	1	1	1	1	0	0
m.8947	2092	6	8	8	2	3	1
m.8953	221	2	2	2	3	3	3
m.8957	494	2	0	2	1	1	2
m.8978	174	0	1	1	0	0	0
m.898	376	1	3	1	0	0	0
m.8982	213	1	2	1	0	0	0
m.8984	345	0	0	1	0	0	0
m.899	700	0	1	1	1	1	0
m.8991	306	2	3	2	6	4	5
m.90	277	1	0	0	1	0	0
m.900	248	28	19	31	23	25	23
m.9013	389	2	2	2	1	2	2
m.9015	170	5	5	5	3	6	6
m.9021	106	3	2	2	1	1	1
m.9022	1133	23	21	19	15	20	19
m.9023	1893	0	0	0	0	1	0
m.9026	230	1	0	1	1	1	1
m.9034	345	1	1	1	0	1	1
m.904	870	4	3	3	2	1	3
m.9045	703	1	1	1	1	1	1
m.9051	213	5	7	6	1	2	1
m.9052	1364	6	7	10	4	4	5
m.9058	352	13	13	13	13	12	9
m.9062	253	1	1	1	0	0	0
m.9072	179	2	2	2	0	1	0
m.9073	508	9	10	8	6	6	7
m.9078	300	1	1	1	0	0	0
m.9086	773	9	8	10	10	7	8
m.9089	726	4	2	3	3	2	2
m.9097	494	2	2	3	1	1	1
m.9103	276	1	0	0	0	0	0
m.9104	238	0	0	0	0	0	1
m.9109	151	1	1	2	2	2	2
m.911	192	1	0	1	0	0	0
m.9110	140	5	6	5	5	4	3
m.9113	661	0	0	1	0	0	0
m.9119	158	11	2	9	9	8	8
m.912	124	1	0	1	0	0	0
m.9122	382	3	2	2	2	2	2
m.9133	155	3	3	3	2	4	4
m.9135	505	3	1	3	3	2	2
m.9137	549	4	3	4	3	3	1
m.9144	101	12	2	11	6	5	7
m.9151	279	3	4	4	3	3	3
m.9167	564	5	6	5	4	4	5
m.9176	257	3	7	4	2	5	4
m.9178	193	0	0	2	1	1	0
m.918	345	10	11	12	8	7	7
m.9181	139	3	3	3	2	1	1
m.9188	352	1	2	2	1	1	1
m.9193	136	1	1	1	0	0	0
m.9195	251	0	0	0	0	0	1
m.9199	682	0	1	1	0	0	0
m.9200	158	1	0	0	0	0	0
m.9202	127	2	1	1	2	2	2
m.9224	322	2	1	2	0	2	0
m.9226	462	19	23	18	17	21	17
m.923	391	1	1	1	1	1	0
m.924	786	7	5	6	5	4	1
m.9242	256	3	3	3	1	1	2
m.925	826	22	20	18	14	14	10
m.9253	509	1	3	1	2	2	1
m.9267	132	0	1	0	0	0	0
m.9279	376	5	1	5	3	2	3
m.9284	447	9	8	9	4	5	5
m.9290	1260	0	1	0	1	0	0
m.9295	226	4	3	3	1	2	2
m.9299	205	14	14	11	4	5	4
m.9307	494	0	0	0	0	1	0
m.9312	311	1	1	1	1	1	1
m.9319	314	2	2	1	1	2	0
m.9322	625	5	2	5	2	2	2
m.9330	588	6	4	4	7	6	6
m.9331	568	0	1	0	0	0	0
m.9340	260	2	2	2	1	0	1
m.9341	306	2	1	0	2	0	0
m.9342	193	4	3	2	2	2	2
m.9363	503	1	0	0	0	0	0
m.9366	437	1	1	1	1	2	1
m.9373	1378	1	0	0	0	0	0
m.9386	745	2	0	1	0	2	1
m.9399	268	12	5	11	7	5	6
m.940	484	3	2	3	2	2	1
m.9408	224	0	1	1	1	1	1
m.9411	328	12	4	11	7	6	6
m.9424	545	53	57	56	57	57	53
m.9431	161	0	0	0	0	1	0
m.9432	802	2	0	2	2	1	1
m.9443	895	0	1	0	0	0	0
m.9447	704	5	4	4	5	4	5
m.9463	205	1	1	1	0	0	0
m.9472	530	0	1	0	0	1	0
m.9474	609	2	2	2	0	1	2
m.9478	1342	34	29	30	29	34	35
m.948	269	4	6	6	3	2	5
m.9482	331	2	3	2	2	2	0
m.949	153	5	4	5	5	6	6
m.9498	636	1	2	2	2	1	1
m.9505	767	1	1	1	0	0	0
m.951	473	2	1	1	1	0	0
m.9511	681	6	8	9	2	1	2
m.9527	577	1	1	0	0	1	2
m.9546	175	6	5	4	4	4	4
m.9551	312	0	1	1	0	0	0
m.9557	1256	0	0	1	0	0	0
m.9560	412	5	5	4	1	3	1
m.9561	429	11	8	10	6	4	6
m.9566	251	3	4	4	3	3	3
m.9571	451	0	0	1	1	1	1
m.9578	173	12	13	15	10	11	9
m.9583	214	1	1	0	0	0	0
m.9587	410	1	1	2	1	1	1
m.9595	223	28	28	29	27	24	28
m.9596	217	1	0	1	0	0	0
m.9611	446	1	1	1	1	1	0
m.9621	354	0	1	0	1	0	0
m.9628	960	4	2	7	6	6	4
m.965	551	18	15	18	10	12	8
m.9652	236	12	5	11	7	9	8
m.9654	1097	0	0	0	0	0	1
m.9689	170	9	7	8	5	5	7
m.9698	154	1	1	1	0	0	1
m.9699	450	20	2	20	15	14	16
m.972	503	1	0	0	0	0	0
m.9726	370	1	0	0	0	0	0
m.9734	585	1	1	1	1	1	1
m.9738	222	19	6	20	16	16	16
m.9740	719	0	0	1	0	0	0
m.9753	748	7	8	12	10	8	7
m.9774	382	3	3	2	3	3	3
m.9778	264	1	0	1	0	1	1
m.9779	278	3	3	3	2	3	2
m.9807	393	8	9	9	7	9	8
m.9816	202	3	3	2	3	2	3
m.983	610	6	6	6	3	3	2
m.9853	405	2	4	3	1	1	1
m.9855	546	6	6	6	3	3	2
m.9865	419	3	3	3	4	3	3
m.9873	222	7	3	7	1	1	2
m.9878	617	0	0	0	0	0	1
m.9881	429	1	3	3	1	0	1
m.9886	890	1	0	1	1	1	0
m.9891	150	5	3	4	3	3	3
m.9927	451	1	2	1	0	0	0
m.9935	160	4	3	3	3	3	2
m.9939	196	4	4	5	4	4	4
m.9955	392	0	0	1	0	0	0
m.9956	418	1	1	0	0	0	0
m.9957	415	24	26	23	12	10	15
m.9972	351	4	4	4	0	0	0
m.9986	274	5	4	6	3	4	3
m.9987	752	1	0	0	0	0	0
m.9990	280	1	1	0	1	1	0
m.9992	283	0	1	0	0	0	1
NP_851372.1	214	2	1	0	1	0	1
P02769	607	41	8	10	27	1	2
symbB1.EST_k37c20_10131|m.23447	349	1	0	1	0	0	0
symbB1.EST_k37c20_10147|m.23478	4157	0	0	1	0	0	0
symbB1.EST_k37c20_10169|m.23529	1177	1	0	1	0	0	0
symbB1.EST_k37c20_10192|m.23590	575	16	4	12	9	9	7
symbB1.EST_k37c20_10199|m.23603	313	1	0	0	0	0	0
symbB1.EST_k37c20_10343|m.23945	1008	0	0	1	0	0	0
symbB1.EST_k37c20_1036|m.2331	146	2	2	2	2	2	2
symbB1.EST_k37c20_10391|m.24050	453	0	0	0	0	0	1
symbB1.EST_k37c20_10467|m.24205	242	3	0	3	2	2	2
symbB1.EST_k37c20_10470|m.24210	575	10	0	9	6	8	6
symbB1.EST_k37c20_10559|m.24436	112	1	1	1	1	1	1
symbB1.EST_k37c20_10757|m.24896	192	1	1	1	0	0	0
symbB1.EST_k37c20_10931|m.25343	629	1	0	0	0	0	0
symbB1.EST_k37c20_10952|m.25393	404	6	7	5	3	3	2
symbB1.EST_k37c20_10986|m.25440	907	1	1	1	0	1	1
symbB1.EST_k37c20_11023|m.25500	171	1	3	1	1	0	1
symbB1.EST_k37c20_11120|m.25660	115	1	0	1	0	0	0
symbB1.EST_k37c20_11157|m.25744	424	1	1	1	1	1	1
symbB1.EST_k37c20_1118|m.2546	515	0	0	1	0	0	0
symbB1.EST_k37c20_11223|m.25887	300	2	2	2	2	2	2
symbB1.EST_k37c20_11225|m.25889	304	2	2	2	2	2	2
symbB1.EST_k37c20_11228|m.25893	552	4	3	3	3	3	5
symbB1.EST_k37c20_11294|m.26043	197	0	0	0	0	1	0
symbB1.EST_k37c20_11310|m.26082	319	0	1	1	0	0	0
symbB1.EST_k37c20_11455|m.26411	1474	1	0	1	0	0	0
symbB1.EST_k37c20_11647|m.26881	1309	2	1	1	1	1	1
symbB1.EST_k37c20_1169|m.2671	307	7	4	8	9	2	9
symbB1.EST_k37c20_11748|m.27081	218	2	1	1	1	1	1
symbB1.EST_k37c20_12007|m.27647	1483	0	1	0	0	0	0
symbB1.EST_k37c20_1214|m.2760	628	2	3	2	0	1	1
symbB1.EST_k37c20_12183|m.28077	1063	1	0	0	0	0	0
symbB1.EST_k37c20_12382|m.28477	637	1	1	1	0	0	0
symbB1.EST_k37c20_12505|m.28763	643	1	1	1	0	0	0
symbB1.EST_k37c20_12510|m.28784	721	0	0	1	0	0	0
symbB1.EST_k37c20_12680|m.29198	525	3	2	3	2	1	1
symbB1.EST_k37c20_12707|m.29253	798	1	0	1	1	1	1
symbB1.EST_k37c20_12744|m.29335	1525	1	0	0	0	0	1
symbB1.EST_k37c20_12800|m.29466	454	2	0	2	1	1	2
symbB1.EST_k37c20_12825|m.29527	152	1	0	0	0	0	0
symbB1.EST_k37c20_12955|m.29796	346	0	1	1	2	0	0
symbB1.EST_k37c20_13154|m.30282	1331	1	1	1	0	0	0
symbB1.EST_k37c20_13261|m.30515	293	0	1	0	1	0	1
symbB1.EST_k37c20_13424|m.30860	415	2	0	1	1	2	1
symbB1.EST_k37c20_1348|m.3129	292	1	1	1	0	0	1
symbB1.EST_k37c20_1360|m.3153	108	2	2	2	2	2	2
symbB1.EST_k37c20_13730|m.31514	220	1	1	0	0	0	0
symbB1.EST_k37c20_13783|m.31626	324	0	1	1	0	0	0
symbB1.EST_k37c20_13959|m.31994	111	2	2	2	2	2	2
symbB1.EST_k37c20_13986|m.32038	619	2	1	2	0	1	2
symbB1.EST_k37c20_14167|m.32423	521	0	0	0	2	1	1
symbB1.EST_k37c20_14266|m.32618	690	2	1	2	1	1	1
symbB1.EST_k37c20_14283|m.32649	470	0	1	1	0	1	0
symbB1.EST_k37c20_14321|m.32751	838	1	2	2	0	1	1
symbB1.EST_k37c20_1455|m.3360	395	2	2	2	1	0	0
symbB1.EST_k37c20_14621|m.33427	809	0	0	0	1	2	0
symbB1.EST_k37c20_14652|m.33495	154	1	2	2	2	2	2
symbB1.EST_k37c20_14787|m.33780	377	1	0	0	0	1	0
symbB1.EST_k37c20_14835|m.33924	439	1	0	0	0	0	0
symbB1.EST_k37c20_14891|m.34047	726	2	1	1	0	0	0
symbB1.EST_k37c20_149|m.340	412	7	9	8	5	6	6
symbB1.EST_k37c20_14953|m.34180	626	1	0	0	1	0	0
symbB1.EST_k37c20_151|m.344	204	2	2	1	1	1	0
symbB1.EST_k37c20_15139|m.34544	583	0	1	0	0	0	0
symbB1.EST_k37c20_15155|m.34581	1462	1	0	0	1	1	0
symbB1.EST_k37c20_15400|m.35107	584	0	0	0	0	1	1
symbB1.EST_k37c20_15413|m.35140	461	1	1	1	0	0	0
symbB1.EST_k37c20_1567|m.3635	725	16	11	12	7	8	8
symbB1.EST_k37c20_15781|m.35924	350	5	0	4	3	4	5
symbB1.EST_k37c20_15870|m.36107	366	0	0	0	1	2	1
symbB1.EST_k37c20_16051|m.36532	521	1	1	0	1	1	1
symbB1.EST_k37c20_16090|m.36633	157	2	3	3	1	1	1
symbB1.EST_k37c20_16164|m.36780	542	2	2	1	0	0	0
symbB1.EST_k37c20_16258|m.37038	577	2	1	2	1	2	1
symbB1.EST_k37c20_16321|m.37177	1322	0	0	0	0	1	1
symbB1.EST_k37c20_16474|m.37535	172	1	0	0	0	0	0
symbB1.EST_k37c20_16542|m.37703	876	6	0	3	4	4	5
symbB1.EST_k37c20_1657|m.3947	460	0	1	1	0	1	1
symbB1.EST_k37c20_16682|m.38041	281	3	2	3	1	3	3
symbB1.EST_k37c20_16854|m.38387	163	0	0	1	0	0	0
symbB1.EST_k37c20_169|m.386	471	0	1	0	1	0	0
symbB1.EST_k37c20_16905|m.38502	137	1	0	0	0	0	0
symbB1.EST_k37c20_17078|m.38932	466	0	1	1	0	0	0
symbB1.EST_k37c20_17098|m.38976	241	0	0	1	0	1	0
symbB1.EST_k37c20_1715|m.4076	615	1	0	0	0	1	1
symbB1.EST_k37c20_17391|m.39622	1153	0	0	0	1	0	1
symbB1.EST_k37c20_174|m.400	627	3	0	2	0	0	1
symbB1.EST_k37c20_17466|m.39786	676	2	0	2	0	0	0
symbB1.EST_k37c20_17555|m.39978	144	1	0	0	0	0	0
symbB1.EST_k37c20_1763|m.4228	127	3	2	3	2	2	2
symbB1.EST_k37c20_179|m.408	173	1	0	0	0	0	0
symbB1.EST_k37c20_18007|m.40947	262	4	1	5	1	2	1
symbB1.EST_k37c20_18009|m.40951	756	4	7	4	2	4	4
symbB1.EST_k37c20_1807|m.4315	605	1	0	1	1	1	1
symbB1.EST_k37c20_18280|m.41505	322	0	0	0	1	0	0
symbB1.EST_k37c20_18314|m.41586	554	0	0	0	1	0	0
symbB1.EST_k37c20_18328|m.41616	239	16	1	17	12	14	14
symbB1.EST_k37c20_18355|m.41682	107	0	0	0	0	1	0
symbB1.EST_k37c20_184|m.421	116	0	1	0	0	0	0
symbB1.EST_k37c20_1842|m.4423	1008	2	2	1	2	2	2
symbB1.EST_k37c20_18530|m.42044	585	1	1	0	1	0	0
symbB1.EST_k37c20_18539|m.42064	183	1	1	1	1	0	0
symbB1.EST_k37c20_18731|m.42470	511	9	0	8	9	8	6
symbB1.EST_k37c20_1884|m.4516	334	1	1	3	1	0	0
symbB1.EST_k37c20_18914|m.42831	363	2	2	1	2	1	1
symbB1.EST_k37c20_1911|m.4555	110	1	0	1	0	0	0
symbB1.EST_k37c20_1915|m.4556	2152	1	0	2	1	1	1
symbB1.EST_k37c20_19248|m.43512	409	1	1	1	1	2	2
symbB1.EST_k37c20_1935|m.4600	892	2	3	4	2	1	4
symbB1.EST_k37c20_19356|m.43738	263	0	1	1	0	0	0
symbB1.EST_k37c20_1952|m.4632	728	2	0	0	1	0	1
symbB1.EST_k37c20_19602|m.44199	473	1	1	2	1	1	1
symbB1.EST_k37c20_1961|m.4652	805	0	1	0	0	0	0
symbB1.EST_k37c20_19619|m.44232	603	2	1	0	0	1	0
symbB1.EST_k37c20_1986|m.4706	513	4	6	8	6	8	4
symbB1.EST_k37c20_19938|m.44900	697	0	0	0	0	0	1
symbB1.EST_k37c20_2023|m.4784	188	2	2	3	2	3	2
symbB1.EST_k37c20_20316|m.45753	1848	0	0	0	0	0	1
symbB1.EST_k37c20_2060|m.4873	147	5	6	6	5	4	4
symbB1.EST_k37c20_2060|m.4874	130	2	2	2	2	2	2
symbB1.EST_k37c20_2071|m.4896	126	1	1	1	1	1	2
symbB1.EST_k37c20_20726|m.46522	157	1	1	1	0	0	1
symbB1.EST_k37c20_20753|m.46572	685	0	0	0	0	1	1
symbB1.EST_k37c20_20769|m.46597	830	1	1	0	0	0	0
symbB1.EST_k37c20_2081|m.4909	358	1	0	1	0	1	0
symbB1.EST_k37c20_2084|m.4919	342	1	1	1	0	0	1
symbB1.EST_k37c20_21115|m.47298	616	1	0	0	0	0	0
symbB1.EST_k37c20_21161|m.47412	417	14	1	15	8	7	6
symbB1.EST_k37c20_21177|m.47452	227	0	0	1	0	0	0
symbB1.EST_k37c20_21372|m.47850	1223	0	1	1	0	1	1
symbB1.EST_k37c20_21405|m.47922	411	0	0	0	0	0	1
symbB1.EST_k37c20_21415|m.47938	834	1	1	1	1	2	2
symbB1.EST_k37c20_21482|m.48092	505	0	0	0	0	1	2
symbB1.EST_k37c20_2164|m.5076	4652	0	0	0	0	0	1
symbB1.EST_k37c20_21725|m.48588	165	1	0	1	0	0	1
symbB1.EST_k37c20_21930|m.49004	235	0	0	0	0	0	1
symbB1.EST_k37c20_21946|m.49032	657	1	0	0	0	0	0
symbB1.EST_k37c20_22308|m.49814	269	0	1	1	0	0	1
symbB1.EST_k37c20_22419|m.50026	1501	0	0	0	1	0	1
symbB1.EST_k37c20_2245|m.5304	469	5	0	6	6	6	4
symbB1.EST_k37c20_22583|m.50327	1712	0	0	0	1	0	0
symbB1.EST_k37c20_22680|m.50518	283	0	0	0	0	0	1
symbB1.EST_k37c20_22896|m.50938	501	1	1	1	0	0	1
symbB1.EST_k37c20_23095|m.51368	457	1	0	0	0	0	0
symbB1.EST_k37c20_23101|m.51379	247	1	0	0	0	0	0
symbB1.EST_k37c20_23391|m.51946	1512	2	3	3	2	3	2
symbB1.EST_k37c20_23403|m.51979	420	1	0	1	1	0	0
symbB1.EST_k37c20_23423|m.52017	343	0	0	0	1	0	0
symbB1.EST_k37c20_23774|m.52671	448	1	1	1	0	1	1
symbB1.EST_k37c20_23926|m.52966	311	1	0	0	0	0	0
symbB1.EST_k37c20_2397|m.5673	265	0	0	1	0	0	0
symbB1.EST_k37c20_24073|m.53275	595	2	2	2	2	2	2
symbB1.EST_k37c20_2414|m.5716	453	4	4	3	3	3	3
symbB1.EST_k37c20_24141|m.53409	1642	1	1	2	0	1	2
symbB1.EST_k37c20_24934|m.54977	285	0	2	0	0	0	0
symbB1.EST_k37c20_2548|m.6110	212	4	5	5	4	7	5
symbB1.EST_k37c20_2583|m.6170	305	0	1	0	0	0	0
symbB1.EST_k37c20_26042|m.57123	629	0	0	0	0	0	1
symbB1.EST_k37c20_262|m.561	1089	9	7	8	2	2	4
symbB1.EST_k37c20_26290|m.57552	867	1	0	1	2	2	2
symbB1.EST_k37c20_26304|m.57570	446	0	0	0	1	1	1
symbB1.EST_k37c20_26402|m.57764	517	3	3	2	2	2	1
symbB1.EST_k37c20_26417|m.57788	642	0	0	0	0	0	1
symbB1.EST_k37c20_26730|m.58389	993	3	1	1	1	0	1
symbB1.EST_k37c20_26748|m.58435	134	1	1	1	1	1	1
symbB1.EST_k37c20_26779|m.58489	651	0	0	0	0	0	1
symbB1.EST_k37c20_26802|m.58540	552	1	1	1	1	0	1
symbB1.EST_k37c20_26878|m.58691	594	1	0	1	1	1	1
symbB1.EST_k37c20_27118|m.59122	835	1	1	2	2	2	2
symbB1.EST_k37c20_27166|m.59212	346	2	4	3	5	4	4
symbB1.EST_k37c20_27278|m.59440	394	2	1	1	0	0	0
symbB1.EST_k37c20_27532|m.59931	481	2	0	2	0	0	0
symbB1.EST_k37c20_2817|m.6645	354	3	3	3	2	2	2
symbB1.EST_k37c20_2835|m.6680	165	1	1	1	0	0	0
symbB1.EST_k37c20_28700|m.62043	829	0	1	0	1	0	1
symbB1.EST_k37c20_2873|m.6770	351	2	2	4	0	1	0
symbB1.EST_k37c20_28963|m.62539	516	1	1	0	0	0	0
symbB1.EST_k37c20_2897|m.6839	101	1	0	1	0	0	0
symbB1.EST_k37c20_2900|m.6850	320	5	3	5	4	4	6
symbB1.EST_k37c20_29004|m.62618	252	2	2	2	1	0	1
symbB1.EST_k37c20_2935|m.6930	230	3	3	4	0	2	1
symbB1.EST_k37c20_2935|m.6931	199	1	0	0	0	0	0
symbB1.EST_k37c20_2935|m.6933	102	1	1	1	1	1	0
symbB1.EST_k37c20_29365|m.63251	1154	1	1	4	4	3	4
symbB1.EST_k37c20_29369|m.63265	582	1	1	1	0	1	1
symbB1.EST_k37c20_2962|m.7004	867	3	1	3	0	1	2
symbB1.EST_k37c20_30052|m.64411	370	2	1	1	0	0	0
symbB1.EST_k37c20_3028|m.7191	391	6	3	8	8	8	8
symbB1.EST_k37c20_3045|m.7223	570	7	3	4	3	3	3
symbB1.EST_k37c20_3066|m.7286	202	1	1	2	1	1	1
symbB1.EST_k37c20_30828|m.65820	189	0	0	0	0	1	1
symbB1.EST_k37c20_31087|m.66238	312	1	1	2	0	0	0
symbB1.EST_k37c20_31197|m.66423	243	0	2	0	0	1	1
symbB1.EST_k37c20_3137|m.7441	137	2	2	2	0	0	1
symbB1.EST_k37c20_3138|m.7442	296	3	1	1	1	2	2
symbB1.EST_k37c20_3145|m.7462	992	3	1	3	1	1	1
symbB1.EST_k37c20_31453|m.66853	511	0	0	1	0	0	0
symbB1.EST_k37c20_31540|m.66999	525	0	1	1	2	1	0
symbB1.EST_k37c20_31787|m.67452	839	1	1	1	1	1	1
symbB1.EST_k37c20_31788|m.67454	833	0	0	1	0	0	0
symbB1.EST_k37c20_31839|m.67544	521	0	0	1	0	0	1
symbB1.EST_k37c20_31859|m.67590	309	2	2	1	1	1	2
symbB1.EST_k37c20_319|m.681	429	5	3	5	2	4	2
symbB1.EST_k37c20_3194|m.7561	532	5	6	4	3	1	1
symbB1.EST_k37c20_32314|m.68362	499	1	1	1	1	1	1
symbB1.EST_k37c20_32416|m.68542	584	0	1	0	1	0	2
symbB1.EST_k37c20_32418|m.68545	415	0	0	1	0	0	0
symbB1.EST_k37c20_32552|m.68767	1170	2	2	2	0	2	1
symbB1.EST_k37c20_3283|m.7800	496	2	3	3	0	0	1
symbB1.EST_k37c20_3290|m.7815	311	1	0	0	0	0	0
symbB1.EST_k37c20_33200|m.69897	680	0	1	0	0	0	0
symbB1.EST_k37c20_33214|m.69912	704	1	1	1	1	1	2
symbB1.EST_k37c20_3326|m.7935	316	5	1	9	3	3	3
symbB1.EST_k37c20_3355|m.8002	163	0	0	0	1	0	1
symbB1.EST_k37c20_3362|m.8010	1893	1	1	1	0	0	0
symbB1.EST_k37c20_33846|m.70954	887	0	1	0	0	0	0
symbB1.EST_k37c20_34536|m.72143	224	1	1	1	1	1	1
symbB1.EST_k37c20_3466|m.8255	325	2	1	2	2	3	2
symbB1.EST_k37c20_34811|m.72609	265	0	0	1	0	0	1
symbB1.EST_k37c20_35360|m.73506	652	2	2	2	2	0	2
symbB1.EST_k37c20_35485|m.73684	496	1	1	1	2	1	1
symbB1.EST_k37c20_3550|m.8423	118	0	0	1	0	0	0
symbB1.EST_k37c20_35567|m.73809	393	0	0	1	0	0	0
symbB1.EST_k37c20_36932|m.75880	247	1	1	1	0	0	0
symbB1.EST_k37c20_36940|m.75892	857	0	0	0	1	1	1
symbB1.EST_k37c20_37|m.83	607	1	3	2	1	1	1
symbB1.EST_k37c20_37157|m.76227	576	1	1	0	0	0	0
symbB1.EST_k37c20_3735|m.8908	705	2	1	2	2	3	2
symbB1.EST_k37c20_3763|m.8967	138	1	2	2	1	2	1
symbB1.EST_k37c20_3830|m.9127	133	0	0	1	1	1	1
symbB1.EST_k37c20_38629|m.78327	350	1	1	0	0	1	1
symbB1.EST_k37c20_391|m.837	387	0	0	0	1	0	0
symbB1.EST_k37c20_39569|m.79689	589	2	2	2	2	2	2
symbB1.EST_k37c20_4006|m.9590	256	1	1	1	0	0	0
symbB1.EST_k37c20_40102|m.80407	260	1	1	0	0	0	0
symbB1.EST_k37c20_40189|m.80545	391	2	1	2	1	1	2
symbB1.EST_k37c20_40205|m.80567	441	2	1	2	1	0	1
symbB1.EST_k37c20_40880|m.81403	200	1	1	1	2	2	1
symbB1.EST_k37c20_409|m.896	1046	0	1	1	0	0	0
symbB1.EST_k37c20_4165|m.9910	173	4	2	3	3	3	4
symbB1.EST_k37c20_41887|m.82668	726	1	3	1	0	0	0
symbB1.EST_k37c20_41902|m.82682	468	8	0	9	7	5	5
symbB1.EST_k37c20_43021|m.83986	429	1	1	1	0	0	0
symbB1.EST_k37c20_43079|m.84058	495	3	2	3	2	2	2
symbB1.EST_k37c20_43298|m.84320	769	1	1	1	0	0	0
symbB1.EST_k37c20_4454|m.10626	401	1	1	1	0	0	0
symbB1.EST_k37c20_4530|m.10835	1086	2	1	2	2	1	3
symbB1.EST_k37c20_45812|m.86682	311	1	0	0	0	0	0
symbB1.EST_k37c20_4585|m.10961	135	5	5	6	4	4	5
symbB1.EST_k37c20_4620|m.11025	1205	2	2	2	1	1	1
symbB1.EST_k37c20_46845|m.87343	183	1	1	0	1	0	0
symbB1.EST_k37c20_472|m.1105	1447	0	1	0	1	1	1
symbB1.EST_k37c20_47203|m.87564	637	0	0	0	0	1	0
symbB1.EST_k37c20_47208|m.87569	118	0	0	0	1	0	0
symbB1.EST_k37c20_47614|m.87812	115	2	0	1	1	0	0
symbB1.EST_k37c20_47631|m.87845	639	3	1	1	1	0	1
symbB1.EST_k37c20_47646|m.87855	135	3	3	2	2	3	4
symbB1.EST_k37c20_47739|m.87984	210	0	0	0	0	0	1
symbB1.EST_k37c20_4774|m.11339	320	1	1	0	0	0	0
symbB1.EST_k37c20_47982|m.88280	348	8	2	11	3	4	4
symbB1.EST_k37c20_48001|m.88307	156	2	2	1	2	1	1
symbB1.EST_k37c20_48025|m.88342	199	1	2	1	2	1	0
symbB1.EST_k37c20_48143|m.88480	266	0	1	1	0	0	0
symbB1.EST_k37c20_48254|m.88632	187	1	1	1	0	1	0
symbB1.EST_k37c20_48363|m.88764	380	1	1	0	1	1	0
symbB1.EST_k37c20_48387|m.88800	121	0	0	0	0	1	0
symbB1.EST_k37c20_4843|m.11541	941	0	1	1	0	1	1
symbB1.EST_k37c20_4845|m.11546	980	1	0	2	2	0	3
symbB1.EST_k37c20_4866|m.11610	391	3	1	4	3	2	3
symbB1.EST_k37c20_48737|m.89200	358	0	1	0	0	0	0
symbB1.EST_k37c20_48819|m.89293	326	0	1	2	1	0	0
symbB1.EST_k37c20_4883|m.11635	331	0	0	0	1	0	0
symbB1.EST_k37c20_48971|m.89485	104	0	0	0	0	1	0
symbB1.EST_k37c20_49226|m.89774	737	2	0	5	3	3	4
symbB1.EST_k37c20_4940|m.11794	354	1	0	1	2	1	2
symbB1.EST_k37c20_49619|m.90205	209	0	1	0	0	0	0
symbB1.EST_k37c20_4962|m.11852	526	4	3	4	0	0	1
symbB1.EST_k37c20_49874|m.90439	499	0	0	0	1	0	0
symbB1.EST_k37c20_50629|m.91226	345	1	2	3	1	0	1
symbB1.EST_k37c20_51549|m.92078	253	0	1	1	0	0	0
symbB1.EST_k37c20_521|m.1204	664	1	1	0	0	0	0
symbB1.EST_k37c20_5216|m.12440	517	0	0	1	0	0	0
symbB1.EST_k37c20_52688|m.92998	111	0	0	1	0	0	0
symbB1.EST_k37c20_534|m.1227	498	1	1	1	1	1	1
symbB1.EST_k37c20_54066|m.93803	118	0	0	0	1	0	0
symbB1.EST_k37c20_54809|m.94121	211	1	1	0	0	0	0
symbB1.EST_k37c20_55677|m.94421	130	0	1	1	1	1	0
symbB1.EST_k37c20_5665|m.13503	196	1	1	1	1	1	1
symbB1.EST_k37c20_56696|m.95177	333	0	0	1	0	0	1
symbB1.EST_k37c20_57176|m.95446	360	0	1	1	0	1	0
symbB1.EST_k37c20_5771|m.13757	265	2	3	2	2	2	3
symbB1.EST_k37c20_5933|m.14161	198	1	0	0	1	1	0
symbB1.EST_k37c20_59477|m.96193	186	2	2	1	2	2	1
symbB1.EST_k37c20_59897|m.96402	111	0	1	1	1	0	0
symbB1.EST_k37c20_60358|m.96564	145	1	1	1	0	1	0
symbB1.EST_k37c20_6038|m.14360	104	6	6	6	6	7	4
symbB1.EST_k37c20_60395|m.96570	173	2	2	2	1	1	1
symbB1.EST_k37c20_6130|m.14576	559	3	4	3	2	3	2
symbB1.EST_k37c20_6169|m.14671	436	1	1	1	1	1	0
symbB1.EST_k37c20_622|m.1334	503	9	4	8	5	5	4
symbB1.EST_k37c20_623|m.1338	545	5	1	5	3	3	4
symbB1.EST_k37c20_6393|m.15160	332	1	1	0	0	0	0
symbB1.EST_k37c20_6450|m.15307	248	17	2	18	13	14	14
symbB1.EST_k37c20_6507|m.15457	630	4	4	3	3	2	4
symbB1.EST_k37c20_6575|m.15589	213	1	2	2	1	0	2
symbB1.EST_k37c20_6636|m.15718	230	0	0	1	0	1	0
symbB1.EST_k37c20_6753|m.15979	351	1	1	1	0	0	0
symbB1.EST_k37c20_679|m.1487	246	3	3	4	3	4	1
symbB1.EST_k37c20_680|m.1491	353	10	1	8	7	7	7
symbB1.EST_k37c20_6861|m.16206	405	0	0	0	0	1	0
symbB1.EST_k37c20_6866|m.16214	439	1	2	1	1	1	1
symbB1.EST_k37c20_6918|m.16335	609	2	2	2	3	1	3
symbB1.EST_k37c20_7149|m.16842	796	1	0	1	1	1	1
symbB1.EST_k37c20_7183|m.16913	688	3	2	2	0	0	0
symbB1.EST_k37c20_753|m.1636	362	2	4	2	1	1	2
symbB1.EST_k37c20_7544|m.17730	1174	1	1	1	0	1	1
symbB1.EST_k37c20_7570|m.17780	445	1	0	1	0	0	0
symbB1.EST_k37c20_7666|m.17974	572	5	0	3	4	4	4
symbB1.EST_k37c20_7727|m.18121	770	1	1	0	0	1	0
symbB1.EST_k37c20_793|m.1768	228	0	1	1	0	0	0
symbB1.EST_k37c20_7975|m.18657	473	1	1	1	0	0	1
symbB1.EST_k37c20_8017|m.18772	628	1	2	1	2	2	2
symbB1.EST_k37c20_8089|m.18965	182	7	0	7	7	8	7
symbB1.EST_k37c20_827|m.1858	2818	0	0	0	1	0	2
symbB1.EST_k37c20_8373|m.19579	378	5	2	5	3	1	2
symbB1.EST_k37c20_8698|m.20269	137	1	1	1	1	0	1
symbB1.EST_k37c20_877|m.1991	589	2	0	2	1	0	0
symbB1.EST_k37c20_8896|m.20721	588	3	2	3	2	1	3
symbB1.EST_k37c20_899|m.2060	551	3	3	3	2	2	1
symbB1.EST_k37c20_9006|m.20985	1608	1	1	2	0	0	0
symbB1.EST_k37c20_9015|m.21003	1002	3	1	0	1	0	0
symbB1.EST_k37c20_902|m.2067	270	5	6	6	5	3	4
symbB1.EST_k37c20_9101|m.21202	3506	1	1	0	2	2	2
symbB1.EST_k37c20_9128|m.21252	672	2	1	1	1	1	0
symbB1.EST_k37c20_9275|m.21620	2120	2	2	1	0	0	0
symbB1.EST_k37c20_9362|m.21825	318	7	5	5	2	2	4
symbB1.EST_k37c20_9496|m.22100	2133	0	1	0	0	0	0
symbB1.EST_k37c20_9503|m.22124	949	1	1	1	1	1	1
symbB1.EST_k37c20_9582|m.22271	1052	4	3	4	0	0	1
symbB1.EST_k37c20_9603|m.22318	388	1	1	1	0	1	0
symbB1.EST_k37c20_9697|m.22517	131	1	0	0	1	1	1
symbB1.EST_k37c20_9740|m.22622	113	0	0	1	1	0	1
symbB1.EST_k37c20_9758|m.22667	547	1	0	1	0	1	0
symbB1.EST_k37c20_9956|m.23055	681	2	2	2	2	2	2
