PROTID	PROTLEN	0	0	0	1	1	1
m.10111	222	2	0	3	1	2	3
m.11819	281	2	2	2	1	1	2
m.31443	176	0	1	0	1	1	1
m.3153	509	7	9	8	4	4	4
m.31542	149	1	1	1	1	0	1
m.316	240	2	1	0	1	3	2
m.31603	496	1	2	1	2	3	3
m.31623	358	2	1	2	3	2	3
m.31625	195	0	1	0	0	0	0
m.3167	409	0	0	1	0	0	0
m.31712	115	2	4	3	3	3	4
m.3172	280	1	0	2	1	2	3
m.31748	138	2	2	2	3	3	3
m.3177	109	0	1	0	0	1	0
m.31958	263	2	2	2	2	2	2
m.31989	241	8	8	10	5	5	8
m.32004	521	6	6	6	5	7	5
m.32071	562	0	3	1	2	2	1
m.32074	263	0	0	0	1	0	1
m.32107	309	2	2	2	4	4	3
m.32114	195	0	0	0	1	0	2
m.11826	566	1	0	1	0	0	1
m.32194	430	0	1	1	0	0	0
m.3220	414	5	4	3	4	5	4
m.3221	325	5	5	6	4	5	6
m.32275	204	1	1	1	0	1	1
m.323	492	3	4	3	4	3	4
m.32319	119	1	1	0	0	0	0
m.32350	106	2	2	2	1	1	1
m.32357	153	3	4	5	3	3	3
m.32372	367	3	2	2	0	0	2
m.11831	212	6	7	7	2	5	4
m.32400	152	11	10	11	11	13	12
m.32437	322	5	5	6	4	4	6
m.32472	518	1	1	1	0	1	0
m.3251	282	0	0	1	1	1	0
m.3255	868	2	1	0	0	0	0
m.32635	153	0	0	0	0	0	1
m.3273	568	1	0	1	0	2	0
m.3276	306	2	5	6	1	0	0
m.11832	897	2	6	8	8	7	9
m.32828	176	4	2	3	0	0	0
m.32831	225	6	6	7	4	3	5
m.32846	176	1	1	2	2	3	1
m.33004	467	1	0	0	2	1	1
m.33026	112	6	6	7	5	7	6
m.33051	377	0	0	1	0	1	1
m.33135	103	12	13	11	13	17	13
m.33136	368	1	1	1	0	1	1
m.332	282	19	15	23	9	9	5
m.33261	166	1	1	0	2	1	1
m.33265	255	3	2	3	0	0	0
m.3341	135	1	0	0	1	0	0
m.33410	147	2	2	1	1	2	2
m.33455	109	2	1	1	1	1	1
m.33472	425	1	1	1	1	1	1
m.33503	162	1	2	1	2	2	3
m.33514	310	5	6	6	7	7	5
m.11876	224	0	0	1	0	0	0
m.33585	222	1	1	1	3	1	1
m.33614	250	4	5	4	0	0	1
m.33851	449	1	1	1	0	1	0
m.33899	140	1	2	2	1	1	0
m.33912	110	0	0	0	2	2	1
m.1188	293	3	5	4	5	4	5
m.34056	168	1	2	4	1	1	1
m.3406	975	2	0	0	0	0	0
m.34074	300	3	1	4	1	0	0
m.3410	419	2	3	3	2	2	2
m.34157	102	1	1	0	2	2	2
m.34189	296	3	3	3	2	2	4
m.342	284	1	1	2	3	4	3
m.34230	432	0	0	0	0	0	1
m.11921	315	2	0	0	2	1	1
m.3426	883	1	1	1	0	0	0
m.34307	327	0	1	0	1	2	0
m.34320	345	2	4	1	2	3	3
m.34388	510	0	2	2	1	1	3
m.34428	306	5	3	4	0	0	0
m.3444	334	1	1	2	2	3	3
m.34462	419	2	1	1	0	0	0
m.34604	140	1	1	3	0	0	0
m.34605	160	0	1	2	0	0	1
m.3462	8400	18	17	24	8	10	10
m.11924	283	0	1	0	0	0	0
m.3463	3039	9	7	8	5	4	5
m.34688	318	2	3	4	4	3	4
m.347	455	15	14	17	12	13	11
m.3477	1085	11	10	12	7	7	10
m.34772	240	0	2	0	0	0	1
m.34788	177	1	1	1	1	1	0
m.348	295	4	4	5	3	6	3
m.34844	166	0	1	0	1	0	0
m.3494	2140	69	74	73	77	79	78
m.11933	202	0	0	0	0	1	1
m.34991	288	3	2	3	3	3	1
m.34996	174	1	1	1	0	0	1
m.35071	140	2	3	0	0	1	1
m.35136	334	3	2	1	1	1	0
m.35147	172	2	3	2	2	1	1
m.3530	1232	1	2	1	0	0	0
m.35307	214	0	1	0	1	1	0
m.3535	553	0	0	0	1	0	1
m.3543	203	2	1	1	3	4	4
m.3547	337	1	0	0	1	0	2
m.355	256	12	12	13	12	12	13
m.35564	204	3	3	2	4	4	3
m.357	733	2	1	2	3	3	3
m.3586	360	0	0	1	0	0	0
m.35895	213	3	2	1	1	1	1
m.35911	133	4	4	4	5	4	3
m.35966	105	1	1	1	0	0	1
m.12002	156	0	1	1	1	1	1
m.36003	135	2	2	2	4	4	3
m.3619	642	0	0	1	0	0	1
m.36235	154	1	1	0	1	0	1
m.36293	247	2	2	2	1	2	2
m.36366	100	1	1	0	0	0	0
m.36412	362	1	2	2	1	1	1
m.365	460	5	6	5	5	2	2
m.12007	433	4	2	1	2	1	3
m.36655	249	2	1	2	1	0	0
m.36657	206	2	3	4	4	4	2
m.36658	156	2	1	3	1	2	1
m.3666	213	12	11	11	13	12	13
m.36731	170	5	6	4	8	7	7
m.3675	482	1	1	1	1	1	0
m.3689	731	3	3	2	2	2	2
m.37188	283	0	0	0	2	3	2
m.3723	105	1	0	0	0	1	1
m.37557	428	1	0	0	1	1	2
m.3760	164	1	1	1	1	1	1
m.37732	163	1	1	0	2	2	1
m.378	200	6	9	7	8	8	7
m.37833	126	7	6	8	9	9	6
m.37859	172	1	1	1	3	3	2
m.37922	139	1	1	1	1	1	1
m.37962	437	3	3	3	2	1	2
m.37963	226	2	2	1	1	2	1
m.38017	121	1	1	2	2	2	3
m.38037	198	4	4	4	3	3	4
m.38073	190	2	2	1	2	2	1
m.3808	609	4	7	6	2	4	4
m.3817	410	2	1	0	0	0	0
m.3827	229	1	0	2	1	2	2
m.384	422	25	24	30	26	21	22
m.38468	195	1	0	0	0	0	1
m.12035	180	2	2	3	3	3	3
m.38478	153	0	0	1	1	0	2
m.38509	319	0	1	1	1	1	1
m.38525	104	1	1	1	1	1	2
m.386	335	2	3	1	4	2	2
m.38685	106	1	0	1	0	0	1
m.38705	99	1	0	0	0	0	0
m.3912	229	0	0	1	0	1	1
m.3914	142	2	3	3	2	2	3
m.12048	569	5	6	4	1	3	2
m.3929	668	2	2	2	3	0	1
m.3936	244	3	4	5	2	3	4
m.3953	259	0	2	1	1	0	0
m.3970	459	1	1	2	1	1	1
m.3976	1422	0	1	0	1	0	0
m.3978	582	8	4	7	6	7	5
m.3981	180	1	0	2	1	0	0
m.3988	161	2	2	3	1	1	1
m.3991	359	1	0	0	1	1	1
m.12056	309	0	0	1	0	0	0
m.4	1370	15	14	11	15	16	14
m.4026	349	3	3	3	4	4	6
m.405	356	1	1	0	1	1	0
m.406	119	3	1	4	2	4	2
m.408	537	0	0	1	0	0	0
m.4092	124	18	20	19	16	19	16
m.4111	173	0	1	0	0	0	0
m.4131	303	3	1	2	0	3	1
m.12124	155	1	1	2	1	1	0
m.4166	132	1	1	0	0	1	0
m.4192	379	4	4	3	2	2	2
m.4212	929	9	10	11	8	8	8
m.4224	397	3	1	1	2	2	0
m.4229	273	1	2	1	1	1	2
m.423	229	2	3	5	4	4	4
m.4250	288	12	11	11	14	13	13
m.426	811	5	6	6	0	0	0
m.4268	630	0	1	0	0	0	0
m.1215	381	2	2	2	4	5	3
m.4279	306	0	0	0	0	1	0
m.4286	402	1	1	1	1	1	1
m.43	257	4	2	2	2	1	1
m.4309	396	0	0	0	0	0	1
m.4326	136	1	1	0	0	0	0
m.4327	322	7	6	5	6	4	6
m.4353	392	9	9	9	9	9	9
m.4356	640	1	0	0	1	1	0
m.12175	403	1	2	0	0	2	3
m.4358	403	0	2	0	0	1	0
m.4359	370	0	1	1	1	1	1
m.4371	294	0	2	0	2	1	0
m.4386	383	6	7	4	8	7	9
m.441	423	9	8	5	8	7	11
m.444	342	1	0	0	1	0	1
m.4449	151	1	1	0	1	1	0
m.4453	365	1	0	2	3	2	2
m.450	995	1	0	1	1	1	0
m.12185	535	1	2	2	1	1	1
m.4533	744	0	1	0	0	0	0
m.454	722	0	0	1	0	0	0
m.4541	228	0	0	1	0	1	0
m.4556	530	2	2	2	2	1	2
m.4558	266	0	0	0	0	1	1
m.458	572	1	1	1	1	2	1
m.459	339	3	1	2	0	1	3
m.4593	1009	1	1	0	0	0	0
m.460	402	2	1	2	3	2	3
m.12229	471	12	14	15	12	13	13
m.461	891	0	0	1	0	2	2
m.462	353	3	2	3	4	3	3
m.4641	249	2	1	1	0	0	0
m.466	178	2	1	3	1	2	1
m.4694	414	4	4	4	4	5	5
m.47	1132	0	0	0	1	0	2
m.473	628	1	0	0	0	0	0
m.1223	739	1	1	1	1	1	1
m.4747	349	6	5	5	6	4	5
m.4759	223	10	10	8	9	11	7
m.4855	1250	0	0	0	1	1	1
m.4876	497	7	6	6	9	7	8
m.4878	331	8	3	6	4	3	3
m.4889	468	0	0	0	0	0	1
m.4892	422	0	0	1	2	1	2
m.4894	508	1	0	0	1	0	1
m.4897	319	4	5	4	3	4	4
m.12238	232	11	11	11	9	9	9
m.4900	202	1	1	0	0	1	0
m.4903	2982	0	1	0	0	0	0
m.491	248	8	8	9	15	10	13
m.4911	552	40	43	43	45	48	45
m.4921	158	3	3	3	3	4	4
m.4923	315	8	6	6	5	6	5
m.494	400	0	1	0	0	1	2
m.4943	647	20	19	20	19	17	16
m.4946	322	1	0	1	0	0	1
m.4974	208	0	1	0	0	0	0
m.4978	368	27	29	30	31	33	34
m.4988	204	1	1	1	0	0	0
m.4990	351	1	0	0	1	1	0
m.4998	325	1	0	1	2	2	1
m.5005	481	7	6	6	8	9	7
m.5012	2350	53	52	50	57	55	53
m.5020	224	4	6	5	3	3	2
m.5022	151	4	6	4	6	4	5
m.12326	225	1	1	0	0	1	0
m.5028	1007	19	19	20	25	25	27
m.5030	279	9	11	10	12	12	11
m.5036	327	2	0	1	1	4	4
m.504	1022	0	0	0	1	1	2
m.5045	171	1	1	1	1	0	0
m.5056	403	1	1	1	1	3	1
m.5061	506	5	6	6	6	8	7
m.5062	346	1	1	2	2	2	2
m.5064	342	6	6	6	8	8	7
m.12334	1458	2	2	1	1	2	1
m.5076	1105	4	8	6	4	2	3
m.508	371	0	0	0	2	0	1
m.5080	107	7	6	3	8	8	7
m.5081	198	8	8	9	7	8	5
m.5096	1402	2	1	1	1	2	0
m.5097	291	0	0	0	0	0	1
m.5109	131	2	1	0	1	1	2
m.5113	272	2	3	3	2	3	2
m.5116	342	1	0	1	0	0	0
m.5120	694	12	14	13	15	17	14
m.1235	511	1	1	1	3	2	1
m.5125	382	0	0	0	0	1	1
m.5128	376	3	2	2	2	1	3
m.5142	151	3	4	4	2	1	3
m.5146	126	2	3	2	2	1	2
m.5147	416	6	5	3	1	1	1
m.5150	488	0	1	1	1	1	0
m.5161	451	3	2	4	5	6	5
m.5182	409	12	13	9	12	12	11
m.5186	242	22	27	26	26	28	31
m.1238	450	1	2	1	4	0	2
m.5189	253	1	1	0	0	1	1
m.519	515	7	8	6	7	7	9
m.5191	2106	5	2	4	3	0	1
m.5199	639	0	0	0	1	0	1
m.5216	1018	1	0	0	1	1	1
m.523	663	2	1	0	0	0	0
m.5250	227	1	1	2	2	1	2
m.5253	335	14	12	11	13	13	11
m.5256	138	3	2	4	2	4	2
m.12417	694	2	2	1	2	2	2
m.5270	380	0	1	2	0	0	0
m.5277	148	0	0	0	0	0	2
m.5290	1690	7	7	4	7	9	8
m.5296	670	1	0	0	0	1	0
m.5305	270	2	3	3	3	3	5
m.5309	1972	61	57	59	46	48	54
m.531	580	3	3	4	3	3	3
m.5315	882	5	4	5	4	4	2
m.5317	354	6	6	5	7	5	6
m.532	113	6	7	7	5	6	7
m.1249	263	3	2	2	4	3	4
m.534	225	8	9	7	3	4	4
m.5347	415	3	3	4	3	3	3
m.535	370	1	2	2	4	4	3
m.5352	328	0	0	1	1	1	1
m.5354	547	5	4	3	8	8	6
m.5358	207	2	0	1	1	1	0
m.5364	172	5	5	5	4	6	6
m.5369	500	9	8	9	7	6	6
m.5372	300	1	0	0	2	1	1
m.5384	568	0	1	1	1	1	1
m.12521	914	7	6	7	5	5	3
m.5390	842	5	3	3	2	2	2
m.5400	164	2	3	3	5	6	6
m.5403	461	3	3	5	4	4	4
m.5407	595	7	8	7	8	6	7
m.5415	188	5	4	6	5	5	4
m.5422	1121	6	4	5	3	4	5
m.5425	415	12	13	9	8	6	7
m.5442	167	8	9	6	10	11	9
m.12589	426	0	0	1	0	0	0
m.5457	390	0	1	0	0	1	1
m.5459	641	0	0	0	0	1	0
m.5463	882	41	39	42	41	42	44
m.5465	622	0	0	0	1	3	3
m.5484	707	1	1	1	3	2	2
m.5487	105	1	1	1	1	1	1
m.5493	248	0	0	0	1	0	0
m.550	489	12	9	11	7	6	7
m.5502	228	6	5	6	2	3	2
m.5507	231	2	2	1	1	2	1
m.12606	311	1	1	1	0	0	0
m.5513	246	4	4	3	1	1	2
m.5516	387	5	4	4	4	6	7
m.5519	372	0	0	0	1	1	0
m.552	338	8	6	4	8	6	11
m.5522	429	3	1	3	1	3	1
m.5525	456	10	10	12	10	12	10
m.5528	192	0	0	0	1	2	1
m.5535	314	3	2	0	3	1	3
m.5538	480	14	17	13	18	12	15
m.1261	196	1	2	3	2	1	2
m.5581	320	3	2	3	3	3	3
m.5583	175	2	2	2	1	1	3
m.5593	175	0	1	1	2	2	1
m.56	236	5	6	6	5	4	5
m.5603	203	0	0	1	1	0	0
m.5606	190	0	2	1	1	2	2
m.5611	317	7	8	8	10	11	10
m.5613	134	3	6	4	3	4	4
m.5618	330	1	1	1	3	3	2
m.5620	959	0	0	0	0	0	1
m.12642	195	11	13	13	14	15	15
m.5624	813	7	7	4	5	4	3
m.5628	431	11	11	8	16	13	16
m.5644	430	7	5	5	10	7	7
m.5659	127	3	3	4	3	3	4
m.5664	242	11	10	9	12	15	10
m.5665	346	5	3	3	5	3	5
m.5669	235	2	1	1	1	1	1
m.5670	433	1	1	1	1	1	1
m.5676	297	2	2	2	2	1	2
m.5677	398	1	1	1	1	1	1
m.5686	252	0	0	0	2	1	1
m.5692	394	1	1	0	0	0	0
m.5724	205	1	2	1	0	0	1
m.5735	289	0	0	0	1	0	0
m.5752	384	0	0	0	1	0	0
m.5753	396	3	3	2	3	2	4
m.5755	241	1	3	2	1	2	2
m.579	570	9	9	6	4	5	2
m.12662	470	5	4	4	4	3	3
m.580	344	14	15	13	15	13	14
m.5803	326	1	2	1	2	2	1
m.5804	1293	3	4	4	3	4	4
m.5811	486	14	14	14	21	19	13
m.5813	899	0	1	1	0	0	0
m.5828	1791	4	3	4	4	2	3
m.585	748	0	0	0	0	0	1
m.5851	386	1	0	0	0	0	0
m.5859	199	6	8	9	7	8	7
m.5867	472	1	0	0	1	3	1
m.10135	467	7	3	5	6	9	7
m.12686	459	0	2	0	1	0	1
m.5869	404	0	2	3	2	1	2
m.5870	1080	5	2	5	4	3	4
m.5891	357	2	0	0	0	0	0
m.5898	324	0	0	0	0	0	1
m.5900	332	1	0	0	1	1	2
m.592	568	1	2	1	1	1	0
m.5924	163	0	0	1	0	0	0
m.5940	470	9	5	5	6	9	10
m.5946	412	1	0	0	2	0	0
m.5947	328	3	5	4	5	3	3
m.12695	530	0	0	0	1	1	2
m.595	591	7	4	4	6	4	4
m.5953	1295	19	17	19	15	14	16
m.5961	726	20	21	25	11	10	9
m.5981	145	2	0	2	3	4	2
m.599	163	1	0	1	1	2	2
m.6000	281	7	6	4	6	5	4
m.6006	339	21	19	19	20	20	20
m.6024	399	2	2	1	3	2	2
m.604	626	3	2	3	3	6	4
m.12698	142	2	3	3	1	1	2
m.6043	332	0	1	1	0	1	1
m.6058	1126	0	0	0	0	1	0
m.606	401	8	9	8	7	7	6
m.6062	535	6	10	8	7	7	5
m.6067	290	5	3	3	2	3	2
m.6098	224	1	1	0	0	0	0
m.6106	1183	4	4	5	3	5	5
m.611	550	1	2	1	0	1	0
m.6130	287	9	8	10	5	5	5
m.12713	362	0	1	1	0	0	0
m.6137	829	1	2	2	0	2	0
m.6149	834	7	6	8	6	6	6
m.6153	459	2	2	2	1	1	1
m.6160	246	3	2	2	1	2	3
m.6161	297	1	1	2	2	3	2
m.6174	243	9	10	11	15	13	14
m.6186	860	2	3	2	0	0	0
m.6190	936	0	0	0	2	0	2
m.6192	463	4	5	3	2	2	3
m.6193	694	4	3	2	4	3	3
m.12716	167	2	2	2	3	2	1
m.6207	485	2	2	3	1	3	1
m.6212	640	18	19	19	14	14	18
m.6219	1290	3	2	1	1	1	1
m.6233	239	0	0	0	0	0	1
m.6235	1030	1	1	1	0	0	1
m.6258	470	1	3	3	2	2	2
m.6266	564	5	6	5	3	4	1
m.628	379	2	1	0	0	0	1
m.6293	273	0	0	0	1	0	0
m.6354	185	2	2	1	3	3	3
m.6363	693	0	0	0	2	1	0
m.6370	313	12	12	12	13	12	13
m.6404	402	1	2	2	1	0	1
m.6408	422	0	1	1	1	1	0
m.6414	454	2	4	3	4	3	3
m.651	113	6	5	7	11	10	8
m.6511	281	3	4	3	3	5	4
m.6522	302	9	7	7	1	1	1
m.12722	407	2	1	1	2	1	2
m.6534	473	0	0	0	1	1	0
m.6554	533	9	9	9	9	8	8
m.657	677	5	6	3	8	7	7
m.6574	602	0	0	1	0	1	0
m.6603	632	1	1	1	0	0	0
m.6620	708	6	5	6	5	7	6
m.6627	1941	51	42	44	59	62	62
m.6645	175	1	1	0	1	0	1
m.6650	137	2	1	2	1	2	1
m.12725	224	2	5	5	7	6	5
m.6654	227	2	3	3	2	1	2
m.6678	2678	3	4	1	5	2	2
m.6692	457	1	1	0	1	1	2
m.6698	487	11	14	16	15	17	15
m.6705	727	4	3	4	2	3	3
m.6707	440	1	1	1	1	0	0
m.6724	676	7	7	8	9	10	6
m.6735	993	0	0	0	0	1	0
m.6750	260	5	6	8	5	9	10
m.12732	698	9	9	9	10	10	11
m.6764	636	0	0	0	2	1	2
m.6777	271	1	1	1	3	1	2
m.6795	338	0	0	1	1	1	1
m.681	2015	35	32	34	37	31	37
m.6816	173	4	2	3	1	2	3
m.6822	465	4	4	5	3	2	2
m.6835	423	4	4	3	1	4	3
m.6841	251	0	0	0	1	0	0
m.6844	389	6	7	5	2	3	5
m.12733	700	0	1	0	2	3	2
m.6864	607	1	0	0	0	0	0
m.6865	1038	1	0	1	0	1	1
m.6883	567	8	13	11	7	10	8
m.6956	142	0	0	0	0	1	1
m.6975	388	1	3	2	2	3	3
m.698	256	1	1	1	2	2	2
m.6990	479	6	7	5	8	9	9
m.7005	1086	12	15	15	11	15	12
m.10138	474	0	1	1	3	0	1
m.12740	434	4	3	3	3	3	4
m.7051	436	0	0	0	4	2	3
m.7115	1367	2	1	0	2	2	2
m.7131	978	2	1	1	2	1	1
m.7140	275	4	4	4	4	4	5
m.7206	974	0	2	3	3	4	4
m.721	1283	0	0	1	0	0	0
m.7211	854	1	0	0	0	0	0
m.7240	672	3	0	0	0	1	0
m.7242	348	0	1	0	1	2	0
m.7262	373	18	14	16	12	13	15
m.12744	483	4	4	2	2	3	2
m.7285	870	1	1	1	1	1	0
m.7288	361	3	3	4	3	3	3
m.7296	413	16	20	19	20	19	19
m.7297	100	3	4	5	5	5	6
m.7320	149	1	1	1	1	1	1
m.733	773	2	3	3	3	4	1
m.7348	315	5	4	4	2	2	2
m.7374	436	4	3	3	3	1	2
m.7375	539	1	1	1	1	1	1
m.738	140	4	4	4	0	0	0
m.12757	255	5	5	4	5	5	6
m.7404	524	49	49	52	52	50	50
m.7426	502	20	14	18	18	18	21
m.745	243	8	8	9	8	6	7
m.7457	110	2	2	2	4	3	2
m.7461	430	3	5	4	3	2	4
m.7469	537	1	2	2	3	1	1
m.7509	441	0	1	1	0	0	1
m.7513	255	1	2	1	0	0	0
m.753	343	1	2	1	2	1	2
m.12762	252	2	3	1	0	0	0
m.7561	417	0	1	0	0	0	1
m.7582	540	1	4	4	3	2	1
m.7588	415	1	1	0	0	1	1
m.7592	467	6	6	5	6	5	6
m.7593	596	0	0	0	1	1	1
m.7595	1291	29	34	33	45	45	43
m.7626	466	1	2	0	0	0	4
m.7630	342	1	0	0	0	0	0
m.7637	482	0	0	0	1	1	0
m.7647	1472	2	3	3	1	0	1
m.765	688	0	2	2	0	0	0
m.7660	262	0	0	0	0	1	1
m.7663	465	3	3	2	1	3	2
m.7667	285	6	7	5	2	3	1
m.7674	481	4	7	4	5	4	4
m.77	597	23	25	23	28	24	28
m.772	418	7	7	8	2	3	3
m.7741	384	35	34	35	31	33	30
m.7744	503	2	1	2	1	1	1
m.12770	763	1	0	0	1	0	1
m.7751	288	4	4	5	1	1	2
m.7798	205	0	0	0	1	1	1
m.782	388	16	15	14	15	14	15
m.7823	187	0	0	1	0	0	0
m.7834	739	0	0	0	0	1	0
m.7836	367	0	0	1	1	0	0
m.7866	258	0	2	0	0	0	0
m.787	428	12	12	12	12	14	13
m.12781	500	0	0	1	0	0	0
m.8003	356	2	1	1	1	1	1
m.8023	472	1	2	2	1	2	2
m.8222	467	13	13	12	14	13	13
m.8227	922	1	1	0	0	0	1
m.8232	523	7	9	7	6	4	4
m.8233	1215	23	26	27	25	26	25
m.8241	512	1	1	1	1	1	1
m.8265	286	1	0	0	0	1	0
m.12786	174	1	1	1	0	1	0
m.8342	908	32	32	34	23	20	20
m.8376	1390	2	3	5	1	0	0
m.849	171	5	5	4	4	5	5
m.858	537	2	3	2	1	1	1
m.8594	352	7	5	6	4	4	4
m.860	473	8	7	7	4	4	3
m.8609	175	1	1	1	0	1	0
m.8646	552	0	1	1	0	0	0
m.865	271	5	6	5	7	5	5
m.12790	138	2	2	4	3	4	3
m.8696	278	2	2	2	1	1	1
m.8709	507	3	3	3	2	1	3
m.873	140	1	1	1	2	2	1
m.8730	570	2	2	1	2	2	2
m.8735	575	0	0	0	1	0	1
m.8740	1003	1	1	1	0	0	0
m.8779	150	1	1	1	0	1	1
m.8796	376	6	4	6	5	4	3
m.8799	389	2	1	2	4	3	3
m.8844	218	0	0	0	1	1	2
m.12795	196	0	0	0	1	1	1
m.8870	312	6	7	8	10	9	10
m.8872	406	5	7	7	5	7	4
m.8875	267	3	5	5	2	4	5
m.8877	241	2	4	3	7	4	7
m.8880	300	4	5	3	4	4	5
m.8885	757	5	6	4	3	4	5
m.8900	399	9	10	11	14	14	13
m.8901	709	1	1	1	1	1	1
m.8908	660	1	1	1	1	2	0
m.8913	420	4	4	2	0	3	2
m.10194	572	7	11	10	12	9	12
m.12796	156	4	0	0	3	3	1
m.892	692	2	0	3	5	5	3
m.8927	151	0	1	1	1	1	1
m.8928	359	4	3	4	4	4	5
m.8932	510	5	4	5	6	5	6
m.8936	197	0	2	1	2	2	1
m.8939	146	3	2	2	2	2	3
m.8941	216	2	4	3	3	3	4
m.8943	224	2	1	1	1	1	1
m.8947	2092	4	3	2	3	3	2
m.8953	221	2	4	3	2	3	2
m.12810	529	2	2	3	3	2	2
m.8957	494	2	1	2	1	2	1
m.90	277	0	0	1	1	1	2
m.9015	170	5	5	4	4	3	3
m.9021	106	1	2	2	3	2	3
m.9022	1133	24	22	21	14	16	14
m.9023	1893	0	1	0	0	0	0
m.9034	345	1	1	1	1	0	0
m.9052	1364	4	4	3	5	2	3
m.9058	352	12	15	11	13	11	12
m.12818	193	7	7	4	8	7	8
m.9062	253	1	1	1	1	1	1
m.9072	179	2	2	1	1	1	2
m.9073	508	6	7	4	4	5	5
m.9086	773	7	6	6	11	10	10
m.9089	726	2	3	3	0	1	1
m.9097	494	2	3	3	2	1	0
m.9104	238	0	0	0	0	0	1
m.9110	140	4	4	3	4	2	4
m.9122	382	1	1	1	1	2	2
m.12824	377	9	10	8	11	10	11
m.9133	155	3	2	2	2	0	0
m.9135	505	0	0	1	2	2	2
m.9137	549	4	4	3	1	2	1
m.9151	279	3	1	2	2	3	1
m.9155	254	1	0	0	0	0	0
m.9167	564	2	4	3	5	6	5
m.9176	257	3	3	4	4	4	3
m.918	345	10	11	9	8	9	7
m.9181	139	1	1	1	1	2	2
m.9199	682	0	0	0	1	0	0
m.12825	688	0	0	0	0	1	0
m.9226	462	13	14	13	16	19	15
m.923	391	0	1	1	0	0	0
m.924	786	5	5	6	4	4	3
m.9242	256	2	3	2	1	1	2
m.925	826	17	11	15	18	14	11
m.9253	509	1	1	2	2	2	1
m.9284	447	4	6	7	2	2	1
m.9295	226	4	3	2	1	2	1
m.9312	311	1	1	1	1	1	1
m.9319	314	1	2	1	1	1	1
m.9322	625	2	0	2	1	0	1
m.9330	588	8	4	7	8	5	4
m.9340	260	0	1	1	1	1	1
m.9341	306	0	0	0	1	0	0
m.9366	437	1	1	1	2	2	1
m.9386	745	1	0	0	0	0	0
m.9399	268	1	1	5	1	0	1
m.940	484	3	1	3	4	4	3
m.1283	112	4	5	5	6	6	6
m.9411	328	9	9	8	13	11	11
m.9424	545	31	32	36	43	46	39
m.9432	802	0	0	0	0	2	0
m.9447	704	8	7	8	4	5	3
m.9472	530	0	0	1	0	0	0
m.9474	609	0	1	1	2	2	1
m.9478	1342	25	31	27	24	23	23
m.948	269	2	3	3	2	1	1
m.12839	312	1	1	1	1	1	1
m.9482	331	2	1	1	2	2	2
m.949	153	5	6	4	4	3	4
m.9498	636	1	1	1	1	0	0
m.951	473	0	0	0	1	1	1
m.9511	681	3	4	4	3	4	3
m.9546	175	5	3	3	2	4	2
m.9560	412	0	0	0	4	3	4
m.9561	429	5	3	5	6	5	2
m.9566	251	5	5	5	3	3	3
m.9571	451	1	0	1	1	1	1
m.9578	173	3	3	3	3	3	4
m.9587	410	0	1	0	1	1	0
m.9595	223	22	21	21	23	27	25
m.9596	217	1	0	0	1	0	0
m.9604	530	1	1	1	3	3	4
m.9611	446	1	0	1	0	0	0
m.9621	354	1	0	0	1	1	2
m.9628	960	4	2	1	1	2	2
m.12872	385	1	0	2	2	2	2
m.965	551	6	8	8	5	5	4
m.9652	236	6	8	6	8	7	8
m.9689	170	5	5	4	4	2	4
m.9699	450	0	3	0	0	0	0
m.972	503	1	1	1	0	0	0
m.9723	684	5	7	9	15	13	14
m.9734	585	0	1	2	1	2	1
m.9753	748	6	6	3	2	3	6
m.9774	382	3	3	4	1	1	2
m.9778	264	2	1	1	1	0	0
m.10260	232	1	1	3	0	0	0
m.12895	388	1	1	1	0	0	1
m.9779	278	1	1	4	2	1	3
m.9807	393	8	7	6	7	8	8
m.9816	202	2	2	2	2	3	2
m.983	610	2	3	2	4	4	4
m.9853	405	1	1	1	0	0	1
m.9873	222	6	6	7	4	6	2
m.9886	890	0	0	0	0	1	1
m.9891	150	2	2	3	2	3	2
m.9935	160	2	1	1	1	0	1
m.9939	196	5	4	5	4	5	4
m.9956	418	0	1	1	0	0	0
m.9972	351	0	0	0	1	1	1
m.9986	274	4	3	5	4	6	4
P02769	607	13	0	0	6	34	85
m.12917	415	1	1	1	1	1	1
m.12941	323	5	3	6	4	4	3
m.1296	468	4	5	5	4	4	4
m.12970	372	1	2	0	2	2	2
m.12976	264	2	2	2	2	3	3
m.12991	100	13	10	11	15	16	16
m.12999	500	0	1	0	1	0	0
m.10289	705	1	0	1	1	1	1
m.1301	177	2	2	2	4	4	4
m.10199	219	5	3	6	5	5	6
m.10560	427	4	1	2	3	3	4
m.10605	698	0	1	0	0	0	0
m.10713	218	9	8	9	8	8	12
m.12813	219	1	2	1	1	2	1
m.11115	300	2	1	1	0	0	0
m.2713	305	0	0	0	0	2	0
m.113	378	13	10	11	14	17	12
m.11458	213	1	1	1	0	0	0
m.11995	326	2	4	1	0	0	0
m.31539	379	1	3	4	4	3	1
m.5696	189	3	3	3	2	3	3
m.12129	447	19	20	20	19	24	22
m.29835	460	19	20	20	19	24	22
m.13026	699	1	0	1	1	1	2
m.1245	204	12	14	15	11	14	13
m.9299	205	2	2	1	3	2	1
m.15067	179	2	2	1	0	0	2
m.10914	217	2	0	0	1	0	1
m.17885	208	0	2	1	1	1	0
m.18748	201	0	0	1	0	0	0
m.1509	223	2	0	3	2	0	2
m.18898	207	0	2	1	2	3	0
m.22444	205	0	0	0	1	0	0
m.12693	1749	11	10	13	1	0	0
m.12709	550	8	7	7	5	9	10
m.1286	2829	169	171	166	151	158	157
m.12890	232	1	1	0	0	1	0
m.13119	549	3	3	4	6	6	5
m.13075	235	0	1	2	0	2	1
m.134	169	2	4	2	1	1	2
m.13436	653	3	3	3	6	5	5
m.13574	515	1	2	2	1	2	1
m.1396	509	0	0	0	0	2	0
m.13842	680	4	5	5	4	3	4
m.145	467	0	1	0	0	0	0
m.1493	232	4	3	5	5	3	5
m.15139	435	21	19	21	20	26	24
m.15220	508	0	1	2	1	1	1
m.15281	346	1	1	1	0	1	3
m.15426	1113	1	5	4	2	0	1
m.15462	185	2	1	3	2	2	2
m.16449	935	5	5	7	7	8	8
m.173	389	39	31	39	37	44	42
m.184	376	54	60	49	44	44	37
m.26952	376	0	0	0	0	0	1
m.1736	553	0	0	0	0	0	1
m.17547	505	7	8	6	5	4	4
m.1761	2437	1	4	1	0	2	0
m.17769	574	1	0	0	0	0	1
m.13085	424	3	2	3	3	3	2
m.17967	175	1	1	1	2	1	2
m.18406	213	1	0	0	0	0	0
m.18614	518	2	2	1	0	0	0
m.1884	645	1	2	1	2	3	3
m.9051	213	1	3	3	1	0	1
m.1911	462	0	0	0	0	1	0
m.19242	719	6	6	6	5	6	4
m.19535	181	1	0	0	1	1	0
m.19661	333	7	7	7	7	4	5
m.19674	317	6	5	6	2	3	2
m.19764	354	0	1	0	0	2	2
m.21346	340	1	1	0	2	2	2
m.13089	190	3	4	3	5	5	4
m.20683	314	0	0	1	1	0	0
m.20957	639	8	11	8	8	6	7
m.26522	211	1	1	0	1	0	1
m.21153	225	0	1	0	1	0	0
m.21390	125	5	5	5	2	3	5
m.218	310	7	6	6	10	9	15
m.232	1282	5	6	5	7	5	3
m.23454	187	4	4	5	11	8	11
m.23611	241	6	5	6	3	5	5
m.13090	174	2	2	2	2	1	3
m.23900	193	1	1	2	1	2	1
m.24137	338	2	2	2	1	0	1
m.24851	900	8	11	10	13	11	11
m.24926	333	5	6	5	3	3	3
m.24983	433	1	1	1	1	0	2
m.25258	278	1	1	2	1	1	2
m.25552	512	1	0	1	1	1	1
m.25678	189	4	5	3	5	5	5
m.25763	303	0	0	1	0	1	0
m.25801	239	7	6	10	11	12	13
m.13091	557	1	1	1	2	2	1
m.25835	116	3	4	3	5	5	6
m.25985	421	10	11	10	10	10	10
m.26081	187	3	4	3	2	1	3
m.26296	112	0	1	1	1	0	2
m.27117	475	7	6	8	9	7	8
m.2752	168	8	9	8	7	8	7
m.27687	497	2	2	3	1	2	3
m.2792	427	4	2	2	0	2	1
m.2030	436	0	0	0	0	0	1
m.28278	688	0	0	1	0	0	1
m.2841	371	1	1	1	1	0	1
m.28413	203	1	1	1	2	1	1
m.28444	404	3	1	5	4	3	5
m.29	104	4	6	4	5	4	4
m.29523	191	5	5	3	4	2	3
m.29808	242	8	6	7	9	8	8
m.307	487	6	4	5	7	6	7
m.3079	696	6	5	6	3	3	1
m.2150	326	0	0	0	3	0	0
m.30980	429	1	2	3	5	6	6
m.12982	418	3	1	2	3	2	3
m.13131	436	5	5	3	2	5	2
m.15859	410	3	4	4	4	1	1
m.29813	455	1	1	3	1	1	3
m.13107	529	0	2	3	1	0	1
m.32539	222	0	1	1	0	0	1
m.33500	300	3	2	2	3	2	4
m.34789	370	1	0	1	2	1	1
m.36049	334	5	4	5	2	4	5
m.13050	236	0	0	0	2	3	2
m.3627	290	1	0	0	2	0	1
m.37637	179	6	6	6	1	2	3
m.38282	359	2	1	2	0	0	0
m.3844	610	22	17	22	23	22	22
m.10324	680	0	0	1	0	0	1
m.13133	304	6	4	4	2	1	3
m.38633	275	6	5	6	6	4	4
m.3872	704	0	0	1	1	0	0
m.392	136	9	9	8	8	8	9
m.428	332	2	1	1	2	3	1
m.4330	257	1	0	0	0	0	0
m.4350	198	1	1	2	1	1	2
m.44	328	1	1	1	5	4	2
m.449	162	4	4	5	4	4	4
m.4781	617	15	16	17	17	17	15
m.4865	531	2	1	2	3	4	4
m.13180	357	1	1	1	0	1	1
m.4884	253	10	13	12	13	9	13
m.4960	840	8	9	6	9	8	14
m.498	709	0	1	0	0	0	1
m.5042	675	1	1	0	2	0	0
m.3241	263	1	1	0	0	0	0
m.506	193	2	4	2	0	4	3
m.5087	320	2	2	2	1	1	1
m.5108	251	24	27	25	33	29	31
m.900	248	14	13	14	12	11	15
m.5025	257	3	4	5	3	2	3
m.15022	221	4	5	5	4	5	5
m.29219	277	5	5	6	6	7	7
m.19033	252	9	8	7	7	6	7
m.5115	549	8	6	6	10	10	10
m.5328	257	0	1	0	1	0	1
m.537	304	1	1	0	1	1	0
m.13191	264	3	3	2	3	3	2
m.5473	170	1	1	1	0	0	0
m.5486	109	1	2	2	0	2	1
m.5510	229	4	4	4	6	5	5
m.5546	1101	2	3	2	0	0	0
m.5582	258	2	2	1	1	1	4
m.5619	199	3	3	2	3	2	2
m.5634	149	5	6	5	3	2	4
m.5689	476	1	1	0	1	1	1
m.5712	270	0	0	0	0	0	1
m.5746	161	5	3	5	5	5	5
m.13197	189	2	2	1	3	2	3
m.5839	328	2	4	3	6	1	3
m.5881	363	2	2	2	3	2	4
m.5892	125	4	4	7	4	5	3
m.6100	310	1	2	3	0	0	1
m.616	1072	2	4	2	1	3	2
m.6180	693	17	15	14	19	20	21
m.6203	143	5	3	5	3	3	4
m.6361	1066	6	7	5	6	4	4
m.13206	240	3	2	1	2	2	1
m.637	726	0	0	0	1	1	1
m.644	181	12	7	10	8	12	7
m.8903	180	10	8	9	0	0	6
m.32417	162	0	1	1	0	1	1
m.6463	6996	7	6	4	6	4	5
m.19708	361	3	3	1	0	1	1
m.6490	438	7	7	7	5	1	2
m.6492	285	2	2	2	1	1	1
m.6499	297	9	9	8	10	7	8
m.6517	538	8	6	4	8	5	6
m.6524	587	20	19	19	22	23	19
m.6593	1058	16	16	16	12	14	15
m.6688	381	2	3	2	2	1	4
m.13218	683	2	1	0	0	1	0
m.6868	946	3	3	3	7	6	6
m.7103	496	2	4	4	2	5	4
m.7159	1549	1	1	0	0	2	1
m.7183	139	2	2	3	1	1	1
m.7209	320	1	0	0	1	0	1
m.7527	791	4	3	4	3	3	5
m.760	542	4	4	4	4	3	1
m.81	504	6	6	6	7	5	5
m.13226	326	2	2	1	1	1	0
m.8669	206	2	2	3	3	2	1
m.8914	480	2	0	3	1	2	1
m.8917	676	17	21	19	18	16	20
m.612	679	19	20	20	21	24	23
m.20930	647	11	10	12	12	10	13
m.7437	674	0	1	0	0	0	0
m.8991	306	6	7	5	7	7	6
m.904	870	3	2	2	3	1	1
m.9188	352	0	2	1	0	0	1
m.22448	329	0	0	1	0	0	0
m.9279	376	0	0	0	2	0	0
m.60	320	5	5	5	4	4	4
m.9342	193	2	2	2	2	2	2
m.9373	1378	0	1	0	0	0	0
m.9654	1097	0	0	0	0	0	1
m.13240	197	0	1	1	1	3	1
m.9738	222	6	6	7	9	11	8
m.9119	158	4	4	4	1	1	3
m.9855	546	1	3	2	3	1	3
m.9957	415	14	14	13	12	15	17
m.36158	113	1	1	1	0	1	0
m.13248	748	1	1	1	2	2	0
m.13295	297	1	2	1	1	2	2
NP_851372.1	214	0	0	0	1	0	0
m.10327	1122	3	3	3	2	4	4
m.13303	395	0	1	1	0	0	0
m.13314	295	4	6	5	4	3	6
m.11654	271	2	2	1	0	0	0
m.1177	593	0	0	0	1	0	0
m.13136	222	1	1	1	2	1	1
m.15090	1470	0	0	0	0	1	0
m.15409	308	0	1	0	0	0	0
m.13356	586	0	0	1	0	2	0
m.15618	675	0	0	0	0	1	0
m.16736	134	0	1	0	0	0	1
m.17710	151	0	0	0	2	1	1
m.20599	102	0	0	0	0	0	1
m.21024	188	1	2	2	0	0	1
m.13371	1200	3	4	3	1	3	3
m.21674	280	1	1	0	1	1	0
m.22691	209	1	0	0	0	0	0
m.25190	620	0	0	0	1	1	1
m.2665	420	0	0	0	1	1	0
m.26941	195	0	0	0	1	0	0
m.27110	419	0	1	1	0	0	1
m.1339	464	4	4	3	1	3	0
m.27691	423	1	0	1	0	0	0
m.29620	137	0	0	0	0	1	0
m.29981	276	1	1	1	0	0	0
m.3353	326	0	0	0	0	0	1
m.13423	531	2	2	1	4	3	3
m.33958	343	0	0	0	0	0	1
m.34525	118	0	0	0	1	1	0
m.35589	142	1	1	0	1	0	2
m.429	369	0	0	0	1	1	0
m.4958	221	1	0	1	2	0	0
m.5203	1963	1	1	1	1	0	0
m.5346	119	0	0	1	1	0	0
m.6244	213	0	0	0	1	0	1
m.13427	257	0	0	0	1	0	2
m.720	102	1	1	2	2	1	2
m.789	775	0	0	1	0	0	0
m.853	520	0	0	0	1	0	0
m.9006	624	0	0	1	0	0	0
m.9178	193	0	1	1	1	0	0
m.9363	503	1	1	1	1	0	0
m.9726	370	0	0	0	0	1	1
m.13443	372	6	5	5	7	5	6
m.13444	605	2	1	1	2	2	2
m.10939	1302	0	3	1	1	2	0
m.11898	748	0	0	1	0	0	0
m.14297	518	0	1	1	0	1	0
m.2011	367	0	1	0	0	0	1
m.31435	113	1	1	1	2	2	1
m.1036	1192	1	0	0	1	1	1
m.13448	293	3	3	2	2	2	3
m.5531	219	0	1	0	1	1	0
m.5623	526	0	1	0	0	0	0
m.6279	328	0	0	0	1	0	0
m.6313	386	1	0	0	0	0	0
m.694	857	1	1	1	0	0	1
m.725	200	0	1	0	1	0	0
m.1346	158	6	9	10	7	7	7
m.13471	151	1	1	1	1	1	2
m.18533	634	0	1	0	0	0	0
m.10182	249	0	0	0	1	1	2
m.20279	200	0	0	1	0	0	0
m.13475	469	2	4	2	3	4	5
m.9865	419	0	1	0	0	0	0
m.13476	183	1	1	1	0	0	0
m.13486	292	2	1	2	3	7	4
m.15365	326	0	0	0	0	0	1
m.5163	1400	0	0	0	3	2	2
m.8649	585	2	1	1	0	0	0
m.13490	255	1	1	1	0	0	1
m.27625	216	1	0	0	0	0	0
m.4387	576	1	2	0	0	0	0
m.13425	114	0	0	0	0	0	1
m.13513	367	1	0	1	1	0	0
m.25912	450	0	0	0	0	1	0
m.21495	148	0	0	0	1	1	0
m.13014	751	0	0	0	1	1	0
m.22619	255	0	1	0	0	0	0
m.29805	227	0	0	1	0	0	0
m.10378	725	4	4	4	2	3	3
m.13516	189	6	6	5	4	6	3
m.33904	946	0	0	0	0	0	1
m.34321	298	2	2	2	3	3	3
m.38396	326	0	0	1	0	0	0
m.27954	454	0	0	0	0	0	1
m.13531	269	0	0	0	1	0	1
m.10012	278	0	1	1	0	0	0
m.12069	191	1	0	1	0	0	1
m.1355	1555	5	6	5	4	5	4
m.13233	253	1	1	1	0	0	0
m.19360	173	3	3	4	1	2	1
m.13557	339	1	2	2	2	1	1
m.21167	266	0	0	0	0	1	1
m.31093	201	1	0	0	1	0	1
m.21416	355	1	1	1	1	0	1
m.21691	163	1	0	0	0	0	0
m.4567	294	0	0	0	1	0	0
m.13590	549	4	3	2	4	7	5
m.23575	291	0	4	5	2	2	5
m.3381	122	1	1	1	1	1	2
m.3433	518	0	1	0	0	0	0
m.3499	474	0	1	0	1	0	0
m.6495	278	0	0	0	1	1	1
m.13617	393	1	1	3	0	0	1
m.6717	339	1	1	1	0	0	1
m.388	373	0	0	0	1	0	1
m.14972	298	0	0	1	0	0	0
m.19722	109	0	1	0	1	2	2
m.26409	122	0	1	0	0	1	0
m.8924	116	1	1	1	1	1	1
m.9583	214	0	0	1	0	0	0
m.13622	146	1	1	1	1	1	1
m.15118	99	1	1	1	0	0	1
m.15418	181	1	0	2	1	0	0
m.29291	227	0	0	0	1	1	1
m.10346	250	1	1	1	0	1	0
m.13637	665	0	1	0	0	0	0
m.18491	290	0	0	0	1	0	0
m.7770	273	0	1	0	1	1	0
m.32200	195	0	0	0	2	2	1
m.13659	548	0	0	1	0	0	0
m.21702	178	0	1	1	0	0	0
m.9013	389	1	2	1	2	1	2
m.1369	374	37	40	40	38	43	48
m.10928	723	2	1	1	3	0	2
m.22509	381	0	0	0	1	0	0
m.1038	113	5	3	4	4	6	6
m.13743	311	7	7	5	2	2	4
m.11265	213	2	1	1	1	1	0
m.2278	237	0	0	0	0	0	1
m.13744	138	1	1	1	1	1	1
m.133	397	1	0	1	1	0	1
m.3794	222	1	0	0	1	0	1
m.13748	486	0	0	0	0	0	1
m.14738	152	1	0	1	1	1	1
m.24170	270	1	1	1	1	0	0
m.13753	335	0	1	0	0	0	0
m.35335	197	0	0	1	0	0	1
m.24451	280	0	0	0	0	0	1
m.13811	436	0	1	0	0	0	0
m.35322	108	1	0	0	0	2	0
m.7107	168	1	0	1	0	0	0
m.13862	447	3	3	3	4	4	4
m.14602	310	1	1	0	2	0	0
m.2600	343	0	1	1	1	1	1
m.750	800	1	0	0	1	1	1
m.13863	1106	6	5	4	1	4	6
m.34300	263	0	1	0	0	0	0
m.5331	336	1	0	0	0	1	0
m.13885	1031	1	1	0	1	0	0
m.35243	207	1	1	0	0	1	1
m.139	190	3	2	3	2	2	3
m.10054	107	0	0	0	0	0	1
m.20253	281	1	1	1	0	1	0
m.1390	448	11	12	13	14	14	13
m.38787	130	0	0	0	0	0	1
m.742	625	0	0	0	0	0	1
m.34809	103	0	0	1	0	0	0
m.10387	484	1	0	3	0	1	2
m.9990	280	0	0	0	0	0	1
m.1408	226	4	4	4	1	3	1
m.141	436	20	24	21	19	15	18
m.14109	662	0	1	0	0	0	1
m.14128	211	2	1	3	2	0	2
m.29183	293	0	0	0	0	1	0
m.1413	338	3	2	3	2	4	4
m.4645	459	1	0	0	0	0	0
m.33343	126	0	1	1	1	1	1
m.23377	644	0	0	0	0	1	0
m.29546	408	1	1	0	2	1	2
m.14134	135	2	2	1	0	1	2
m.35539	566	0	0	0	1	0	0
m.35893	316	2	1	0	1	1	1
m.4416	678	1	0	0	1	1	1
m.9045	703	1	0	1	1	1	0
m.37001	654	2	1	1	0	0	0
m.11405	546	0	1	1	1	0	0
m.104	1674	13	10	10	9	9	10
m.14152	569	0	0	1	0	0	0
m.11828	346	1	0	0	0	0	0
m.11971	202	0	0	0	1	1	1
m.132	146	0	0	1	0	0	0
m.13903	193	1	0	1	0	1	0
m.14213	220	2	2	1	1	1	1
m.14458	126	2	2	2	3	3	3
m.15189	147	1	1	0	2	1	0
m.152	115	0	0	0	0	1	0
m.15345	109	0	1	0	0	1	1
m.17930	292	1	2	1	0	0	0
m.18090	289	1	1	1	1	1	0
m.18294	121	0	1	1	2	2	2
m.18493	251	0	0	0	1	1	1
m.20257	261	1	1	2	0	0	0
m.20823	136	0	1	1	1	0	1
m.14312	960	11	13	11	10	14	15
m.21023	149	1	1	1	1	1	1
m.21525	176	1	0	0	1	0	1
m.21665	130	2	1	2	1	1	1
m.22011	193	0	1	1	1	0	1
m.22271	234	1	1	0	1	1	1
m.22377	200	2	1	1	2	2	2
m.22547	139	1	1	1	1	0	1
m.2269	469	0	1	1	1	0	1
m.14349	643	2	0	0	0	0	0
m.22746	109	0	0	0	1	0	0
m.23172	335	0	0	0	1	0	1
m.23696	547	0	0	0	0	1	1
m.2398	398	0	1	0	0	0	0
m.14355	846	9	9	10	9	10	12
m.24161	162	1	0	1	0	0	0
m.25869	277	2	2	2	1	2	2
m.259	296	1	1	1	2	2	2
m.26519	179	0	0	0	1	0	0
m.26704	140	1	0	0	0	1	0
m.1436	550	14	16	16	7	9	10
m.26748	214	0	0	1	0	0	0
m.27603	105	0	0	1	0	0	0
m.27902	108	1	1	1	1	1	1
m.28097	108	1	1	2	0	0	0
m.28159	179	0	0	0	1	0	1
m.28520	237	1	1	1	0	1	0
m.1437	515	0	2	1	0	2	3
m.29599	227	1	1	1	1	1	1
m.3052	140	2	2	2	1	1	0
m.32263	177	0	1	1	0	0	0
m.32359	150	1	2	0	0	1	1
m.14375	119	1	1	0	0	0	0
m.33497	112	1	0	0	1	1	0
m.33765	180	0	1	1	0	1	1
m.34749	285	0	0	1	0	1	0
m.35511	123	0	1	1	1	1	1
m.3569	156	0	0	0	1	1	1
m.36043	110	2	2	3	2	2	4
m.1440	833	0	1	1	0	2	1
m.36423	114	2	1	2	1	0	0
m.3720	243	1	0	1	0	0	0
m.37396	133	0	0	1	0	0	0
m.38035	133	1	1	1	0	0	0
m.38315	119	1	0	1	1	0	0
m.4233	452	1	1	1	0	1	1
m.4415	804	1	0	0	1	1	1
m.1041	396	1	0	0	3	1	2
m.14422	417	5	4	4	3	3	2
m.5017	206	0	1	1	0	0	0
m.5148	167	1	2	1	1	1	1
m.5376	135	0	0	0	1	1	1
m.6550	319	0	0	1	0	0	0
m.14438	273	3	2	1	2	2	2
m.792	129	1	1	0	1	0	1
m.798	194	1	1	1	0	0	1
m.8231	396	1	1	1	1	0	1
m.859	193	1	0	1	0	0	0
m.899	700	0	1	0	1	0	1
m.9026	230	1	1	1	2	1	2
m.912	124	0	0	0	0	1	1
m.1447	450	1	0	0	0	1	0
m.14490	140	4	3	3	1	1	1
m.19726	448	0	0	0	0	0	1
m.1454	475	3	2	3	3	2	2
m.12051	247	1	1	1	1	1	1
m.13024	171	1	1	0	1	1	0
m.1328	203	0	1	1	0	1	0
m.14543	392	4	4	3	5	6	5
m.1456	431	2	1	1	1	1	0
m.19494	241	1	1	0	1	1	0
m.1461	469	0	0	0	0	1	1
m.21876	142	1	1	1	1	0	1
m.22305	311	0	1	0	0	1	0
m.22671	529	0	1	1	1	1	1
m.23641	168	0	0	0	1	0	0
m.1463	394	1	2	2	3	2	2
m.2661	154	1	1	1	0	0	0
m.26932	113	1	0	1	0	0	0
m.27979	288	1	1	1	1	0	0
m.28261	194	0	0	0	0	0	1
m.29606	138	0	0	0	1	1	0
m.29890	126	1	0	1	0	0	0
m.14672	359	2	2	1	0	1	0
m.34626	203	1	1	1	0	0	0
m.34690	147	0	1	1	0	0	0
m.3501	191	1	1	1	0	0	0
m.39	352	0	0	1	0	0	1
m.3982	105	0	0	0	1	0	0
m.50	394	0	0	0	2	1	1
m.5172	212	1	1	1	1	0	0
m.5398	324	0	0	0	1	0	0
m.1472	277	3	3	2	4	4	3
m.5833	121	2	1	2	0	0	0
m.6968	331	0	0	0	1	0	0
m.7111	267	1	1	0	1	1	1
m.1473	555	7	5	5	5	5	6
m.9408	224	1	1	0	0	0	0
m.14739	401	2	1	2	1	1	0
m.14754	356	6	7	5	5	7	9
m.8574	338	1	1	1	0	1	0
m.10878	258	0	0	1	0	0	1
m.1164	164	0	1	0	1	1	1
m.12364	195	1	1	0	0	0	0
m.12643	211	1	1	0	0	0	1
m.12778	145	0	1	0	1	1	0
m.14756	396	2	1	4	2	4	2
m.1573	128	0	0	0	0	1	0
m.15962	187	0	1	0	0	0	0
m.15986	209	1	1	2	1	1	1
m.17836	548	0	0	1	0	0	0
m.1839	150	0	0	0	2	2	2
m.202	101	2	2	1	1	1	1
m.22784	250	1	0	0	1	1	1
m.25058	226	0	0	0	1	0	0
m.14765	420	2	0	1	0	0	1
m.29601	249	0	1	0	0	0	0
m.29778	253	1	1	0	1	1	1
m.3774	882	1	1	0	0	0	0
m.4935	224	1	1	1	1	1	1
m.7210	168	1	1	1	1	1	1
m.14910	573	1	1	2	0	1	1
m.5921	124	1	0	1	1	1	1
m.10164	157	1	1	0	0	1	1
m.10603	487	2	2	2	1	0	1
m.1116	106	0	1	1	0	0	0
m.10463	220	0	1	3	3	2	3
m.14914	470	0	0	1	0	0	0
m.11443	1087	0	0	0	2	1	2
m.12648	162	1	1	1	0	0	1
m.17386	142	1	0	0	0	0	0
m.14915	293	13	15	14	11	12	14
m.23801	309	1	1	1	0	0	0
m.27736	105	0	0	1	0	0	0
m.27819	169	1	1	1	1	1	1
m.14918	406	1	1	1	2	3	2
m.2877	192	0	0	1	0	1	0
m.31932	104	1	1	1	1	0	1
m.3621	404	0	1	0	0	0	0
m.36535	116	2	1	1	0	0	0
m.14923	328	3	3	2	2	3	3
m.38571	236	1	1	1	0	1	1
m.4724	266	1	2	0	0	1	0
m.5494	170	0	1	0	0	0	0
m.6265	202	0	0	0	1	1	0
m.9078	300	1	0	0	0	0	0
m.14938	965	0	0	1	0	0	0
m.14946	234	3	3	3	2	2	2
m.30969	340	0	0	0	0	1	0
m.13742	710	0	0	0	1	0	0
m.14952	249	0	1	1	0	0	0
m.19281	105	1	1	1	0	0	0
m.19748	107	0	0	0	1	0	0
m.21388	376	1	0	0	0	0	0
m.23347	148	0	0	1	2	0	1
m.23617	128	2	2	1	0	1	0
m.29873	128	0	0	0	0	1	0
m.14963	1061	8	11	8	6	8	5
m.37941	99	0	1	1	1	1	1
m.38016	118	0	0	0	0	1	0
m.38034	178	0	0	0	0	1	0
m.4805	113	0	1	0	0	0	0
m.5382	195	2	2	2	1	1	2
m.5416	476	0	0	0	1	1	1
m.9109	151	1	2	1	1	0	1
m.10468	320	3	3	3	3	5	5
m.14983	218	7	7	7	8	8	6
m.7185	949	1	1	1	1	1	1
m.13424	343	0	1	1	0	0	0
m.14984	440	4	4	2	4	4	5
m.18543	325	0	0	0	1	0	0
m.19700	101	1	1	1	1	0	1
m.23013	106	1	1	0	0	0	0
m.2723	969	1	0	0	0	0	0
m.27822	350	1	0	1	0	0	0
m.14994	562	0	1	1	0	2	2
m.3610	348	1	0	1	0	0	1
m.38320	204	1	1	1	1	2	2
m.14998	1027	1	0	1	1	3	1
m.14999	503	42	41	38	37	40	39
m.12799	378	3	2	3	3	2	1
m.15017	296	0	0	0	0	0	1
m.15796	107	0	1	0	0	0	0
m.16002	356	0	0	1	0	0	0
m.19483	336	0	0	0	1	2	0
m.20506	179	3	3	2	0	0	0
m.21832	170	0	0	0	1	1	1
m.15026	538	1	1	1	1	1	1
m.28082	165	0	0	0	1	1	1
m.3030	150	2	2	2	2	1	2
m.548	221	0	0	1	1	0	0
m.15038	332	0	0	0	1	1	1
m.10638	702	0	0	0	0	0	1
m.1617	1402	0	0	0	1	0	0
m.17297	163	0	0	0	0	1	0
m.1504	136	5	4	4	2	5	2
m.17939	224	0	1	0	0	0	0
m.18203	117	0	0	0	1	1	1
m.38570	122	1	1	1	1	1	1
m.15047	323	8	8	8	10	9	8
m.5862	284	0	0	0	1	0	0
m.6811	526	0	0	0	1	1	1
m.8180	154	1	0	1	0	0	1
m.1	362	2	2	2	0	1	1
m.10472	547	2	0	1	1	1	2
m.1505	423	3	4	3	2	3	3
m.3329	167	0	0	0	1	0	0
m.15054	242	12	12	11	15	14	15
m.22659	359	0	0	0	0	1	0
m.22977	195	0	0	0	0	0	1
m.28289	123	1	1	1	1	1	1
m.29343	368	0	0	1	0	0	0
m.15063	195	0	1	0	0	0	0
m.5798	414	0	0	1	1	0	1
m.8024	284	0	1	0	1	0	1
m.15079	260	9	9	9	12	9	11
m.11041	876	0	0	0	1	1	1
m.11960	265	1	0	1	0	0	0
m.12244	109	0	0	0	0	1	2
m.12676	293	0	0	0	1	0	0
m.15096	468	2	3	1	2	1	1
m.28920	220	1	0	0	0	0	0
m.338	206	0	0	0	0	1	0
m.37377	104	1	1	0	0	0	0
m.17363	155	1	1	0	0	0	0
m.7838	446	1	1	1	2	1	1
m.15111	545	15	16	14	17	15	17
m.4874	397	1	0	0	1	1	1
m.15114	369	0	0	0	1	1	0
m.7168	302	0	0	1	1	0	1
m.15122	236	1	1	1	0	0	0
m.11319	252	0	0	0	1	1	1
m.10496	298	5	6	7	5	7	10
m.15126	176	1	2	2	0	2	3
m.6854	281	1	1	1	1	1	1
m.15134	1205	2	2	1	1	1	1
m.12766	325	0	0	0	0	1	0
m.15141	227	10	10	10	10	7	9
m.31335	295	0	2	1	1	1	1
m.8763	270	1	0	0	1	0	0
m.9202	127	2	2	2	2	2	3
m.37594	113	0	0	0	0	1	0
m.4182	253	0	0	0	1	1	2
m.1563	266	0	0	0	1	0	0
m.15158	259	1	1	0	2	1	1
m.11397	230	1	0	0	0	0	0
m.15162	152	6	5	5	8	9	5
m.15166	611	0	0	1	1	0	1
m.22391	129	0	0	0	1	1	1
m.32224	134	1	1	0	0	0	0
m.19372	548	0	0	0	0	0	1
m.15175	266	7	5	6	5	6	5
m.30023	103	1	0	1	0	1	0
m.4980	256	0	1	0	1	0	0
m.15185	362	5	5	4	3	2	4
m.10499	214	2	1	2	2	1	1
m.15200	788	2	1	0	3	2	0
m.11523	224	1	0	0	1	0	0
m.11725	118	1	2	1	1	1	0
m.15204	648	11	10	13	8	11	12
m.25744	213	4	3	2	2	1	3
m.5911	687	0	0	0	1	0	1
m.15241	654	3	4	2	5	4	4
m.15247	289	3	3	3	2	1	2
m.1211	141	1	0	0	0	0	0
m.14636	169	0	0	1	0	0	0
m.19513	258	0	0	0	0	1	0
m.29673	125	0	0	1	0	0	0
m.1527	299	9	5	8	8	8	5
m.10909	251	1	1	1	1	1	1
m.15288	254	2	0	1	0	0	0
m.9419	124	0	0	0	0	1	0
m.15290	959	1	2	2	3	3	1
m.20256	148	1	0	1	0	0	0
m.153	398	1	1	2	3	1	2
m.17242	566	1	2	1	0	0	0
m.12644	250	0	0	0	2	2	2
m.1530	391	2	3	3	0	2	0
m.17662	137	1	1	1	1	1	1
m.19587	374	0	0	0	0	0	1
m.25982	154	1	0	1	0	0	0
m.1204	135	0	0	0	0	0	1
m.1054	285	5	6	6	7	6	3
m.19922	158	0	1	1	0	0	0
m.15323	305	7	6	4	7	7	6
m.24130	123	1	0	0	0	0	0
m.4429	352	0	0	0	1	0	0
m.19244	108	0	0	0	1	0	1
m.15331	209	2	3	2	3	3	4
m.13716	211	1	1	0	1	1	0
m.2905	396	2	4	3	2	1	2
m.9150	250	0	0	0	0	1	1
m.15370	180	5	5	4	5	3	5
m.38413	128	0	1	0	0	0	1
m.15377	555	9	4	8	8	10	8
m.38572	106	1	1	0	0	0	0
m.15388	345	0	1	0	0	1	1
m.5196	113	0	0	0	0	1	1
m.21654	118	0	0	0	0	0	1
m.7042	188	0	0	0	1	0	1
m.8154	241	0	0	0	0	1	0
m.15396	329	1	1	2	1	0	0
m.18230	315	1	0	0	0	0	0
m.15400	429	5	5	4	6	8	4
m.3862	708	1	1	0	1	0	0
m.15449	425	1	1	1	1	1	1
m.26130	154	2	2	2	1	2	1
m.26392	100	0	1	1	0	0	0
m.15457	489	1	0	0	0	0	1
m.7395	220	1	0	0	0	0	1
m.37474	159	1	2	1	0	0	0
m.1547	193	3	2	3	3	4	3
m.19469	629	1	0	1	0	1	0
m.5058	460	0	0	0	1	0	0
m.20912	285	1	1	1	1	1	1
m.37798	118	0	0	1	1	0	0
m.15471	509	0	1	1	0	1	1
m.15477	423	0	0	0	0	0	1
m.3392	310	0	1	0	0	0	0
m.1388	352	0	1	0	0	0	0
m.321	419	0	1	1	0	1	1
m.15526	304	3	2	2	2	1	2
m.18002	175	2	0	2	1	1	1
m.15530	386	2	2	0	3	2	1
m.3549	388	0	0	1	0	0	0
m.23708	164	0	0	0	1	1	0
m.15544	155	3	2	2	2	2	1
m.30956	124	1	1	1	0	0	0
m.10558	176	1	2	1	2	2	1
m.15586	275	8	7	8	7	6	7
m.1560	548	11	10	9	11	10	9
m.38547	130	0	0	0	0	1	1
m.15633	448	21	22	23	22	20	21
m.15693	310	9	9	7	9	9	10
m.15700	399	1	0	0	3	3	2
m.15724	695	3	4	2	2	2	2
m.15750	815	2	2	3	2	2	4
m.1576	513	5	6	5	6	9	8
m.15764	225	1	1	1	2	1	1
m.10575	652	1	2	2	1	1	1
m.15803	206	2	0	2	1	1	1
m.1582	284	0	1	0	1	0	1
m.15822	319	1	0	1	0	0	1
m.1583	327	6	5	6	3	6	5
m.15839	183	3	2	2	4	2	3
m.15850	195	1	1	0	1	1	1
m.15857	420	2	2	2	3	3	1
m.15899	456	0	0	1	0	0	0
m.1060	147	1	1	1	0	1	1
m.1592	810	0	0	1	0	0	0
m.15923	2429	12	13	11	3	3	5
m.1600	347	0	1	1	0	0	0
m.16009	808	7	6	5	8	7	5
m.16029	467	0	1	0	0	0	0
m.16036	305	3	3	4	2	0	0
m.16090	446	9	7	9	10	9	9
m.16099	216	0	0	0	0	1	1
m.16108	243	1	1	1	0	1	0
m.16119	234	1	3	2	2	2	2
m.10621	420	2	2	3	5	3	5
m.16132	345	1	0	0	0	1	0
m.16180	508	2	2	1	1	3	1
m.16211	276	1	0	0	1	1	1
m.16222	296	1	0	0	0	0	0
m.16224	295	0	0	1	0	0	1
m.16233	161	4	5	6	2	2	3
m.16247	347	0	1	1	1	1	0
m.16258	131	1	1	0	1	1	1
m.16259	270	0	0	1	0	0	0
m.10645	257	0	1	0	1	1	1
m.1626	326	3	2	3	2	3	3
m.16281	177	3	3	3	3	4	2
m.16282	297	1	1	1	1	1	1
m.16303	320	2	1	2	0	1	0
m.16309	388	1	1	1	1	1	1
m.16319	224	2	1	2	1	3	1
m.16351	226	5	4	4	3	3	4
m.16371	297	1	2	1	3	2	2
m.16414	306	0	0	1	0	0	0
m.1000	214	7	9	8	12	11	9
m.1069	424	3	3	5	4	4	7
m.16442	194	2	2	2	1	1	1
m.16446	276	0	0	1	0	0	1
m.16465	273	1	3	2	2	1	2
m.1652	495	15	17	16	18	15	16
m.16548	260	0	0	1	0	0	0
m.1655	411	4	3	4	3	3	2
m.16591	233	1	1	2	1	1	1
m.10693	451	0	0	0	0	0	1
m.16651	319	2	3	2	2	2	4
m.16692	411	4	5	7	7	6	9
m.1680	375	0	1	1	1	0	0
m.1685	362	2	2	2	0	1	1
m.16859	1199	1	2	2	1	3	2
m.16863	391	0	0	0	0	1	1
m.16864	208	0	0	0	0	0	1
m.16877	305	1	0	0	0	0	1
m.107	99	3	4	4	4	4	5
m.1689	2742	1	0	0	0	0	0
m.16910	2217	11	9	11	6	5	5
m.16997	579	11	11	11	14	14	12
m.17002	969	1	0	2	0	0	0
m.17007	211	0	1	0	1	1	1
m.1706	388	0	1	0	0	0	1
m.17099	205	0	0	0	1	0	0
m.171	2522	1	0	0	0	1	2
m.17101	439	2	1	2	2	3	1
m.10714	429	5	5	5	5	5	4
m.17128	1219	0	0	0	1	1	0
m.1714	264	0	1	0	0	0	2
m.17178	533	0	0	0	1	0	0
m.17237	424	1	1	1	1	1	1
m.17323	421	19	19	19	18	16	15
m.1733	1264	2	2	2	3	1	3
m.17346	797	1	1	1	0	1	1
m.17427	215	0	1	0	0	0	0
m.17435	484	9	6	8	10	7	11
m.17466	666	10	12	12	7	7	8
m.17476	386	0	0	0	2	1	1
m.17496	405	3	3	3	4	2	4
m.17509	429	2	3	2	3	3	3
m.17514	369	1	2	2	2	2	2
m.17521	185	8	10	10	12	14	14
m.17527	348	0	1	1	0	0	0
m.10726	1630	2	0	1	1	2	2
m.17562	293	0	0	1	0	0	0
m.17572	133	1	2	2	2	2	2
m.17582	562	2	2	2	2	2	2
m.17587	233	0	0	0	1	0	0
m.17595	424	5	5	6	7	8	8
m.17598	232	0	0	0	0	0	1
m.17609	155	0	0	0	1	1	0
m.17634	303	0	0	0	1	0	1
m.1073	371	2	3	1	2	2	3
m.17642	405	1	2	1	1	2	2
m.17653	215	3	3	3	1	3	3
m.17655	964	0	0	0	1	0	1
m.17682	122	0	0	0	1	1	1
m.17683	465	1	1	1	1	2	1
m.17686	418	1	1	1	2	2	3
m.17718	670	1	1	1	0	0	0
m.17739	255	5	5	1	0	1	3
m.17758	659	1	0	1	0	1	1
m.17776	322	1	2	0	2	1	2
m.1074	292	1	1	1	0	1	2
m.17784	409	0	0	1	0	1	1
m.17794	846	9	10	12	7	10	8
m.17804	580	5	4	3	9	6	6
m.17821	322	21	23	25	24	26	23
m.17857	135	2	2	1	1	0	1
m.17859	221	1	1	1	0	1	1
m.17895	500	2	3	2	3	2	1
m.17897	385	2	3	3	1	2	2
m.1793	310	1	1	1	5	2	4
m.10744	282	2	2	3	2	1	2
m.1796	557	5	6	5	6	6	6
m.17984	639	5	7	6	7	10	11
m.17992	724	8	7	8	11	9	9
m.18001	225	0	0	1	0	0	0
m.18040	327	4	3	5	4	5	3
m.18048	376	5	4	6	6	3	5
m.18060	194	1	0	1	0	1	0
m.10807	572	12	10	10	13	9	10
m.18062	181	1	2	1	1	0	1
m.18064	292	0	1	1	1	1	1
m.18070	421	3	3	3	3	3	4
m.1809	261	1	0	2	1	0	0
m.1811	272	6	5	4	5	3	4
m.18144	177	1	1	1	2	1	0
m.18155	470	2	6	4	3	3	3
m.1816	454	0	0	1	0	0	2
m.18183	178	0	0	0	1	0	1
m.10009	206	3	4	5	3	3	5
m.10812	189	1	1	0	0	0	0
m.18280	786	2	4	4	2	1	2
m.18288	378	1	0	0	0	0	0
m.18336	196	0	1	0	2	3	3
m.1834	596	5	8	5	3	3	5
m.18355	140	0	1	2	1	1	2
m.18362	249	1	1	2	2	2	2
m.18366	538	8	5	8	9	7	8
m.18370	247	0	0	0	1	1	0
m.18387	243	3	4	2	4	4	5
m.10816	192	2	2	2	1	1	1
m.18470	326	3	3	3	4	5	3
m.1850	391	1	1	0	2	3	2
m.18550	321	2	2	2	2	2	3
m.18553	252	2	1	2	2	4	3
m.18556	357	9	11	8	7	10	8
m.18584	365	1	1	0	0	3	0
m.1862	270	1	2	1	0	1	1
m.1866	1135	3	2	2	3	5	4
m.10818	372	1	1	1	1	1	1
m.18667	123	1	2	1	0	2	2
m.18767	961	2	2	1	2	2	2
m.1881	292	3	1	5	7	7	7
m.18819	1444	23	22	19	12	18	16
m.18825	839	23	18	18	21	18	24
m.18834	354	0	3	1	1	2	1
m.18862	137	0	2	0	4	3	1
m.18969	102	1	1	1	1	1	1
m.10831	206	2	1	1	0	0	1
m.1897	265	2	1	2	1	1	0
m.1903	378	1	2	2	0	1	0
m.19079	424	2	1	2	1	2	1
m.19106	321	0	0	1	0	0	0
m.19151	186	2	3	4	5	4	4
m.19195	126	1	1	1	1	1	1
m.19225	469	3	3	4	5	4	4
m.1936	223	1	1	1	1	1	1
m.19365	277	5	5	4	3	4	4
m.10852	208	1	1	0	0	0	0
m.19416	143	3	4	3	3	3	2
m.19423	152	1	0	1	0	1	2
m.19446	282	1	0	0	1	1	1
m.19454	152	1	1	1	0	0	0
m.19460	144	5	5	3	5	6	4
m.19487	501	2	1	1	1	0	0
m.19495	508	5	6	6	2	5	4
m.19496	684	0	0	0	1	0	0
m.195	212	0	1	0	0	0	0
m.1950	311	1	2	1	1	2	0
m.10883	471	8	7	5	6	6	9
m.19510	516	3	4	3	3	5	6
m.19514	1648	1	2	2	3	3	2
m.19558	268	2	3	2	2	1	2
m.19561	251	3	2	2	2	2	3
m.19580	222	1	0	0	0	0	0
m.19597	531	8	10	10	14	12	10
m.19598	1537	1	1	1	1	1	2
m.196	258	1	1	1	4	2	2
m.1089	117	6	7	6	11	10	10
m.19610	677	2	3	3	1	2	1
m.19657	547	1	0	0	0	1	1
m.19685	242	0	1	2	0	0	0
m.19704	127	1	0	0	0	1	0
m.19768	178	1	1	1	1	1	1
m.19805	110	5	5	5	3	3	3
m.19870	153	3	1	1	1	0	1
m.19899	782	1	1	0	1	1	1
m.10893	298	7	5	4	8	7	7
m.19927	386	3	2	3	1	0	0
m.1996	868	11	8	10	13	13	16
m.19966	302	5	4	5	7	5	5
m.19978	746	3	2	1	4	4	5
m.19983	183	3	3	2	1	2	2
m.19991	861	6	6	8	5	5	4
m.19993	588	1	2	3	0	1	0
m.2	157	5	6	5	5	5	4
m.200	1142	19	23	19	14	14	17
m.10901	228	1	1	1	0	0	0
m.20013	565	5	2	5	5	6	6
m.20041	230	5	3	5	4	10	4
m.20062	124	2	2	1	0	0	1
m.20081	531	0	0	1	0	0	0
m.20175	165	0	1	1	0	0	1
m.2022	539	0	0	0	0	2	2
m.20317	123	0	0	0	1	0	0
m.2032	373	3	3	3	4	3	3
m.10905	398	1	1	0	2	0	1
m.20374	285	2	1	2	2	2	2
m.2050	233	1	1	0	0	0	1
m.20509	361	0	0	2	3	3	3
m.20617	373	0	0	0	0	0	1
m.20656	236	3	4	3	1	2	2
m.20660	110	0	0	0	0	0	1
m.2067	217	0	0	0	0	1	0
m.20818	279	1	1	2	0	0	0
m.20828	231	1	2	0	0	0	0
m.10015	205	5	5	5	4	4	4
m.10938	346	1	1	1	1	1	2
m.20898	435	3	2	1	3	3	3
m.20916	317	7	6	5	7	6	7
m.20918	315	2	1	0	2	3	2
m.20924	380	1	1	1	3	3	2
m.20941	628	2	1	3	2	5	3
m.20945	770	5	2	4	4	3	5
m.20959	229	1	3	4	3	4	5
m.20967	304	1	0	0	1	1	1
m.20978	138	4	5	4	5	6	6
m.20992	502	1	1	0	1	0	0
m.21	461	13	17	15	19	18	19
m.21000	372	3	3	2	0	0	1
m.21002	259	1	0	2	1	1	2
m.21018	369	0	1	1	1	1	1
m.21046	141	0	1	0	0	0	0
m.21047	294	2	2	4	2	1	3
m.2107	529	5	5	6	4	3	3
m.21074	449	1	1	1	0	1	2
m.21131	238	2	2	2	0	0	0
m.10974	566	2	2	2	1	1	2
m.21152	377	3	1	2	3	2	3
m.21179	265	6	5	7	7	8	8
m.21180	384	1	1	0	1	0	0
m.212	347	2	2	2	2	3	1
m.21223	127	0	0	1	1	1	1
m.21227	279	3	3	2	2	1	0
m.21268	784	1	1	1	4	1	3
m.21313	552	5	5	5	4	4	6
m.110	1165	23	27	27	25	29	28
m.21376	204	0	0	1	0	1	1
m.21379	246	5	5	6	6	6	7
m.21438	701	6	6	5	7	7	5
m.21457	115	1	1	2	1	2	2
m.2146	314	0	1	1	0	0	1
m.2147	314	2	1	1	1	2	2
m.21474	364	0	1	2	1	0	1
m.215	195	7	7	5	9	9	9
m.21538	175	1	2	1	0	1	1
m.1100	513	1	1	1	2	2	1
m.21596	525	4	4	4	4	2	3
m.2164	240	1	1	2	1	1	1
m.21690	240	1	1	2	1	3	2
m.217	121	6	5	5	7	7	6
m.2171	309	0	0	0	0	2	2
m.21710	219	1	1	1	1	0	0
m.21736	444	1	3	3	1	3	2
m.21772	262	1	0	1	0	0	0
m.21798	281	1	1	1	2	4	3
m.21819	1189	1	2	0	2	5	1
m.1103	1107	0	0	0	0	0	1
m.21842	395	9	7	8	11	7	9
m.2185	737	2	1	1	3	3	2
m.21863	436	0	1	1	0	1	0
m.21864	258	1	0	1	1	0	1
m.22064	312	0	0	0	1	0	1
m.22085	331	0	2	1	1	1	1
m.2212	675	2	1	2	0	1	1
m.11035	299	2	2	2	1	1	1
m.22180	238	0	0	0	1	2	1
m.22205	653	3	3	1	2	2	1
m.22274	438	4	4	3	5	6	6
m.22282	310	3	3	3	2	4	4
m.2229	343	2	4	4	2	3	3
m.223	287	1	2	2	0	0	1
m.22307	275	2	0	1	5	4	4
m.22358	156	0	1	1	3	3	2
m.22365	587	1	0	0	3	1	1
m.22392	222	2	3	3	4	3	4
m.22394	559	5	5	5	2	3	5
m.22405	246	1	1	2	2	2	1
m.2241	107	1	1	1	1	2	2
m.22412	708	1	2	1	2	0	1
m.22426	144	0	0	1	1	2	0
m.22427	401	1	2	1	2	1	1
m.22434	265	1	1	1	0	0	0
m.11100	1144	8	6	6	5	6	4
m.2244	1940	1	0	1	0	1	1
m.22447	261	0	0	0	1	0	0
m.22449	384	3	1	1	0	3	1
m.22518	514	4	3	4	6	4	5
m.22539	256	1	1	1	1	1	1
m.22542	615	22	19	25	12	13	14
m.22551	320	1	1	0	1	2	0
m.22580	202	1	1	1	1	1	1
m.11107	150	6	7	8	6	6	7
m.22676	166	1	1	0	0	2	1
m.22685	890	1	1	0	1	1	0
m.227	359	1	1	2	0	1	1
m.22737	450	0	0	0	0	0	1
m.22782	553	2	3	0	2	1	1
m.22810	245	2	2	1	2	1	2
m.22850	470	2	1	1	1	0	0
m.22904	580	2	2	3	1	4	3
m.1005	498	3	2	3	4	4	3
m.11137	540	0	0	1	1	1	1
m.22921	1220	0	1	0	1	2	2
m.22925	162	0	1	0	0	0	0
m.22940	466	12	8	10	8	15	11
m.22944	994	18	18	18	20	21	18
m.22952	530	2	0	3	1	2	1
m.230	211	10	9	9	9	7	6
m.23037	263	3	2	2	1	2	2
m.23042	858	2	1	1	5	2	4
m.23072	302	3	2	2	2	4	1
m.11149	227	5	5	6	6	6	4
m.23079	454	0	1	0	1	0	1
m.2309	217	0	0	1	0	0	0
m.23103	397	1	1	1	1	1	1
m.23110	258	1	2	2	1	1	0
m.23157	316	0	1	0	1	0	0
m.2316	597	0	0	0	0	0	1
m.2317	307	3	0	0	0	1	0
m.23233	725	3	4	4	4	6	6
m.23247	172	4	3	5	3	4	4
m.2327	164	1	1	1	0	1	1
m.11152	593	2	1	1	1	1	1
m.23275	219	1	1	1	1	1	2
m.23358	103	1	2	2	1	1	0
m.23371	196	4	3	4	6	5	5
m.23397	127	2	3	1	2	3	2
m.2353	1773	2	3	2	1	1	2
m.23588	389	3	1	0	1	1	1
m.23599	895	33	32	31	41	34	39
m.2360	1533	3	3	2	4	3	1
m.23602	166	1	2	2	2	1	1
m.23607	647	1	2	3	4	5	4
m.1126	148	1	3	2	1	2	1
m.23613	106	1	2	1	2	2	1
m.23629	351	4	3	2	0	0	0
m.23632	169	2	1	1	0	0	0
m.23671	219	2	1	2	4	3	4
m.23676	166	1	0	0	1	0	0
m.23685	446	16	15	16	12	14	15
m.23699	552	4	5	3	1	3	1
m.23716	147	1	2	2	1	1	2
m.23737	412	6	4	6	3	5	4
m.23814	289	1	1	1	2	1	2
m.23817	738	3	0	2	1	0	2
m.23821	306	16	14	17	14	17	16
m.23824	188	3	2	1	3	3	3
m.23867	427	1	1	1	2	2	2
m.1133	280	0	3	2	0	1	1
m.23871	448	1	1	1	1	1	1
m.23918	356	1	0	1	0	3	0
m.23926	521	0	0	1	0	1	0
m.23962	496	0	0	1	0	0	0
m.23997	257	1	2	1	1	2	1
m.24011	345	3	2	1	4	2	2
m.24029	442	1	1	2	3	2	3
m.24081	202	2	2	3	0	0	1
m.11340	155	1	2	1	1	1	0
m.24092	176	1	1	2	1	1	1
m.2412	527	0	2	1	2	1	2
m.24143	156	1	1	1	0	0	0
m.24183	283	0	0	0	0	0	1
m.24205	912	0	0	0	0	1	1
m.2423	566	1	0	0	1	2	0
m.11346	282	1	2	0	0	0	0
m.2425	858	1	0	1	1	0	2
m.24308	388	0	0	0	0	1	0
m.24316	262	1	2	3	1	2	1
m.24356	255	0	0	0	1	0	1
m.2438	9514	4	4	1	4	4	3
m.24423	342	4	3	3	2	4	4
m.24493	298	1	1	1	0	0	1
m.1135	538	1	2	1	0	0	1
m.24569	99	0	0	1	1	0	0
m.24620	241	1	1	1	2	2	2
m.247	406	0	0	1	1	3	2
m.24722	174	0	1	1	1	0	1
m.24936	844	1	0	0	3	2	2
m.24947	295	2	1	2	1	1	0
m.24948	811	0	0	2	0	1	1
m.24952	767	0	0	0	0	2	0
m.24964	992	1	2	0	0	0	0
m.11354	351	7	5	7	7	6	7
m.24975	251	6	5	3	2	3	2
m.24984	390	0	0	0	1	1	0
m.25041	188	2	3	3	3	4	4
m.25047	221	3	5	5	3	3	4
m.25100	471	0	0	1	1	0	0
m.25115	481	2	1	2	0	0	1
m.25121	520	1	2	1	1	0	0
m.25139	549	5	6	6	4	3	3
m.25153	155	1	1	0	0	0	0
m.10080	526	6	7	6	9	9	11
m.1141	910	0	0	0	1	1	1
m.25176	115	1	0	0	2	0	1
m.25195	896	0	0	0	1	1	2
m.2520	559	0	0	0	0	2	1
m.25218	280	4	4	3	2	1	2
m.25244	393	1	0	1	1	1	0
m.25260	257	1	1	0	2	1	1
m.25270	173	1	0	1	0	1	0
m.25292	283	0	0	1	1	1	1
m.2531	239	1	2	4	1	1	3
m.11436	297	0	0	0	0	1	1
m.25325	239	2	1	0	1	1	1
m.25327	306	0	0	2	0	0	0
m.2539	1354	2	1	3	0	2	1
m.25409	132	1	1	1	0	0	0
m.25410	350	4	4	4	3	3	4
m.2542	649	2	4	3	0	1	1
m.255	815	1	0	1	1	0	0
m.25538	553	0	1	1	0	1	1
m.25546	453	4	4	4	4	2	4
m.11472	334	1	1	2	2	1	3
m.2558	405	1	0	1	0	0	0
m.25638	115	1	0	0	1	0	0
m.25703	334	0	1	1	0	0	0
m.25761	371	0	1	0	0	0	0
m.25826	146	3	4	3	3	3	2
m.26006	448	27	29	30	19	13	13
m.26013	535	3	2	3	0	0	0
m.26030	262	0	1	1	2	2	2
m.26049	373	0	0	0	1	1	1
m.11482	410	0	0	1	0	1	1
m.26080	182	1	3	3	3	3	2
m.26093	209	1	2	0	1	2	1
m.2611	732	6	7	6	1	3	2
m.26116	135	2	2	2	3	2	4
m.26158	399	0	2	1	1	1	0
m.26179	500	1	1	0	0	0	0
m.26243	545	1	0	1	1	0	1
m.26261	222	0	1	0	0	0	1
m.1149	736	1	2	1	2	2	1
m.26278	149	2	3	3	1	2	2
m.26295	159	0	1	0	0	0	1
m.26336	389	3	3	2	2	3	2
m.26339	197	2	2	4	4	3	3
m.26379	171	1	2	1	2	2	1
m.26381	192	0	1	1	1	0	0
m.26433	413	3	1	1	1	1	2
m.115	216	6	6	5	4	5	5
m.26466	184	2	2	2	2	1	1
m.26467	454	0	0	0	0	1	0
m.2655	450	6	3	4	4	5	3
m.26680	176	2	2	2	1	1	0
m.26683	335	1	0	0	1	1	1
m.26727	287	1	0	1	0	0	0
m.26751	180	0	0	0	1	1	0
m.1152	2284	1	1	2	1	1	1
m.26788	760	7	7	7	8	7	7
m.26880	126	4	4	3	5	4	3
m.26906	143	1	2	2	2	2	1
m.26907	311	2	1	0	0	0	0
m.26926	313	0	1	0	1	0	0
m.26933	140	3	3	3	2	2	3
m.26935	282	0	0	1	0	0	0
m.26940	335	2	2	3	2	2	3
m.26956	495	8	9	8	11	9	9
m.26981	281	2	1	1	3	3	2
m.2705	268	12	10	9	8	7	6
m.27080	181	0	1	0	0	0	1
m.27104	291	0	0	1	0	0	0
m.27111	329	1	1	0	1	1	1
m.27134	171	1	0	0	0	0	0
m.2715	610	10	9	8	5	4	3
m.27234	308	12	11	13	14	16	15
m.11543	385	4	3	5	4	3	4
m.27245	439	0	1	0	0	0	0
m.27343	272	2	2	2	0	0	0
m.2736	403	0	1	0	1	1	1
m.2744	660	1	0	0	1	3	1
m.27472	139	4	3	2	3	3	3
m.2758	817	0	1	1	1	0	0
m.27586	330	2	2	2	0	2	2
m.27600	192	2	1	1	0	0	0
m.11553	214	6	6	6	5	5	4
m.27605	263	1	2	2	1	1	1
m.27613	234	3	3	4	4	3	4
m.27614	142	2	2	2	1	0	3
m.27646	180	2	2	2	1	2	0
m.2765	1329	0	0	0	1	1	0
m.27700	104	1	2	1	2	3	2
m.27731	112	1	1	1	1	1	1
m.27757	157	2	3	4	0	2	0
m.1157	147	2	2	2	2	2	2
m.27778	204	3	1	1	2	0	0
m.27791	585	4	5	4	3	2	4
m.27802	451	1	1	1	2	1	1
m.27813	362	2	3	3	2	2	2
m.2794	658	15	13	15	13	17	14
m.27998	400	4	3	4	4	3	5
m.28013	833	2	6	3	3	3	4
m.11603	537	0	0	1	1	0	0
m.28137	274	2	3	3	3	3	2
m.28144	117	1	1	1	1	1	1
m.28154	158	2	3	3	4	5	5
m.2824	459	3	2	3	4	5	4
m.28313	382	0	1	1	0	0	0
m.284	444	1	2	2	1	1	2
m.28410	144	1	0	0	0	1	0
m.28419	437	1	1	1	0	1	1
m.1163	121	3	3	3	2	5	2
m.28430	410	0	1	0	0	0	1
m.28435	230	2	2	2	1	1	1
m.28438	291	1	1	1	1	1	1
m.2848	287	4	3	2	3	3	2
m.28497	512	0	0	0	0	1	1
m.285	338	1	1	2	0	0	1
m.2853	518	1	2	1	3	2	3
m.28534	505	2	4	1	2	2	2
m.28537	125	3	4	4	5	5	5
m.28546	235	12	14	12	14	15	14
m.11687	197	0	1	1	0	1	1
m.2856	532	7	7	9	8	9	8
m.2860	768	7	8	7	15	13	12
m.28687	461	1	2	0	3	2	0
m.28742	295	3	3	3	4	3	4
m.28770	229	5	4	5	5	6	6
m.2878	281	2	1	1	5	4	3
m.28820	245	5	7	7	4	5	4
m.11717	327	0	0	0	1	2	2
m.28999	107	0	1	0	0	0	0
m.29084	160	3	2	2	0	1	0
m.29115	136	1	2	2	1	1	1
m.29137	625	1	1	1	1	0	0
m.29142	223	1	0	0	0	1	0
m.29192	208	1	1	1	0	0	0
m.29199	285	1	1	2	2	2	2
m.29240	253	4	6	7	4	4	6
m.29299	328	1	1	1	1	1	1
m.29350	356	0	0	0	1	2	1
m.11724	829	1	1	2	2	4	5
m.2936	227	1	0	0	0	0	0
m.29428	193	8	9	11	9	7	8
m.295	166	1	2	1	1	1	1
m.29527	167	3	4	2	1	1	2
m.29582	292	1	0	1	1	1	1
m.297	271	3	3	2	2	3	4
m.11744	384	3	2	3	3	3	2
m.29861	185	15	17	13	9	9	6
m.29888	284	8	9	10	6	6	5
m.29952	124	2	2	1	2	1	0
m.29972	1069	5	4	5	6	3	4
m.3004	377	4	5	3	5	5	3
m.3005	453	1	1	1	0	0	0
m.30054	147	0	0	1	0	0	0
m.3013	523	1	1	1	0	1	2
m.30171	172	1	0	0	1	1	1
m.11754	237	3	2	4	2	2	2
m.30203	117	1	0	2	1	1	3
m.30396	488	14	16	16	14	17	14
m.304	134	3	2	2	3	2	2
m.30404	107	1	2	0	1	2	0
m.30436	263	2	2	1	2	0	0
m.30492	247	4	3	6	4	7	4
m.30496	451	7	5	8	2	2	2
m.30517	248	1	1	1	2	2	1
m.11767	390	0	0	0	1	0	0
m.30602	306	1	1	1	0	0	1
m.3061	248	4	4	2	3	3	3
m.30649	133	0	0	1	1	1	0
m.3088	506	2	1	2	0	2	1
m.3090	880	6	6	5	8	6	5
m.30917	239	1	1	1	1	2	2
m.30927	172	6	4	5	6	9	6
m.30955	229	9	8	9	9	10	8
m.11786	188	0	0	0	1	1	0
m.30965	169	2	4	2	5	4	5
m.30968	150	2	3	3	3	3	3
m.3100	352	0	0	1	1	1	2
m.31184	221	1	1	0	0	0	0
m.3128	439	0	0	0	1	0	1
m.3130	1155	5	3	2	3	0	1
m.31300	423	3	2	4	5	7	4
m.31437	438	2	2	3	0	0	0
