PROTID	PROTLEN	0	0	1	1
m.10038	212	0	1	2	3.5
m.11340	155	3	4	2.5	2.5
m.25826	146	10.5	12.5	14.5	12
m.25869	277	1	2	3.5	2.5
m.25912	450	0	0	1.5	0.5
m.25930	109	0.5	2.5	1	1.5
m.25949	781	0	2.5	3	2.5
m.2600	343	1.5	6	5.5	7
m.26006	448	44	50	61	70.5
m.26013	535	1	1	1.5	1.5
m.26049	373	0	2	2.5	1
m.1135	538	6	10	14	7.5
m.26080	182	0.5	1.5	2.5	0.5
m.2609	814	0	3.5	3.5	4
m.26093	209	1.5	2	2	2
m.2611	732	7.5	12	12	6.5
m.26158	399	2	7.5	8	6
m.26179	500	1	1.5	1.5	1
m.26235	513	0	1	3	3
m.26261	222	0	1	1.5	1
m.26278	149	0	0	3	2
m.2633	542	0	1	1	1.5
m.11354	351	4	4	5.5	5
m.26336	389	1.5	4	2.5	2.5
m.26339	197	2	3	3	3
m.26379	171	1.5	4	4	3.5
m.26409	122	0	1	3	1.5
m.26466	184	0	1.5	7.5	4.5
m.26519	179	0.5	0	1.5	0
m.2654	386	0.5	0.5	0.5	0.5
m.2655	450	3.5	4.5	6.5	5.5
m.266	1469	0	2.5	2.5	1.5
m.26602	100	0	1	1.5	2.5
m.11369	202	2	4.5	3	2.5
m.26650	151	0	0	0.5	3
m.26683	335	0.5	2.5	1	1.5
m.267	1212	0	1	0	0
m.26709	377	0	2	2	0.5
m.26751	180	1	2.5	2.5	1
m.2677	291	1	3	1	1.5
m.26788	760	2	5	7	4.5
m.26871	106	1.5	2	2	2.5
m.26880	126	4	6	5.5	5
m.11382	877	0	1.5	2.5	1.5
m.26896	558	0	0	1	1
m.26907	311	1.5	5	13.5	9.5
m.26926	313	0	0	7.5	4.5
m.26933	140	3.5	4	5	4
m.26940	335	1	1	7.5	7.5
m.26970	515	0	1	1.5	1
m.26981	281	1.5	5	5	5.5
m.2705	268	8.5	11.5	12	11.5
m.27078	180	0	0	9.5	7.5
m.27110	419	0.5	2	1	2
m.1141	910	0.5	3.5	2	0.5
m.27111	329	1	0	1	0
m.27125	414	0	1.5	1.5	0.5
m.2715	610	16	17.5	23	20
m.27183	206	0.5	1	1.5	0.5
m.27197	142	2.5	2	3	3
m.2723	969	0	0	0.5	1
m.27234	308	13	17	22.5	19.5
m.27262	177	0	0.5	0.5	1.5
m.27301	1031	0	1.5	0	0.5
m.11430	456	0	3.5	3	2
m.27343	272	0.5	1	1	1
m.27366	279	0	1.5	2.5	1.5
m.2737	226	0	0	2	1.5
m.27407	217	0	1	0	2
m.2744	660	1.5	1.5	2.5	0.5
m.27472	139	0	1.5	1	1
m.27519	235	2.5	2	3.5	2.5
m.2758	817	0	0	1	1
m.27586	330	1.5	3	8.5	6
m.27605	263	1	3.5	3.5	2
m.11472	334	0.5	4	3.5	3.5
m.27613	234	1.5	6	4	5.5
m.27614	142	3.5	2	4	5.5
m.27625	216	0.5	2	0.5	0.5
m.27628	467	0	0.5	1	0.5
m.2764	1523	0	1	1.5	2
m.27646	180	1.5	3.5	5	5
m.2765	1329	0	2	2	2.5
m.27658	363	0	0.5	2	0.5
m.27664	165	2.5	5	4.5	6
m.27700	104	3.5	4	5.5	6.5
m.1149	736	0	1.5	1	0.5
m.27714	423	0.5	1	1	2
m.27772	428	0	3.5	2.5	2.5
m.27778	204	0.5	2	3	3
m.27791	585	3	3	12	5.5
m.27802	451	1	1.5	1.5	2
m.27813	362	1.5	2.5	2.5	4
m.27871	99	3.5	3	0.5	3
m.2794	658	19.5	23	41	29.5
m.27948	285	0.5	2.5	5	3
m.27998	400	4	8	7.5	5
m.115	216	5	9	12.5	11.5
m.28013	833	2.5	3	3	1.5
m.28097	108	4.5	1.5	4.5	2
m.28137	274	2.5	2	3	3.5
m.28144	117	0	0.5	1	0.5
m.28154	158	1.5	1	2	2
m.2824	459	2.5	2	4	5.5
m.28256	203	2	2	4	2
m.28278	688	0	3.5	8	7.5
m.28313	382	0	0	1.5	0
m.28364	198	0	0	0	1
m.1005	498	6.5	11	16.5	14.5
m.1152	2284	0	1.5	1	0
m.284	444	4	7	7	6
m.2841	371	0	3	0.5	1
m.28413	203	1	3	1	2.5
m.28419	437	1	1.5	4	3
m.28422	153	1.5	0	0	2.5
m.28430	410	2	4	6	6.5
m.28435	230	4	4.5	7.5	5
m.28438	291	0.5	3	4.5	3.5
m.28488	234	0	0	1.5	0.5
m.285	338	0	0.5	2	2
m.11543	385	11	11	9	10.5
m.28519	329	4.5	5.5	6.5	4.5
m.2853	518	1	3.5	3.5	5
m.28534	505	10	9.5	8	3
m.28537	125	1	2.5	1.5	1.5
m.28546	235	11.5	17	24.5	27
m.2856	532	8	14	24	25.5
m.2860	768	9	15.5	19.5	19
m.28620	138	0	1	3	1.5
m.28662	374	2	1.5	4.5	11.5
m.28742	295	1.5	3	3	4
m.11553	214	6	9.5	11.5	10.5
m.28770	229	1	0	2	1
m.2878	281	3	2	13	9.5
m.28820	245	2.5	7	11.5	10
m.28880	200	0	1	0.5	1
m.28999	107	1.5	3.5	1	1
m.29	104	5	5	4	4
m.29084	160	1.5	2.5	4.5	4
m.29137	625	0.5	3.5	2.5	3
m.29142	223	0	2	3	4
m.29240	253	3.5	5.5	7	8.5
m.11561	392	0	0	0.5	0.5
m.2928	364	0	1	1	1.5
m.29291	227	0.5	0	0.5	0.5
m.29299	328	0.5	3	5.5	3.5
m.29350	356	0	1	1.5	0
m.29428	193	6	7.5	11.5	14.5
m.29450	117	2	1.5	0.5	0
m.295	166	2	4.5	9	8
m.29523	191	4	12	10	16
m.29527	167	0.5	1.5	3	0
m.29546	408	1.5	1.5	1.5	0
m.11603	537	0	0.5	2	2
m.29573	135	2.5	5.5	6.5	4.5
m.29601	249	1	1	3	2
m.29602	100	0	1.5	2.5	2.5
m.29606	138	2	1.5	2	1
m.29634	1184	0	0.5	0	0
m.297	271	1	1.5	3	3
m.2970	816	0	0	6	8
m.2971	483	0	1.5	3.5	2
m.29844	459	0	1	3.5	2.5
m.29861	185	15.5	15	16.5	19
m.1163	121	5.5	6	2.5	1.5
m.29888	284	3.5	3.5	6	4.5
m.29952	124	2.5	4	4	4
m.29972	1069	1	5	4	5
m.3004	377	2.5	5.5	4	2
m.3005	453	8	11.5	15.5	16
m.30091	627	0	1.5	0	1
m.30104	442	2.5	14	12.5	10
m.3013	523	0.5	1	2.5	1.5
m.30171	172	1	1	1	1
m.30203	117	1.5	3.5	5	5
m.11636	357	0	1	2.5	2
m.3027	702	0	0.5	2	1
m.3029	290	1	1.5	2.5	2.5
m.30295	390	11.5	11	12	11
m.30322	115	0	0.5	1.5	1.5
m.3037	1596	1	0.5	1	0
m.30396	488	20.5	24.5	33.5	29.5
m.304	134	0.5	2.5	2	2.5
m.30404	107	1	1	3	4
m.30436	263	0	1	1	1
m.11687	197	0.5	1	1	1
m.30485	225	0	0.5	0.5	2.5
m.3049	769	0	0	1	0
m.30492	247	7.5	6.5	8	11.5
m.30496	451	1.5	5	7	11
m.30517	248	3	6	7	5
m.30602	306	1.5	5	3.5	4
m.3061	248	1.5	3.5	4	4
m.30649	133	3	4.5	8	8
m.308	201	5	4.5	2	3
m.3082	374	0	2.5	3	1
m.11700	147	0	0	4	3.5
m.3090	880	4	8.5	9.5	8.5
m.30904	460	0	0	0	1.5
m.30909	383	0	0	0.5	1
m.30917	239	0	3.5	3.5	4
m.30927	172	21	26.5	28	29
m.30955	229	10.5	13.5	12.5	10.5
m.30957	121	0	2	2	2.5
m.30965	169	2	3	4.5	3
m.30968	150	4	5	5.5	6
m.3100	352	4	7	7.5	6.5
m.11721	335	0.5	0	2	0.5
m.31184	221	1	2.5	8	11.5
m.31187	410	0	0	0.5	0.5
m.3130	1155	2	8	9.5	8.5
m.31300	423	1	5.5	5.5	6
m.3134	211	0.5	3	0.5	0.5
m.31437	438	2.5	4	5	4
m.31443	176	0.5	0.5	2	2.5
m.3146	160	2	3.5	3	2
m.31460	197	0.5	6	5.5	4.5
m.31506	166	0	1	1	0
m.1007	159	0.5	1.5	2	1
m.11724	829	1.5	9	6.5	8
m.3153	509	1.5	2.5	4	4.5
m.31542	149	1.5	0.5	0	0
m.316	240	2	2	5.5	3
m.31623	358	4.5	6.5	6	6
m.31625	195	1	3.5	3	3
m.3168	200	0	0	0.5	0.5
m.317	569	0	1	3	2.5
m.31712	115	2	3.5	6	7.5
m.3172	280	1	2	3	2.5
m.11725	118	0	1.5	1.5	1
m.31755	194	0	1	0.5	1
m.3177	109	1	1	2	1.5
m.3187	131	3.5	2.5	7	6.5
m.31925	182	0	0.5	1	0.5
m.31948	99	0	1	2	1
m.31989	241	8.5	9	9.5	11.5
m.32071	562	1.5	2.5	3	3.5
m.32074	263	0	0	0	0.5
m.32095	297	0.5	1	2	1.5
m.32107	309	2	1	3	2
m.11740	629	0	1	1.5	1
m.32183	330	0.5	0.5	1	0.5
m.3220	414	1.5	4	7.5	4.5
m.3221	325	3	7.5	7.5	7.5
m.32284	203	1	1	0	0.5
m.323	492	2	6	11	6
m.32350	106	0	1	1.5	0
m.32357	153	2	2.5	3.5	2
m.32358	194	1.5	0.5	1	0.5
m.32359	150	0	2	0	1
m.32372	367	0	0	1	0.5
m.11744	384	0	1.5	2	3
m.32400	152	11	16.5	18	14
m.32403	306	0.5	0	2	1.5
m.32424	125	0	1	0.5	1
m.32437	322	4.5	9	8	9
m.32472	518	0	0	0.5	0.5
m.3251	282	1	3.5	2.5	2
m.3255	868	2	2.5	5.5	5
m.32551	99	1.5	1.5	1.5	0
m.32564	491	0	0	0.5	0.5
m.32621	249	0	1.5	1.5	1.5
m.11754	237	5.5	4.5	3.5	2.5
m.32635	153	4	5	5	5.5
m.32645	340	0	0.5	0	1
m.3273	568	0	0	0	0.5
m.3276	306	0	0.5	1	0.5
m.32828	176	6.5	11.5	11	10
m.32831	225	1.5	3.5	11	4.5
m.3284	767	0	0.5	0	0
m.32846	176	0	0	0	1.5
m.32852	395	0	0.5	4	4.5
m.33026	112	3	4	4	4
m.11767	390	0	0	0.5	0
m.33059	120	1	1.5	2	1.5
m.33136	368	0	1	3	1.5
m.33138	222	0	1	0.5	0.5
m.33160	897	0	0	0	1
m.332	282	36	45	59.5	58
m.33261	166	1	1.5	2	1.5
m.33410	147	1	1	1.5	0.5
m.33455	109	3.5	3.5	5	5.5
m.3347	452	0	0	0.5	1.5
m.33471	155	0	1	2.5	4
m.1177	593	0	1	0.5	0
m.33472	425	1	2	7.5	5.5
m.33492	113	0	1.5	1	1.5
m.33503	162	1.5	4	4	3
m.33514	310	3.5	5.5	3	2.5
m.33520	102	0	0	3	0
m.33573	158	0	0.5	2	3
m.33585	222	1.5	4	3.5	4.5
m.33765	180	0	2	1	0.5
m.3377	199	6	6	5.5	5
m.33823	263	2.5	6	9.5	9.5
m.11786	188	1.5	3	7	5
m.33851	449	0	0.5	2	0
m.33885	143	0	2.5	1	1
m.33899	140	2.5	3	1	1.5
m.34056	168	1	4	6	4.5
m.34074	300	0	2.5	2.5	1.5
m.3410	419	2	3.5	2.5	3.5
m.34124	301	0.5	2	1.5	3
m.34153	162	0	0.5	1.5	1
m.34157	102	8	10.5	20.5	13
m.34189	296	2	7.5	3.5	4
m.11819	281	1.5	1	3	1.5
m.342	284	6	7	18.5	17
m.3422	302	0	1	0.5	1.5
m.34230	432	0	2	1.5	0.5
m.34307	327	0	1.5	2.5	1.5
m.34320	345	2	5	8	5
m.34388	510	0	1.5	2.5	2
m.34425	200	1.5	2.5	3	3
m.3444	334	1.5	3	2	3
m.34462	419	3.5	4	6	7
m.11826	566	1.5	3.5	3.5	3
m.34493	172	7	4	6	8
m.34529	167	1	0.5	1	0
m.34604	140	3.5	3	3	2.5
m.34605	160	0	1.5	0.5	0.5
m.3462	8400	7.5	28.5	31	22.5
m.3463	3039	1.5	13	13.5	12.5
m.34688	318	1.5	3	3	2.5
m.34690	147	0.5	1.5	2	2
m.347	455	15	14.5	36.5	35
m.34713	109	0	0	2.5	2
m.10080	526	11	14.5	14.5	15
m.11831	212	0	2.5	5	1
m.34768	124	0	0.5	0	0
m.3477	1085	8	11	23	23.5
m.34772	240	0	1	2	1.5
m.34789	370	0	0	0.5	0.5
m.348	295	9	6	8	6
m.34960	270	0	0.5	1	1.5
m.34980	153	0	1	1	0.5
m.34991	288	2.5	2	5	4
m.34996	174	0	0.5	2.5	1
m.35068	261	0.5	1.5	0.5	0.5
m.11832	897	3	8	11.5	11.5
m.35071	140	3.5	2.5	2.5	3.5
m.35100	307	0.5	1	1	0.5
m.35136	334	1	2.5	1.5	3
m.35147	172	0.5	2	3	2
m.35243	207	0.5	1	0	1
m.35307	214	0.5	0.5	2.5	2
m.3535	553	0.5	1	1.5	2.5
m.3543	203	0.5	1.5	1.5	1
m.3547	337	0	3	0.5	1
m.3549	388	0	1	0.5	1.5
m.355	256	26	30	33.5	35
m.35511	123	0	2.5	2.5	2
m.35564	204	1.5	1.5	3	3
m.3565	211	1.5	3	5	6.5
m.357	733	0.5	0.5	1	0
m.35843	140	1	1.5	1	0.5
m.3586	360	0	1	0	0
m.35895	213	1.5	1.5	1.5	1.5
m.35911	133	5.5	6	10	10
m.36003	135	1	2	3	2.5
m.11842	252	0	1	3.5	3
m.3601	988	0	0	0	1
m.36024	385	7.5	11.5	16	18.5
m.36124	147	2	2.5	2	4
m.3619	642	0	1	0.5	2
m.362	112	0	0	1	1
m.3621	404	0	0.5	1.5	1.5
m.36235	154	3.5	4	6.5	5.5
m.3627	290	2.5	6.5	4	5.5
m.36293	247	0.5	1.5	3.5	1
m.36294	179	1	1	2.5	0.5
m.11876	224	2	3	2.5	1.5
m.36295	190	0	0.5	0.5	0.5
m.36305	120	0	0	2	0.5
m.36358	231	0	1.5	3.5	2.5
m.36412	362	0.5	1.5	2.5	0.5
m.365	460	5.5	13.5	26	25.5
m.36655	249	2	2	1.5	2
m.36657	206	2	1.5	7	7
m.36658	156	3	6.5	7	5.5
m.36659	126	0	0.5	3	2.5
m.3666	213	26.5	33	34.5	31
m.1188	293	3	7	7	6
m.36731	170	4.5	8	5	5.5
m.3675	482	1.5	3	5.5	2.5
m.3689	731	1.5	4.5	2.5	4.5
m.3691	708	0	1	4.5	2
m.37188	283	1	1	0.5	1
m.3723	105	0	0.5	2	2.5
m.37396	133	2	6.5	5	5
m.37474	159	3.5	6.5	10.5	14.5
m.11907	647	0	1	2	0.5
m.3760	164	0	1	1.5	1
m.37732	163	0.5	3	0.5	0.5
m.3779	703	0	0.5	3	2.5
m.37794	114	0	0.5	0	0
m.378	200	8.5	10.5	14.5	13.5
m.37819	132	0	0	1	1
m.37833	126	0	8.5	6.5	8
m.37922	139	2	2	2	2
m.37941	99	1.5	1	0	1
m.37958	188	0	0	1	0
m.11921	315	2	3	4	5
m.37962	437	4	4.5	4	3.5
m.37963	226	1	1.5	1	2.5
m.38034	178	0	1	1.5	1
m.38037	198	5	6	10.5	10
m.38038	462	2.5	3	9.5	7
m.38073	190	1.5	2	2.5	3
m.3808	609	13.5	20	25	24
m.3817	410	0	0.5	0.5	0.5
m.38264	113	0	1	1.5	1
m.38396	326	0	1	1	1
m.11924	283	0	0	0	0.5
m.384	422	73	100	102	93
m.38468	195	2.5	2.5	2.5	4.5
m.38478	153	1.5	1	1.5	2
m.38537	209	0	1	1.5	1
m.38555	178	1	1.5	1.5	1.5
m.38571	236	0.5	1	2.5	0.5
m.386	335	4	6.5	10	7.5
m.3861	463	0	1	1.5	1
m.38692	194	0	1.5	1	2
m.3871	422	1	1	1.5	0
m.11933	202	0.5	1	1	1
m.38847	116	0	1.5	2	0.5
m.39	352	1	1.5	2	0.5
m.3914	142	3	4.5	4	3
m.3929	668	0	1.5	1.5	1
m.3936	244	3	5.5	7.5	6
m.395	594	1	5	6	7
m.3953	259	0	1.5	3	4.5
m.3970	459	0	2	2.5	2.5
m.3978	582	2.5	7.5	11.5	11.5
m.3981	180	0	1.5	4	4
m.10093	673	0	1.5	3.5	1.5
m.11960	265	0	0.5	1.5	2
m.3991	359	1.5	2.5	5	2
m.4	1370	18	38.5	48	47
m.4026	349	4	4.5	3	2.5
m.405	356	0	2	2.5	2.5
m.408	537	0	4	3.5	3.5
m.4092	124	10.5	17	18	22
m.4111	173	0	0.5	1.5	1
m.4131	303	2.5	1.5	2	1
m.416	307	1	3.5	9.5	5
m.4166	132	0	0.5	0.5	0.5
m.11993	245	0	1.5	1.5	1
m.4186	1024	0	0.5	1	1
m.4192	379	1.5	5.5	4	3
m.4199	411	0.5	1	1.5	1.5
m.4212	929	10.5	17.5	21	18
m.4224	397	2.5	9	9.5	12.5
m.4229	273	0	1	6	2.5
m.423	229	7.5	9	8	9
m.4233	452	1	1	2	3.5
m.4250	288	13.5	17.5	18	22
m.426	811	1	6	10.5	8.5
m.12002	156	0	2	2	1.5
m.4268	630	0	0	0.5	1
m.427	250	0	2	1	2
m.4279	306	0	1	2.5	1
m.428	332	3	3	4.5	3.5
m.429	369	0	0	0.5	0
m.43	257	0	0.5	0.5	1.5
m.4304	248	0.5	1.5	1.5	2
m.4309	396	0	0	0.5	0
m.431	153	0	0	2	1.5
m.4326	136	1	1.5	1.5	3.5
m.12007	433	3.5	8.5	9	9
m.4327	322	0	2.5	6	4.5
m.4353	392	3	5	7	5.5
m.4356	640	4.5	6	10.5	10
m.4358	403	1	3	4	3.5
m.437	429	0	1	3	3.5
m.4371	294	0	0.5	0	1.5
m.4377	263	0	0.5	2	2.5
m.4386	383	1	4	5	4
m.4387	576	0.5	0.5	1	0
m.4396	851	0	1	2.5	1.5
m.12009	511	0.5	0	2.5	1
m.4397	158	0	1	1.5	0
m.441	423	5.5	14.5	22	19
m.4416	678	1	2.5	0.5	0.5
m.443	202	2.5	2.5	2.5	1.5
m.444	342	3	0	0	0.5
m.4449	151	1	1.5	0.5	0
m.4453	365	0	1	2.5	3
m.4511	317	0	0	1	1.5
m.4533	744	1	0.5	0.5	0.5
m.454	722	0.5	2.5	3	3.5
m.12035	180	3	2.5	3	2
m.4541	228	0	0	0.5	0.5
m.4567	294	0	2	2	3
m.4575	193	0.5	1	2	0.5
m.458	572	1	1	1	1
m.459	339	2	3.5	6.5	7.5
m.4593	1009	1	7	8	7.5
m.460	402	8	12	11.5	13.5
m.461	891	0.5	0.5	3	2.5
m.4616	493	0.5	1.5	3	2
m.462	353	4.5	6.5	6.5	7
m.12048	569	7	12	15	17
m.4637	291	0	0	2	1.5
m.4641	249	0.5	2	1	2
m.4645	459	0	0.5	0	0
m.4694	414	5.5	10.5	14	12.5
m.47	1132	1	1.5	1.5	1
m.471	360	0	1.5	0	0
m.4728	213	2	7.5	6.5	7
m.473	628	2	7.5	14	16
m.4733	390	0	0	1	1
m.474	402	0	2.5	1	2
m.12056	309	0	2	2	3
m.4747	349	11.5	12	10.5	12
m.4759	223	3	8	10.5	5.5
m.4808	367	0	1	0.5	0
m.481	1150	2.5	14	18	14
m.4811	467	0	0	1	0
m.4845	303	0	0.5	0	0
m.4855	1250	1.5	0.5	0	0
m.4863	154	0	0	0	1
m.4876	497	7	10.5	14	13
m.4878	331	7.5	11	21.5	22.5
m.12069	191	0	0.5	0	0
m.4883	240	0.5	2	1	2
m.4889	468	0	1.5	2	3
m.4892	422	0.5	1	3.5	0.5
m.4894	508	0	2	1	2
m.4897	319	6.5	6	16.5	11.5
m.4900	202	4.5	5	5.5	5.5
m.4903	2982	3	1.5	2.5	2
m.491	248	5.5	7.5	16.5	14
m.4911	552	62.5	72	78.5	67.5
m.4921	158	6	9.5	11	12
m.12097	491	0	0	0.5	0.5
m.4923	315	5.5	16.5	14	14
m.494	400	6.5	8.5	6.5	6.5
m.4943	647	29	32	43	48.5
m.4946	322	0	1.5	2	2
m.4958	221	0	1	1.5	1
m.4968	676	0	2.5	1	1.5
m.4969	645	0	0	0.5	0
m.4974	208	1.5	6	5.5	4
m.4978	368	27	34	33.5	32.5
m.4988	204	1.5	4	4.5	4.5
m.10111	222	0	1	1.5	1.5
m.1215	381	1.5	3	7	6
m.4990	351	0	1	2	0.5
m.4998	325	1.5	2	4.5	2
m.500	227	0	2	1.5	1.5
m.5003	527	0	1.5	1.5	0.5
m.5005	481	11.5	16.5	27	26
m.5012	2350	60.5	76.5	91.5	92.5
m.5020	224	4	9.5	9	11
m.5022	151	9.5	11	13	12
m.5026	617	0	1	0	0.5
m.5028	1007	18.5	26.5	28	27.5
m.12175	403	1.5	4	5.5	4.5
m.5036	327	3	3	2.5	3
m.5038	1493	0	0.5	0.5	0.5
m.5056	403	4	4.5	4.5	4
m.5061	506	8	11.5	16.5	10
m.5062	346	15	13	13	11.5
m.5064	342	1	6.5	11	11
m.5076	1105	2	6	6.5	7
m.508	371	1.5	4.5	7.5	7.5
m.5080	107	3	1.5	4.5	2.5
m.5081	198	5	8	10.5	12.5
m.12185	535	2	4	0.5	0.5
m.5109	131	1.5	2	2.5	2
m.5113	272	6	8.5	10	9.5
m.5116	342	0.5	0.5	2	1.5
m.5120	694	19	22.5	25	21.5
m.5128	376	3.5	3.5	2.5	4
m.5142	151	2	6.5	6	5.5
m.5146	126	4	7.5	8	7.5
m.5147	416	2	11.5	14.5	14.5
m.5148	167	2	2.5	3	2.5
m.515	303	0.5	1.5	2	2.5
m.12229	471	21.5	23	28.5	22.5
m.5150	488	1	2.5	5	2.5
m.5161	451	1.5	3	7	4.5
m.5169	263	0	0.5	0	0
m.5172	212	0	0	1	0.5
m.5182	409	14.5	13	11	10.5
m.5185	122	0	0	2.5	2.5
m.5186	242	35.5	35.5	49	42.5
m.519	515	5	9	19.5	13.5
m.5191	2106	5	12	19	19
m.5199	639	1	3.5	7	4
m.1223	739	1.5	3	3.5	2.5
m.5203	1963	0	0	1	1.5
m.5212	302	0	0	1	3
m.5216	1018	0.5	2.5	1	1.5
m.5248	375	0.5	0	1	2
m.5250	227	2.5	2.5	2.5	2
m.5253	335	22.5	24.5	34	34.5
m.5256	138	1	3.5	6	6
m.5258	222	0.5	2	2	2
m.5266	746	0.5	3	2.5	1.5
m.5277	148	1	2.5	2.5	1.5
m.12238	232	9.5	16.5	16	16.5
m.5288	344	0	0	0	1.5
m.5290	1690	9.5	28.5	30.5	26.5
m.5296	670	0	2.5	1.5	1.5
m.5305	270	2	3.5	4.5	5
m.5309	1972	94	117.5	160	149
m.531	580	2	10	17.5	20
m.5315	882	1.5	7	15	9
m.532	113	4.5	4	4.5	3.5
m.534	225	1	2	8	15.5
m.5346	119	0	1	2	2
m.1225	1047	0	2.5	2	1
m.535	370	0.5	1.5	0.5	0
m.5352	328	0	1	1	0
m.5354	547	4.5	9.5	11	10
m.5364	172	5	5	10.5	8.5
m.5369	500	3.5	4	5	5
m.5376	135	1	2.5	2	2
m.5382	195	2	3.5	3	3.5
m.5390	842	3.5	6.5	7	7.5
m.5398	324	0	1.5	1	1.5
m.5400	164	6.5	7	7	6.5
m.12306	644	0	0	1	2
m.5401	114	0.5	2	1	2.5
m.5403	461	9.5	11.5	22	14.5
m.5407	595	2	7	9	8
m.5413	216	1	1.5	1	0.5
m.5415	188	2.5	3	4.5	4.5
m.5416	476	1.5	4	2.5	1
m.5422	1121	2.5	5.5	9	8.5
m.5425	415	17.5	27.5	36.5	33.5
m.5441	307	2	3	2	3.5
m.5442	167	9.5	14.5	15	15
m.12334	1458	3	2	1.5	2
m.5457	390	0	0	2	1
m.5459	641	0	0	1.5	0.5
m.5465	622	7.5	9	11.5	11
m.5473	170	0.5	3	3.5	6
m.5478	219	0	0	2	1
m.5484	707	0	1.5	4	3
m.5487	105	2.5	5	8.5	4
m.5493	248	0	1.5	0	0
m.550	489	20.5	25.5	33	34.5
m.5507	231	0.5	1.5	2.5	2
m.1235	511	0.5	2	3.5	5
m.5516	387	3.5	4.5	6	3.5
m.552	338	7.5	5	9.5	8
m.5522	429	3	5	4	3
m.5525	456	9	13.5	16.5	14
m.5528	192	3.5	3.5	4.5	3
m.5538	480	8.5	9	12.5	10.5
m.5566	116	1	1	1.5	2.5
m.5581	320	1.5	1	1.5	1.5
m.5583	175	0.5	2.5	4	4.5
m.5593	175	0	0.5	1	2
m.1013	969	0	0.5	0.5	1
m.12366	358	0	0	0	2.5
m.56	236	3.5	4	8.5	8
m.5603	203	1	3	4	4
m.5605	166	4	4	6	6.5
m.5606	190	2	0	6	3.5
m.5611	317	6.5	16	15	18.5
m.5613	134	2	8.5	6	6
m.5618	330	3	0.5	1.5	4
m.5620	959	0.5	4.5	3.5	4
m.5624	813	3.5	9.5	14.5	16
m.5628	431	15.5	26.5	27	26
m.1238	450	3	4	4.5	4
m.5643	338	2.5	4.5	4.5	3.5
m.5644	430	9.5	11	14.5	14
m.5659	127	2.5	3	5.5	6
m.5661	257	0	0	0.5	0.5
m.5664	242	10	15	15.5	16
m.5665	346	2	4.5	8	9.5
m.5672	207	0	0	0.5	0.5
m.5676	297	0	0	4	2
m.5677	398	2	5.5	5.5	6.5
m.5680	200	0	0	0.5	0.5
m.12417	694	1	2	2.5	1
m.5686	252	1	1	2	1
m.5692	394	0	0.5	1	1
m.5724	205	0.5	1	14	5
m.5735	289	0	1.5	2.5	1.5
m.5752	384	0	1	0.5	0.5
m.5753	396	1	1.5	3	2
m.5755	241	1.5	1	2.5	2.5
m.578	416	0.5	0.5	1	0
m.579	570	5.5	18	24	25
m.580	344	13	14.5	23	18.5
m.1249	263	3	3	16	7.5
m.5803	326	0	2	1.5	1
m.5804	1293	8	10	14.5	13
m.5811	486	12.5	21.5	23	22.5
m.5859	199	5	5	7	6
m.5862	284	3	3	3	5
m.5867	472	3.5	4.5	6.5	5
m.5868	232	0	0.5	0	0.5
m.5869	404	0.5	2	3	2.5
m.5870	1080	4.5	14.5	19.5	13.5
m.5891	357	1.5	2	3	3.5
m.12517	148	0	1.5	2	1
m.5898	324	0	0	0	1
m.5900	332	0.5	0.5	2	2
m.592	568	1	3	2.5	1.5
m.5924	163	0	1	3	3.5
m.5940	470	8	12.5	20.5	17
m.5946	412	1.5	2	4.5	3.5
m.5947	328	2	2.5	3.5	3.5
m.595	591	6	9.5	10.5	8.5
m.5953	1295	15	29.5	43	34.5
m.5958	540	0	0	0	0.5
m.12521	914	7.5	13	19	19.5
m.5961	726	20.5	38	42	44
m.5976	440	0	1.5	2.5	3
m.5981	145	4	2	6.5	6.5
m.6000	281	5.5	7	11.5	12
m.6006	339	23	24.5	35	27
m.6024	399	2	3	4.5	4.5
m.6025	191	3	6	18	5.5
m.604	626	9.5	7	11.5	10.5
m.6042	807	0	0.5	3	1
m.6043	332	0	0	0.5	0
m.12550	201	2	4.5	4.5	4.5
m.6046	318	0.5	2	2	1.5
m.6058	1126	0	1.5	2	1
m.606	401	9	14.5	18	21
m.6062	535	5.5	5	10	10
m.6067	290	1	0.5	2	2.5
m.6076	413	0.5	0.5	2	0.5
m.6093	277	0	0	1	1.5
m.6098	224	0	0	1	0
m.611	550	4.5	3.5	6	3.5
m.6130	287	8.5	11	16	15
m.12589	426	1.5	2	3.5	3.5
m.6137	829	0	1	0.5	3
m.6149	834	5.5	16	10	10.5
m.6153	459	3	2.5	4.5	5
m.6160	246	3.5	8	11	10.5
m.6161	297	1.5	3	4	2
m.6174	243	12	15	22	18
m.6192	463	7.5	7.5	12.5	15
m.6207	485	0	1	2	0
m.6208	1190	0	1	1	0
m.6212	640	20.5	25	39	37.5
m.12606	311	0	1	1	0.5
m.6219	1290	0	3.5	5	2
m.6233	239	1	2	3.5	3
m.6235	1030	0.5	2	1	2
m.6244	213	0	0	0.5	0
m.625	931	0.5	0	0.5	0
m.6258	470	1	2.5	3.5	4.5
m.6266	564	4.5	17	15.5	16.5
m.6279	328	0	1	2	1
m.628	379	0.5	2.5	2.5	2.5
m.1261	196	1	0	1	1
m.631	168	0	1	0.5	0
m.6338	688	0	0	0	1
m.6354	185	3	3	4	5.5
m.6361	1066	5	6.5	15.5	18
m.6363	693	0	2.5	9	5
m.637	726	0	7	3	4.5
m.6370	313	14	17	16.5	16
m.6400	282	0	1	1.5	2
m.6404	402	0	3	6	3.5
m.6408	422	0	0	0.5	0.5
m.10132	182	0	1	2	1.5
m.12641	187	0	0	1	1
m.6410	391	0	2	2.5	1.5
m.6414	454	2	4.5	4.5	4
m.6433	288	0	2	1.5	1
m.6495	278	1.5	3	3	3
m.650	554	3	7	4.5	5
m.6505	217	0	1	2	2
m.651	113	5.5	6.5	6.5	7.5
m.6511	281	4	5.5	12	9
m.6516	603	0	1	1	1
m.6522	302	9	12	19	16.5
m.12642	195	18.5	22	33.5	30
m.6524	587	19	21.5	25	20
m.6525	168	0	0	2.5	2
m.6534	473	0.5	2	0.5	0.5
m.6554	533	6.5	8	18	14.5
m.6562	225	1	1.5	4	3.5
m.657	677	3	11	8.5	9
m.6574	602	1	7	17	15.5
m.6603	632	2.5	4	3.5	3.5
m.6613	526	0	1	0.5	1.5
m.6614	1203	5	5	7.5	4.5
m.12648	162	0	1	1.5	1
m.6620	708	2.5	3.5	6	2.5
m.6630	215	0	2	0.5	0
m.6645	175	0	0	2.5	1.5
m.6650	137	0.5	2	1.5	0.5
m.6654	227	2.5	4.5	6	4
m.6678	2678	3.5	7	5.5	4.5
m.6688	381	1	2.5	5.5	5
m.6690	123	2	1	3.5	3
m.6698	487	18.5	22.5	35	31.5
m.6700	483	0.5	0.5	0.5	0.5
m.1265	381	1	2	1	2.5
m.6705	727	8	10.5	15.5	14.5
m.671	663	0	0.5	2	2.5
m.6724	676	11.5	17	29.5	19.5
m.673	891	0	0	2	1
m.6735	993	0	0.5	1.5	0
m.6750	260	8.5	11	10	10.5
m.6751	684	0	1.5	3.5	2.5
m.6756	433	0.5	1.5	1.5	1
m.6764	636	0	1.5	8	3.5
m.6777	271	2.5	4.5	4	3
m.12662	470	4.5	7.5	10	12.5
m.6795	338	1	2	2	4
m.681	2015	54.5	57.5	78	81.5
m.6816	173	0	3	1	1.5
m.6822	465	1	2	2.5	2.5
m.6835	423	2.5	3	3.5	2.5
m.6844	389	1.5	9.5	12	15.5
m.6864	607	0.5	1.5	2	2.5
m.6865	1038	0.5	1.5	2	1.5
m.6868	946	1	5.5	13	13.5
m.6883	567	9.5	11	13	13
m.12676	293	0	1.5	3.5	1
m.6915	184	0.5	1	1	2
m.694	857	2.5	5	4.5	8
m.6949	182	0	0	1	1
m.6956	142	0	0.5	0.5	0.5
m.6968	331	0	1	1	0.5
m.6975	388	0	3	3	2.5
m.698	256	1	1	1	0
m.6987	527	0	1.5	1	1
m.6990	479	1.5	5	8	6.5
m.6999	171	0.5	1	1	2.5
m.12686	459	2	3	3.5	2.5
m.70	207	0.5	2	5	3
m.7005	1086	33	38.5	51.5	37.5
m.707	329	0	1.5	2.5	2
m.7103	496	0.5	1.5	3.5	3
m.7107	168	0	0	0	1
m.711	289	0	1.5	1	1.5
m.7111	267	1	1.5	2.5	1.5
m.7115	1367	1	6	7.5	9.5
m.7131	978	4.5	4.5	6	4.5
m.7138	221	0	2	1	2
m.12693	1749	0	3.5	20.5	17
m.7140	275	10	10.5	10	9
m.7154	627	0	0.5	0.5	0
m.7159	1549	2	1.5	2.5	3.5
m.720	102	0.5	0.5	1.5	1.5
m.7206	974	4.5	6.5	8	7.5
m.721	1283	0	2.5	2	1.5
m.7211	854	0	2	2	2
m.7240	672	0	1	1.5	3
m.7242	348	0	1	1.5	1
m.725	200	0	0.5	1	0.5
m.12695	530	0	1	1.5	1
m.7262	373	8.5	14	19.5	18.5
m.7285	870	0	0	0.5	0.5
m.7288	361	2	5	11	6.5
m.7296	413	25.5	31	44	34
m.7297	100	7	8.5	8.5	6.5
m.733	773	5	8	12	11.5
m.7348	315	5.5	10	16	13
m.7362	351	0	0	1	1
m.7372	521	0	0	2.5	1
m.7375	539	1	2	1	1
m.12698	142	0	2	4.5	4.5
m.738	140	11.5	9.5	16	11.5
m.7404	524	90	94	105	115
m.7426	502	17	32	31.5	33.5
m.745	243	4.5	9.5	14	10
m.7457	110	5	7	8.5	10
m.7461	430	4.5	4	14.5	14
m.7469	537	1.5	6	4.5	4
m.7470	329	0	0	0	2
m.7487	461	0	1	0	0.5
m.10135	467	1.5	5.5	4.5	4.5
m.12707	398	4	1.5	0.5	0.5
m.750	800	0	0.5	1.5	0
m.7509	441	0.5	4	7	3.5
m.753	343	2	5	4	2.5
m.755	538	0	2	1.5	0.5
m.7552	386	0	0.5	1.5	0.5
m.7561	417	1	2	3.5	4
m.7582	540	1	5.5	4	4.5
m.7588	415	1.5	1.5	1.5	2
m.7592	467	4	5	13.5	8.5
m.7593	596	2.5	4	5.5	7
m.12716	167	0.5	1	2.5	2.5
m.7595	1291	35	65	64.5	53
m.7600	469	0.5	0	0.5	0
m.7628	331	0	1	0	0
m.7630	342	0	2.5	0	1.5
m.7637	482	2	8	7	5
m.7644	222	0	1	1	2
m.7647	1472	3.5	3.5	5.5	3
m.765	688	0	0.5	5	6.5
m.7658	726	0	2	0.5	0
m.7660	262	0	0	1	0
m.12721	179	0.5	1.5	1.5	1.5
m.7663	465	1	2.5	3	1.5
m.7667	285	3	6.5	5.5	8.5
m.7674	481	7.5	8.5	7	8
m.7691	358	0	0.5	1.5	2.5
m.77	597	31	42	45	45.5
m.772	418	8.5	11.5	22.5	20
m.7741	384	66.5	71.5	85.5	85
m.7744	503	2	2	0	0.5
m.7751	288	6.5	8.5	13.5	18.5
m.7753	1062	0	0	1.5	0.5
m.12725	224	3.5	4	4.5	4
m.7798	205	0.5	1.5	1	1
m.782	388	24	31	41	36
m.7823	187	0	0	1	0
m.7834	739	0	3	4	2.5
m.7836	367	1	1.5	0.5	0.5
m.784	162	0	0	2.5	1
m.785	233	9.5	4.5	1.5	0.5
m.787	428	22	28	35	34.5
m.789	775	0	2.5	2	3
m.791	133	1.5	2	1	2
m.12732	698	8.5	22.5	38	31.5
m.793	584	0	0	1	0.5
m.7945	324	0	0.5	2.5	1.5
m.7961	340	0	0	2.5	2
m.7974	155	1	1.5	2	2.5
m.8003	356	3	4	4	5.5
m.8017	724	2	4.5	4	6
m.8023	472	0	2	1.5	1.5
m.8059	183	0	0.5	2	1.5
m.809	141	1	0.5	1	2
m.81	504	8.5	13	18	21.5
m.12737	490	0	0.5	0.5	1
m.8138	1023	0	0	1.5	0
m.8149	654	1.5	6.5	5	3
m.818	312	0	0	1.5	1.5
m.82	123	0	1.5	1.5	2
m.8222	467	16	23	28.5	27.5
m.8227	922	0	1	3.5	4
m.8232	523	1	3	3	2.5
m.8233	1215	14.5	17	29.5	28
m.8241	512	0.5	1.5	1.5	1.5
m.8246	632	0.5	0.5	0	0.5
m.12740	434	4	6	9	6.5
m.8318	815	0	0	0.5	0.5
m.8342	908	28	35.5	43.5	39.5
m.8376	1390	0.5	3	4.5	2
m.849	171	5.5	5	13	5.5
m.8553	598	0	1.5	1	0.5
m.8574	338	0	0.5	1.5	2.5
m.8594	352	2	3	2.5	2
m.860	473	8	12.5	12.5	11
m.8609	175	2	2	11.5	10.5
m.8622	179	0	1.5	1.5	1.5
m.12744	483	0.5	4	4	2
m.8646	552	0	0	0.5	1
m.865	271	5.5	3	13	8
m.8693	201	2	4	4	4
m.8696	278	0.5	2.5	1.5	2
m.8700	316	0	1.5	2	2
m.8703	160	0.5	2	2.5	2.5
m.8709	507	0.5	3.5	5	5
m.873	140	2	6	6	5.5
m.8730	570	1	2.5	5	2.5
m.8735	575	0	2	1	1.5
m.12757	255	4.5	5	7.5	5.5
m.8756	335	0	0.5	0	1
m.8796	376	0.5	5.5	6.5	5.5
m.8799	389	4	3.5	14	11
m.8820	398	0	0.5	0.5	0
m.886	1029	1	0.5	0.5	0
m.8870	312	12	10	17.5	18
m.8872	406	6	8.5	11	11
m.8875	267	2	3.5	5.5	9
m.8877	241	2.5	5.5	5	5
m.8885	757	1.5	14	35.5	24.5
m.1276	494	0	0.5	2.5	1
m.8900	399	11	10.5	14	14
m.8901	709	0	0.5	0	0.5
m.8908	660	0	2	0	1.5
m.8913	420	0.5	2	3.5	3
m.8914	480	1	2	1	2
m.892	692	0	3.5	9.5	9.5
m.8928	359	7	8	9	8
m.8936	197	1	3	3.5	3.5
m.8939	146	2	3	2	2.5
m.8941	216	0.5	4.5	8	9
m.10138	474	2.5	2	2.5	2.5
m.12762	252	6	10.5	17	15.5
m.8943	224	1.5	1.5	1.5	1.5
m.8947	2092	3	9.5	6.5	10
m.8953	221	5.5	6.5	7	8.5
m.8954	500	2.5	7	6	6
m.8957	494	0	3	2	2
m.8982	213	0.5	1.5	6	7.5
m.8984	345	0	1	2	1
m.8991	306	9.5	13	16	15
m.90	277	0.5	1.5	1.5	0
m.9006	624	0	0	1	0
m.12764	395	1	1	6	7.5
m.9013	389	6	7.5	7.5	6
m.9015	170	7	8.5	5	6
m.9022	1133	20.5	24.5	30	28
m.9023	1893	0.5	0.5	0	0.5
m.9029	177	0	0.5	0	0.5
m.9034	345	1	0	0.5	0.5
m.904	870	0.5	4	6	9
m.9051	213	4.5	10	10	10.5
m.9052	1364	1	5	4.5	5.5
m.9058	352	8	8	17	13
m.12770	763	0.5	2.5	4	4.5
m.9072	179	2	0.5	1.5	3.5
m.9073	508	4.5	9	11.5	11
m.9086	773	9	19.5	19	19
m.9089	726	3.5	5	4	5.5
m.9097	494	3.5	2.5	3.5	2.5
m.9104	238	0	0	0.5	0
m.9109	151	2	2.5	3	3.5
m.911	192	0	1.5	2.5	2
m.9110	140	3	2	5.5	4.5
m.912	124	0	1	0.5	1
m.12774	857	0	0	0	0.5
m.9122	382	1	2.5	3	2
m.9133	155	1.5	2.5	5	5
m.9135	505	1.5	2.5	5	3
m.9137	549	12	10	18.5	15.5
m.9141	173	0	2.5	2	4
m.915	457	0	1.5	1.5	2.5
m.9151	279	2	4.5	1.5	2
m.9167	564	6.5	11.5	12.5	12
m.9170	543	0	2.5	3.5	2.5
m.9176	257	2	3	6.5	7.5
m.12783	327	0	1	1.5	2.5
m.918	345	4	6	11	8
m.9181	139	1	1.5	3.5	4.5
m.9193	136	0	0.5	2.5	2.5
m.9195	251	0.5	1	1	1
m.9200	158	0	0.5	1.5	1.5
m.9206	260	0	0	0.5	0.5
m.9224	322	0	1.5	5.5	7.5
m.9226	462	17.5	18.5	23	20.5
m.923	391	0.5	0.5	2.5	1
m.924	786	2.5	11	15	12.5
m.12790	138	3	3.5	5.5	3.5
m.9242	256	1.5	4	2	3
m.9252	695	0	1	0.5	0
m.9253	509	1	3	2.5	2
m.9267	132	0	1.5	2	1
m.9284	447	11.5	15.5	13.5	11.5
m.9290	1260	0	0.5	1	1
m.9295	226	1	1.5	3	2
m.9312	311	1	0.5	3	3.5
m.9319	314	1	4	7	4.5
m.9320	149	0	0.5	2	0
m.12795	196	0	2.5	3	2
m.9322	625	4.5	8.5	10	9.5
m.933	881	0	0	0.5	1
m.9331	568	0	0	3	3
m.9340	260	0.5	0	2.5	2.5
m.9341	306	0	3.5	3.5	3.5
m.9342	193	3.5	6.5	8.5	8.5
m.9366	437	0.5	1	2	2
m.9386	745	0	0	0	1
m.9389	756	0.5	0	1	1
m.9399	268	6.5	8	16	10
m.12796	156	5.5	10	8.5	8
m.940	484	0.5	5	8	6
m.9408	224	0	2	4.5	4.5
m.9411	328	7.5	8	13	11
m.9432	802	2.5	6	7.5	8.5
m.9440	538	0	1	1.5	0.5
m.9443	895	0	3.5	2	2.5
m.9447	704	8.5	6	8	6
m.9474	609	1	2.5	1.5	1
m.9478	1342	15.5	26.5	46	37.5
m.948	269	2.5	2	5.5	7.5
m.1281	317	0	0	1	1
m.949	153	6.5	11.5	11	8
m.9498	636	0.5	0	0	0.5
m.9510	372	0	1.5	0.5	0
m.9511	681	2.5	11.5	11	11.5
m.9524	422	0	3	3.5	4
m.9527	577	1.5	3	3.5	2
m.9546	175	1	5	5.5	6
m.9560	412	1	3.5	3	3
m.9561	429	4	7	10	5.5
m.9566	251	1	0	1.5	2
m.12810	529	7.5	8	12	12
m.9578	173	2.5	7.5	40.5	32.5
m.9587	410	0.5	1	2	2
m.9595	223	28.5	38	38.5	40
m.9596	217	0.5	2.5	2	3
m.9604	530	0	0	1	3
m.9613	714	0	0	0.5	2.5
m.9621	354	0	0	0	0.5
m.9627	515	0	0.5	0	0
m.9628	960	0.5	2	4	3
m.965	551	8	9	16.5	14
m.10146	361	0.5	0	2	1
m.12818	193	3.5	7	3.5	6.5
m.9652	236	10	9.5	11.5	12.5
m.9654	1097	0	2	1	1
m.9689	170	7.5	8.5	12	12.5
m.9699	450	14.5	19.5	42.5	40.5
m.9713	489	0	0.5	1.5	0
m.9734	585	1	0.5	1.5	1.5
m.9740	719	0	1	0.5	1
m.9753	748	7	9.5	12.5	11
m.9756	182	1	4.5	6.5	9
m.9774	382	2.5	6.5	3	4
m.12824	377	11.5	17	20	19.5
m.9778	264	1	1	4	3
m.9816	202	1.5	3.5	4	3
m.983	610	0.5	1	1.5	2
m.9837	123	0	0	2	2
m.985	403	0	2	0	1
m.9853	405	0.5	2	3.5	4
m.9873	222	3.5	5	7.5	8
m.9880	463	0	0	1	1
m.9881	429	0	3.5	0	3
m.9886	890	0.5	4.5	3.5	3
m.12825	688	0	0.5	1	0.5
m.9891	150	4.5	8	11.5	9.5
m.9896	824	0	1	1.5	1
m.9912	268	0	1.5	1.5	1
m.9927	451	0	1	2	1
m.9935	160	3	3	3.5	3.5
m.9939	196	2.5	3	4	2.5
m.9956	418	0	1.5	3	3.5
m.9972	351	7.5	6	7	6.5
m.9986	274	4.5	7.5	7	8
m.9987	752	0	0	1.5	0.5
m.12826	335	0	0.5	0.5	1
symbB1.EST_k37c20_10192|m.23590	575	17	20.5	25	20.5
symbB1.EST_k37c20_10199|m.23603	313	1	1.5	4	2
symbB1.EST_k37c20_1036|m.2331	146	2	2	2.5	2
symbB1.EST_k37c20_10952|m.25393	404	2.5	0.5	3.5	2
symbB1.EST_k37c20_11005|m.25482	479	1	1	1.5	0
symbB1.EST_k37c20_11157|m.25744	424	2	0.5	0.5	1
symbB1.EST_k37c20_11310|m.26082	319	0	0.5	2	1
symbB1.EST_k37c20_1169|m.2671	307	5.5	5.5	9	9.5
symbB1.EST_k37c20_12165|m.28039	1291	0.5	0	1	0.5
m.12829	263	0	1	2	2.5
symbB1.EST_k37c20_12472|m.28674	778	1	0.5	0.5	0
symbB1.EST_k37c20_12680|m.29198	525	0.5	1	2	1
symbB1.EST_k37c20_12825|m.29527	152	0.5	0.5	0	0
symbB1.EST_k37c20_13424|m.30860	415	0.5	0	3.5	0
symbB1.EST_k37c20_1348|m.3129	292	1	1	2.5	1.5
symbB1.EST_k37c20_1369|m.3168	235	1.5	4	4.5	1.5
symbB1.EST_k37c20_13945|m.31959	330	1.5	1	0	0
symbB1.EST_k37c20_14340|m.32799	3845	0.5	2.5	0.5	1
symbB1.EST_k37c20_151|m.344	204	0.5	1.5	4	1.5
symbB1.EST_k37c20_15413|m.35140	461	0.5	1	1	0
m.1283	112	2	0.5	3	1
symbB1.EST_k37c20_15530|m.35382	544	0	0	1	0
symbB1.EST_k37c20_16090|m.36633	157	0	0.5	0	0
symbB1.EST_k37c20_169|m.386	471	0	0	1	0
symbB1.EST_k37c20_17439|m.39726	295	0.5	1	2	1.5
symbB1.EST_k37c20_17557|m.39981	1210	0.5	1	1.5	1.5
symbB1.EST_k37c20_1763|m.4228	127	4	3.5	7.5	5.5
symbB1.EST_k37c20_18007|m.40947	262	3.5	3.5	4.5	6
symbB1.EST_k37c20_1807|m.4315	605	0.5	0	0.5	0
symbB1.EST_k37c20_18914|m.42831	363	1	1	2	1.5
m.12839	312	1	0.5	3	1.5
symbB1.EST_k37c20_1935|m.4600	892	2.5	4	6	4.5
symbB1.EST_k37c20_2060|m.4873	147	7	4.5	4	2.5
symbB1.EST_k37c20_2071|m.4896	126	4.5	4.5	6	4.5
symbB1.EST_k37c20_20726|m.46522	157	1.5	3	5	4
symbB1.EST_k37c20_21115|m.47298	616	0	0	1.5	0.5
symbB1.EST_k37c20_21614|m.48388	335	0.5	0.5	3	2
symbB1.EST_k37c20_22246|m.49646	473	0.5	1	0	1
symbB1.EST_k37c20_2316|m.5488	344	0	0	0.5	0
symbB1.EST_k37c20_24260|m.53662	192	0	0	0.5	0
m.12859	409	1	0	1.5	4
symbB1.EST_k37c20_24332|m.53801	388	0	0	0	0.5
symbB1.EST_k37c20_2434|m.5762	166	0	0	1.5	0
symbB1.EST_k37c20_2548|m.6110	212	6.5	5	6.5	6
symbB1.EST_k37c20_262|m.561	1089	3	4	9.5	5.5
symbB1.EST_k37c20_27166|m.59212	346	2.5	2.5	4.5	1.5
symbB1.EST_k37c20_2835|m.6680	165	2	1.5	3	1.5
symbB1.EST_k37c20_2873|m.6770	351	2	2	1	0.5
symbB1.EST_k37c20_30052|m.64411	370	1	1	2	0.5
symbB1.EST_k37c20_3045|m.7223	570	1.5	2	5	2
symbB1.EST_k37c20_3137|m.7441	137	0	1.5	3	2.5
m.1286	2829	267.5	262	255	304
symbB1.EST_k37c20_3194|m.7561	532	2	2	2.5	0
symbB1.EST_k37c20_319|m.681	429	2	0.5	4	1.5
symbB1.EST_k37c20_3367|m.8026	143	0.5	2	3.5	2
symbB1.EST_k37c20_34811|m.72609	265	0.5	0.5	2	1
symbB1.EST_k37c20_3550|m.8423	118	2.5	2	2	2
symbB1.EST_k37c20_3763|m.8967	138	5	3	4.5	4
symbB1.EST_k37c20_40880|m.81403	200	3.5	2	2	2
symbB1.EST_k37c20_4454|m.10626	401	2	0.5	1.5	0
symbB1.EST_k37c20_4530|m.10835	1086	1.5	3	4.5	1.5
symbB1.EST_k37c20_4585|m.10961	135	5	4	5.5	4.5
m.12872	385	2.5	5	7	4.5
symbB1.EST_k37c20_47047|m.87468	188	0	0	1	0
symbB1.EST_k37c20_47631|m.87845	639	0.5	0	1.5	1.5
symbB1.EST_k37c20_47633|m.87846	268	0	0	1.5	1
symbB1.EST_k37c20_47646|m.87855	135	3.5	1.5	3	3
symbB1.EST_k37c20_48001|m.88307	156	0.5	0.5	4	2.5
symbB1.EST_k37c20_48025|m.88342	199	1.5	4.5	4	1.5
symbB1.EST_k37c20_48387|m.88800	121	0	0	2.5	1
symbB1.EST_k37c20_4866|m.11610	391	4.5	3.5	5.5	3.5
symbB1.EST_k37c20_48819|m.89293	326	0	1	1.5	1.5
symbB1.EST_k37c20_5116|m.12234	365	0.5	0	1.5	0
m.10164	157	0	1	0	1
m.12887	415	0	0	1	1.5
symbB1.EST_k37c20_55677|m.94421	130	0	0	1.5	0
symbB1.EST_k37c20_57176|m.95446	360	0	0	1.5	0.5
symbB1.EST_k37c20_5771|m.13757	265	1.5	2.5	4	3
symbB1.EST_k37c20_59568|m.96245	208	2	2.5	4	2.5
symbB1.EST_k37c20_6130|m.14576	559	0.5	0	3	0.5
symbB1.EST_k37c20_6155|m.14644	880	1	2	1	0
symbB1.EST_k37c20_6169|m.14671	436	0	1	2	1.5
symbB1.EST_k37c20_6258|m.14822	332	2	0	1	0
symbB1.EST_k37c20_6575|m.15589	213	1.5	1.5	3.5	2.5
m.129	503	2	3.5	4	3.5
symbB1.EST_k37c20_6593|m.15621	461	0	1	1.5	0
symbB1.EST_k37c20_6718|m.15903	478	0.5	0	1.5	0
symbB1.EST_k37c20_679|m.1487	246	1.5	0.5	1	1
symbB1.EST_k37c20_753|m.1636	362	2.5	3	4	1.5
symbB1.EST_k37c20_7975|m.18657	473	0	0.5	1	0.5
symbB1.EST_k37c20_8064|m.18902	416	0	0	1	0
symbB1.EST_k37c20_8373|m.19579	378	1	2	9	5
symbB1.EST_k37c20_8896|m.20721	588	2.5	0	2.5	1.5
m.12917	415	4.5	6.5	8	5.5
symbB1.EST_k37c20_9275|m.21620	2120	0.5	1	1	1
symbB1.EST_k37c20_9362|m.21825	318	1	1.5	6	2.5
m.10061	510	0	2.5	4.5	5.5
m.10199	219	6	4.5	8.5	7.5
m.10264	203	0	0.5	1.5	0.5
m.4337	518	0	0.5	0	0
m.10324	680	0.5	3	4.5	2
m.1036	1192	0	2.5	6	1.5
m.12941	323	2.5	0.5	7.5	8
m.10517	796	0	0.5	1	2.5
m.10603	487	1	0	1	1
m.10605	698	2	4	5.5	3
m.10713	218	9	8	10	10.5
m.12813	219	3.5	5	8	6.5
symbB1.EST_k37c20_37952|m.77340	217	1	0.5	0.5	1
m.10928	723	5.5	6.5	7.5	7.5
m.11115	300	1	2	3.5	2.5
m.21828	279	1	1	2.5	2
m.2713	305	1	1	1.5	1.5
m.19703	231	0	0.5	1	0.5
m.113	378	23.5	35	56	54.5
symbB1.EST_k37c20_41902|m.82682	468	8.5	11.5	19.5	15.5
m.31439	231	3.5	3	7	8.5
m.11458	213	3.5	3.5	2	4.5
m.11995	326	2.5	3.5	4.5	5.5
m.31539	379	1.5	0.5	2.5	3
m.14932	175	1.5	0.5	1	1
m.5696	189	4.5	5.5	5	7.5
m.12129	447	50	100	134.5	121
m.29835	460	50	100	123	113.5
m.30405	235	23	64	81.5	82
m.2128	233	20	48.5	57.5	57.5
m.28478	448	7.5	21	32.5	28
m.36059	184	13.5	15.5	20	16
symbB1.EST_k37c20_23066|m.51297	469	7	21	32	27.5
m.12942	291	0	2	0	0.5
m.1245	204	10.5	21	31.5	26
m.15067	179	2.5	6.5	8	7
m.10914	217	1.5	6	7.5	6.5
m.17885	208	0.5	5	5.5	5.5
m.12699	199	5.5	11.5	12.5	12
m.14255	219	1	4.5	8.5	6.5
m.1509	223	2	4.5	6.5	5
m.18748	201	3.5	9	9.5	9
m.1242	255	1	4.5	5	4.5
symbB1.EST_k37c20_46370|m.87062	230	0.5	3.5	4	3
m.7341	237	0.5	3.5	4	3
m.22444	205	0	1.5	0.5	0.5
symbB1.EST_k37c20_56818|m.95252	228	4.5	7.5	6.5	6.5
m.12659	176	0	1	0	2.5
m.12690	150	0	0.5	1	0
m.12709	550	6	6.5	10.5	8.5
m.12711	510	0.5	5	8	5.5
m.12724	296	2	1	2	4
m.12733	700	5.5	13	11	11.5
m.12781	500	1	1	1.5	2.5
m.12890	232	1	2	1.5	2
m.12970	372	1.5	2.5	10.5	7.5
m.12945	765	0.5	1	0	0
m.13047	186	3.5	11.5	9	7.5
m.26081	187	6.5	12	9.5	8.5
m.13119	549	2.5	6.5	8	9
m.1334	391	1	1.5	2	1.5
m.13436	653	1.5	3.5	1.5	1.5
m.13638	869	0	0.5	0	1
m.13659	548	1	1.5	2	1.5
m.1168	430	0	0	0.5	0.5
m.13801	461	0	1	2	0
m.1390	448	5	6.5	10	10
m.1391	160	0	1.5	2	2
m.1396	509	0.5	1.5	3	1
m.13574	515	0.5	3	2.5	2
m.1296	468	2	4.5	4	3.5
m.14282	326	0	1	2.5	1.5
m.145	467	0	1	2	2.5
m.14924	360	0	0	1	0.5
m.1493	232	2	5.5	7.5	4.5
m.15139	435	31.5	28.5	46	44.5
symbB1.EST_k37c20_26730|m.58389	993	0.5	0	6	4
symbB1.EST_k37c20_1952|m.4632	728	0	0	4	3.5
symbB1.EST_k37c20_7002|m.16520	790	3.5	2.5	8	8.5
m.15220	508	2.5	1.5	8	6
m.15426	1113	0.5	6	7	9
m.15462	185	3.5	3	3	3
m.1569	147	0	1	0.5	0
m.15831	119	1	4.5	6.5	6
m.12976	264	2	5	6.5	6
m.16008	262	1	1.5	2	2.5
m.16090	446	10.5	11.5	26	22
m.16351	226	6	7	10	8
m.16371	297	0	3.5	3	3.5
m.16461	147	0	0.5	0.5	0
m.16813	293	0	1	1	1
m.17239	445	0	0	1	2
m.173	389	155	210	192.5	200.5
m.184	376	167.5	234	211.5	214.5
m.278	253	90.5	122.5	134.5	135
m.26952	376	41	52.5	47.5	49
m.17435	484	14.5	20	21.5	23
m.17469	174	1	2	2.5	4
m.12991	100	16	30	41	33
m.17967	175	2	4.5	2.5	3.5
m.6185	175	2	4.5	2.5	3.5
m.1806	594	0	1.5	3	2
m.18179	295	6.5	8	7.5	8
m.26302	181	0	0	5	4.5
m.18366	538	2.5	3.5	6.5	5
m.18373	191	3	2	3.5	3
m.11555	111	1.5	0.5	2	2.5
m.18767	961	1.5	4	3	5.5
m.1911	462	1	5	5	2.5
m.1884	645	2	6	6	4
symbB1.EST_k37c20_26089|m.57196	562	0	1.5	1	0
symbB1.EST_k37c20_41705|m.82450	593	0	1.5	1.5	0.5
m.19242	719	5.5	8.5	11.5	9
m.19535	181	0.5	3	3	2
m.19661	333	2	6	6	6.5
m.12999	500	0	0.5	1	2
m.19674	317	2	4	6	7
m.19764	354	1	4	4.5	4
m.21346	340	1	3	4	3.5
m.16676	336	1.5	2.5	2.5	3
m.20126	239	0.5	1	2	2
m.5042	675	0.5	1.5	1	1.5
m.20952	109	0	0.5	1	1.5
m.20957	639	2	6	8.5	6.5
m.14998	1027	0	0.5	1.5	0
m.21013	777	1	4	3.5	3
m.18548	223	0.5	1	1.5	1
m.21153	225	0.5	3	3.5	3.5
m.21390	125	11.5	13	11	14
m.21690	240	0	1.5	1	0.5
m.218	310	5	6	12.5	10
m.22339	1615	0	0	0	0.5
m.10183	616	0	0	0	0.5
m.13002	220	0	1	1.5	0.5
m.22940	466	9	16	15.5	13
m.232	1282	5	5.5	3	3
m.23328	172	0.5	1	0.5	1
m.23454	187	18	22	26	28.5
m.23900	193	0.5	2	2.5	3
m.24137	338	2	1	2.5	0
m.24851	900	6	11	30	18.5
m.24952	767	0	0.5	0	0
m.24983	433	0	0	0.5	0.5
m.25258	278	1	5	5.5	6
m.1301	177	0.5	0.5	1	0
m.25369	237	1.5	1.5	0.5	0.5
m.25835	116	2.5	7	5.5	5.5
m.25985	421	7.5	11.5	22	19
m.26956	495	6	9.5	17	17
m.27117	475	3	8.5	8	5
m.2752	168	9	10.5	8.5	10.5
m.27687	497	1.5	2.5	6	4
m.27757	157	2	3	2	2.5
m.27890	192	0	0.5	4.5	1.5
m.2792	427	1	2	4	2
m.2030	436	2.5	3.5	5.5	4
m.13026	699	0	0.5	3	1.5
m.28159	179	0	1.5	1.5	1
m.28444	404	5.5	8	8	7
m.13796	395	2	3	1.5	1.5
m.2848	287	3	4.5	4	4
m.28480	131	0.5	0	1	1
m.18341	246	0.5	0.5	2	1
m.28687	461	0	2.5	3.5	0
m.2908	2325	1.5	6.5	7.5	5
symbB1.EST_k37c20_4259|m.10144	2381	3	2.5	3	1.5
m.29808	242	7.5	7	11.5	10
m.20285	293	2.5	2.5	3.5	3
m.29813	455	4.5	9.5	5.5	6
m.30980	429	4.5	3.5	5.5	3.5
m.13131	436	4	4	6.5	6.5
m.15859	410	4	6	7.5	9.5
m.12982	418	1.5	7	3	3.5
symbB1.EST_k37c20_6773|m.16013	432	3.5	3	3.5	3
m.3079	696	12	13.5	19	24.5
m.2150	326	2	3	3	3.5
m.31093	201	0.5	4	2	3.5
m.13039	212	3	4	4	2
m.31593	374	0.5	1.5	2	2.5
m.32004	521	6.5	12	10.5	12.5
m.32539	222	1	2.5	1.5	1.5
m.32785	121	0	1.5	1.5	1
m.6240	289	0	2	1	1
m.33135	103	28	41	46.5	50
m.33500	300	5.5	8.5	16	11.5
m.33850	297	1	1	0	0
m.3414	517	0	1	0.5	1.5
m.34165	271	1	0.5	1	2
m.3494	2140	91	121	144.5	129.5
m.13041	309	0	1	1	0
m.36049	334	1	5	5.5	5.5
m.13050	236	0.5	1.5	1	1.5
m.36534	1157	0	0	3.5	0
m.37637	179	5	5.5	10.5	14.5
m.6583	194	0	0	0	0.5
m.38282	359	3.5	5	6.5	6.5
m.17520	299	4	4.5	4.5	4.5
m.3835	317	0	0	0.5	0
m.3844	610	19	32	72.5	66.5
m.9144	101	5	11.5	15.5	14.5
m.38633	275	4	10.5	10.5	12.5
m.3872	704	1	2.5	4	4.5
m.392	136	20	25	24	22
m.13061	1080	0	0	1	1
m.4330	257	0	2	1	1.5
m.44	328	1	3	6.5	7
m.22336	329	1.5	3.5	9	8
m.449	162	6	7	6	6.5
m.4530	483	0	0.5	1	0
m.4781	617	9	16	18.5	15
m.4865	531	6	4	8.5	8.5
m.4884	253	12.5	22	19.5	23.5
m.4960	840	18	28.5	39	32.5
symbB1.EST_k37c20_2962|m.7004	867	0.5	1.5	2	0.5
m.498	709	0	0	1	0.5
m.5030	279	9.5	9	14	13.5
m.13075	235	0	1.5	1.5	1.5
m.506	193	3	2	4.5	4.5
m.5087	320	1.5	2.5	2	4
m.5096	1402	2.5	6	9	4.5
m.5098	411	1.5	1	1.5	3
m.29201	116	3	2.5	2.5	3.5
m.22041	329	1	1.5	1.5	0.5
m.32422	236	1	2	1	1
m.5115	549	4	8.5	11	11
m.5317	354	6	7.5	13.5	10
m.5270	380	3.5	7.5	8	7
m.5328	257	1	5	5	5
symbB1.EST_k37c20_745|m.1617	448	0.5	3	3	3
m.5347	415	6	9.5	11	9.5
m.537	304	1	4	4	3.5
m.5384	568	1.5	2	2.5	2
m.13076	445	0.5	5	8.5	7
m.5440	160	39.5	41	29	32
m.19482	215	34.5	38	25.5	27
symbB1.EST_k37c20_660|m.1437	241	34.5	38	24.5	27
m.5463	882	52	71	77	68
m.5486	109	0.5	1.5	1.5	2
m.5510	229	1	0.5	3.5	4
m.5513	246	4	5.5	4.5	7.5
m.5546	1101	5.5	11.5	21.5	17
m.5582	258	4	5.5	8.5	7
m.5619	199	2	4.5	4.5	7.5
m.5634	149	16.5	10	9.5	30
m.13401	174	11	9.5	9.5	21
m.5689	476	1	6	7.5	8.5
m.13085	424	0.5	2	3.5	4
m.5712	270	1	3.5	3	1.5
m.5746	161	10.5	14	10	11
m.5747	202	1	4	8	7
m.17615	183	1	1	1.5	1
m.29405	106	0	0.5	1	0.5
m.30564	140	0	0	1	0.5
m.20628	112	0.5	2	3.5	2
m.5828	1791	1	4.5	2.5	4
m.5839	328	0.5	4.5	3.5	5
m.5881	363	7	9.5	7.5	5.5
m.5892	125	3.5	7.5	8.5	10
m.5919	327	1	1	1	2.5
m.898	376	1	1	2	2.5
m.6100	310	6	27.5	29	25
m.6106	1183	2	4.5	2.5	3
m.13089	190	0.5	1.5	1.5	1.5
m.612	679	40	42	57	58
m.20930	647	24	25.5	38	35
m.8917	676	28	35.5	50.5	43
symbB1.EST_k37c20_680|m.1491	353	7.5	6.5	13.5	11
m.7437	674	6	4.5	9	8
symbB1.EST_k37c20_10470|m.24210	575	7	6	9.5	8.5
m.616	1072	14.5	20.5	38	39
m.6180	693	20.5	47.5	50	44.5
symbB1.EST_k37c20_3735|m.8908	705	3	4	7	6.5
m.6186	860	0	0	4.5	0.5
m.6203	143	6.5	9.5	7.5	8
m.644	181	8.5	15.5	17	14
m.401	181	13	15	16	13.5
m.32417	162	4.5	7.5	10	7
m.8903	180	11	13	15	13.5
m.6453	159	0	1.5	1.5	2.5
m.6463	6996	3.5	14	18.5	16.5
m.19708	361	1.5	3	3	5
m.9401	449	0	1	3	2.5
m.31478	374	0	1	1.5	3
m.6490	438	6.5	12.5	14.5	20.5
m.6499	297	11	12	17	14
m.10194	572	15.5	17	21	25
m.13090	174	0.5	2	1.5	1.5
m.6517	538	5	12	22.5	16.5
m.6593	1058	14	28	32.5	26
m.6627	1941	91.5	116	176	144
m.6659	223	1	3.5	6	4.5
m.25093	208	0.5	2	1.5	1
m.6713	259	0	2	1.5	2
m.25763	303	0	2	2.5	2.5
m.697	208	0.5	2	5.5	4.5
m.6977	342	0.5	4.5	5	4
m.7051	436	7	7	6.5	10.5
m.7209	320	2.5	4.5	5	6
m.7374	436	4	7	4	2
m.13091	557	0	0.5	1.5	1
m.7527	791	1	4.5	4.5	6.5
m.760	542	2.5	5	10.5	8
m.8211	367	0.5	0	2	3.5
m.6492	285	0.5	0	2	2
m.8509	223	0	1.5	0.5	0
m.858	537	5	3.5	5.5	5
m.8669	206	1.5	3	3	2.5
m.8927	151	9	10.5	9	8.5
m.8932	510	8	9.5	17	14
m.8978	174	0	0.5	1	1
m.899	700	0.5	2.5	2.5	3.5
m.13094	265	0	3.5	3.5	2
m.900	248	29	32	50.5	52
m.5108	251	32	41.5	58	55.5
m.29219	277	20	26.5	36	36.5
m.5025	257	13	21.5	27	27
m.15022	221	7	15	30	23.5
m.19033	252	16	23	29	30
symbB1.EST_k37c20_6450|m.15307	248	12	16	22.5	24
symbB1.EST_k37c20_18328|m.41616	239	11	14.5	21	22.5
m.9188	352	1.5	5	5.5	5.5
m.22448	329	1	2	1.5	1.5
m.925	826	21	28.5	52	30
symbB1.EST_k37c20_12707|m.29253	798	2	4.5	3	2
m.9279	376	2	4	3.5	1.5
m.60	320	4	4	4.5	4
m.20	400	0	0	1	0
m.9299	205	7	6	24.5	24.5
m.9330	588	6	7.5	8	6
m.9373	1378	0	3	2	2.5
m.9424	545	51	46	77	65.5
symbB1.EST_k37c20_18731|m.42470	511	11	11	20	14
m.9431	161	0	0	4	0.5
m.9738	222	24.5	29	33	32.5
m.9119	158	15	14	16.5	17.5
m.13107	529	0	1.5	4	6.5
m.9807	393	6.5	10	14.5	14
m.9855	546	6.5	9.5	17	14
m.9865	419	7.5	6.5	5	13.5
m.9957	415	15.5	22.5	35.5	31
symbB1.EST_k37c20_16196|m.36863	687	4	2.5	3	3.5
symbB1.EST_k37c20_10706|m.24774	508	0.5	4	6.5	4
symbB1.EST_k37c20_2935|m.6930	230	0.5	3.5	4.5	2.5
symbB1.EST_k37c20_2935|m.6931	199	1	0	2.5	1.5
symbB1.EST_k37c20_9582|m.22271	1052	0.5	3.5	6	4
symbB1.EST_k37c20_1113|m.2530	766	0	0	1	0.5
symbB1.EST_k37c20_11246|m.25932	1508	0	0	3	0
m.30676	389	0	0	2	1
symbB1.EST_k37c20_11748|m.27081	218	0.5	3.5	3	3
symbB1.EST_k37c20_1214|m.2760	628	0	0	0.5	0
symbB1.EST_k37c20_10268|m.23756	772	0	0	1	0
symbB1.EST_k37c20_12867|m.29616	484	0.5	0.5	0	0
m.13133	304	7	5	13.5	14
symbB1.EST_k37c20_14283|m.32649	470	0	1	2	0.5
symbB1.EST_k37c20_14475|m.33112	443	0	0	1	1
symbB1.EST_k37c20_1455|m.3360	395	0.5	6	19.5	10.5
symbB1.EST_k37c20_4529|m.10833	454	0.5	4.5	12.5	9.5
symbB1.EST_k37c20_149|m.340	412	7	3	10.5	7
symbB1.EST_k37c20_5213|m.12433	322	6.5	2.5	9	6
symbB1.EST_k37c20_1567|m.3635	725	13	9.5	21	10
symbB1.EST_k37c20_17098|m.38976	241	0.5	0.5	2	1.5
symbB1.EST_k37c20_17467|m.39790	676	2	5	17	8.5
symbB1.EST_k37c20_3155|m.7489	688	2	5	16	9
m.13136	222	0	0	2.5	1
symbB1.EST_k37c20_184|m.421	116	0.5	0.5	4.5	1.5
symbB1.EST_k37c20_1987|m.4708	533	2	1.5	5	1.5
symbB1.EST_k37c20_2023|m.4784	188	5	3	5	3.5
symbB1.EST_k37c20_2081|m.4909	358	1	1	8	7
symbB1.EST_k37c20_21294|m.47669	506	0	0.5	0.5	0
symbB1.EST_k37c20_2140|m.5027	307	0	0.5	1	1
symbB1.EST_k37c20_2164|m.5076	4652	0.5	1	1	0.5
symbB1.EST_k37c20_2245|m.5304	469	4.5	7.5	11	6
symbB1.EST_k37c20_902|m.2067	270	2.5	5.5	9.5	6.5
symbB1.EST_k37c20_6038|m.14360	104	6.5	6	8	4.5
symbB1.EST_k37c20_23101|m.51379	247	0	1.5	4	1
symbB1.EST_k37c20_23775|m.52673	454	0.5	1	1	0
m.13137	647	0.5	1.5	1	1
symbB1.EST_k37c20_2414|m.5716	453	1	1.5	6.5	1.5
symbB1.EST_k37c20_2817|m.6645	354	2	4.5	10.5	7
symbB1.EST_k37c20_11023|m.25500	171	0.5	2.5	17.5	13
m.38041	516	0.5	4.5	16.5	7
symbB1.EST_k37c20_4845|m.11546	980	1	5.5	8	7.5
symbB1.EST_k37c20_11022|m.25497	783	0	3	7.5	5
symbB1.EST_k37c20_21946|m.49032	657	0	3	9.5	7.5
symbB1.EST_k37c20_642|m.1388	170	0	2	6	2.5
symbB1.EST_k37c20_14788|m.33784	437	0	2.5	3.5	2.5
symbB1.EST_k37c20_2583|m.6170	305	0	1	3	2
symbB1.EST_k37c20_14961|m.34203	355	0	1	4	2
symbB1.EST_k37c20_11532|m.26613	389	0	1.5	2	2
symbB1.EST_k37c20_877|m.1991	589	0	2.5	6.5	4
m.23201	327	0	1	3.5	2
symbB1.EST_k37c20_28846|m.62323	470	0	0	1	0
symbB1.EST_k37c20_2900|m.6850	320	5.5	4	9	6.5
symbB1.EST_k37c20_3028|m.7191	391	8	11	11	10.5
symbB1.EST_k37c20_3070|m.7296	138	1	0.5	1.5	0
symbB1.EST_k37c20_3071|m.7301	172	1.5	1	1.5	1
symbB1.EST_k37c20_3138|m.7442	296	1.5	2.5	4.5	2
symbB1.EST_k37c20_3283|m.7800	496	2.5	2.5	7.5	4
symbB1.EST_k37c20_3326|m.7935	316	8	5.5	8	6
symbB1.EST_k37c20_5221|m.12447	319	8.5	6.5	8.5	8.5
symbB1.EST_k37c20_36410|m.75095	380	0	1	3	1
symbB1.EST_k37c20_13594|m.31220	315	0	3	4	2.5
m.13144	312	0	1.5	1	0
symbB1.EST_k37c20_3830|m.9127	133	2.5	1	2.5	2
symbB1.EST_k37c20_409|m.896	1046	0	0	1	0.5
symbB1.EST_k37c20_47206|m.87566	331	1	3	1	0
symbB1.EST_k37c20_47208|m.87569	118	0	2	2	1
symbB1.EST_k37c20_475|m.1111	752	0	0	2	2.5
m.34954	142	0	1.5	1	1
symbB1.EST_k37c20_4774|m.11339	320	0.5	2	9	3.5
symbB1.EST_k37c20_49226|m.89774	737	2.5	1	3.5	1.5
symbB1.EST_k37c20_521|m.1204	664	0	0	2.5	0.5
m.21400	524	0.5	0	0.5	0
symbB1.EST_k37c20_5269|m.12556	4620	1	1.5	2	1
symbB1.EST_k37c20_3669|m.8636	4548	0	2.5	1	1
symbB1.EST_k37c20_12291|m.28283	3958	0.5	1.5	1	1.5
symbB1.EST_k37c20_55830|m.94547	266	0	0	0.5	0
symbB1.EST_k37c20_48143|m.88480	266	0	0	0.5	0
m.13171	608	0	1	0	0.5
symbB1.EST_k37c20_5933|m.14161	198	1	1	5	2
symbB1.EST_k37c20_6507|m.15457	630	1	1	4.5	1.5
symbB1.EST_k37c20_6972|m.16460	195	0	0	3	2.5
symbB1.EST_k37c20_7183|m.16913	688	0	1	1.5	0
symbB1.EST_k37c20_7666|m.17974	572	1	1	2	0
symbB1.EST_k37c20_622|m.1334	503	1	2	1	0
symbB1.EST_k37c20_623|m.1338	545	0.5	1.5	2	0
symbB1.EST_k37c20_9496|m.22100	2133	0.5	3.5	5.5	4
symbB1.EST_k37c20_1915|m.4556	2152	0	2	2	1.5
symbB1.EST_k37c20_9115|m.21230	2162	0	0.5	0.5	0
m.10055	770	0	0	1.5	1.5
m.1027	157	0.5	2	2	1.5
m.10469	238	0	0.5	1	1
m.13180	357	3.5	4.5	5.5	5
m.10767	590	0	0	1	1.5
m.10886	397	0	0	0.5	0
m.10919	208	0	0	0.5	1
m.11313	319	0	0.5	0.5	0
m.1157	147	0.5	3	3	2.5
m.12643	211	0	0.5	0	0
m.12769	144	0	0	0.5	0.5
m.13	994	0	0.5	0	0
m.13014	751	0	0	0.5	0
m.10205	893	0	0	0	1
m.13191	264	0	1	0.5	0
m.1320	427	0	0.5	0.5	0.5
m.14269	430	0	4.5	4.5	6
m.14377	379	0	0.5	0	0
m.15023	141	0	0.5	0	0
m.15259	327	1.5	4.5	3.5	3
m.15388	345	1	1.5	1	1.5
m.15422	456	0.5	2	1.5	1.5
m.15734	455	0	0	0	0.5
m.15837	260	0	2	0.5	0.5
m.16548	260	0	0	1	0
m.13193	278	0	2.5	1.5	2
m.16861	197	0	0	0.5	1
m.16864	208	1	1.5	0.5	0.5
m.1816	454	0	0.5	0.5	0
m.20660	110	0	0.5	0.5	0
m.20814	538	0	1	1	2
m.2094	592	0	0.5	0.5	0
m.21445	216	0	0	0.5	0.5
m.2198	339	0	1	0	0
m.22426	144	0.5	0.5	1	1.5
m.22617	193	0.5	0.5	1.5	1
m.13197	189	2	2.5	5.5	3
m.22958	120	0	1	1.5	1
m.23204	134	3	4.5	5.5	4
m.23733	129	0	0	0	0.5
m.24039	534	0	0	2.5	0
m.24306	306	0	0.5	1	1.5
m.24881	198	0	0.5	0	0
m.25208	791	0	0	0.5	1.5
m.25802	790	0	0	0.5	0
m.132	146	4	6	6	5.5
m.260	236	0	2	2	1.5
m.26295	159	0	0.5	0	0
m.26433	413	0	0	0.5	1.5
m.29444	108	0	0.5	0.5	0
m.30054	147	1	1.5	1	1.5
m.3031	463	3	3	2	2.5
m.30973	434	0	0	0	0.5
m.32114	195	0	0.5	0.5	1.5
m.32224	134	0	0	0	1
m.13206	240	1	2	2.5	4.5
m.32275	204	0	0.5	1	1.5
m.32280	100	0.5	0	0	1
m.32419	128	0	2	1	1
m.32790	184	0	1.5	1	1.5
m.36055	147	0	0	0.5	0.5
m.3747	251	0	1.5	2.5	2
m.3925	285	0	1	0	0
m.4935	224	0	0	1.5	0.5
m.5110	582	0	0	0	0.5
m.13222	200	2.5	3.5	3.5	3.5
m.5439	531	0	0.5	0	0.5
m.5448	204	0	1	1.5	0
m.5534	255	0	0.5	1.5	0.5
m.559	466	0	0.5	1	0
m.5691	711	0	1	1	1
m.5791	301	0	1.5	1.5	2.5
m.6792	755	0	0.5	0	0.5
m.7210	168	0	0	0.5	1
m.13224	649	0	0	0.5	0.5
m.8231	396	0	1	1	0.5
m.8454	243	1.5	2	2	2
m.8791	125	0.5	0	0	0
m.8809	274	0	1	1	1
m.8880	300	1	2	2	2
m.9062	253	1.5	0.5	1	1
m.9611	446	0	2	1.5	1.5
symbB1.EST_k37c20_13957|m.31989	701	4	0	0.5	0
symbB1.EST_k37c20_14815|m.33870	1477	0.5	1	0	0
m.13226	326	2.5	6	9	7
symbB1.EST_k37c20_16474|m.37535	172	0	1	1	1
symbB1.EST_k37c20_18722|m.42454	780	0	1.5	0	0
symbB1.EST_k37c20_24934|m.54977	285	0.5	0	0.5	0
symbB1.EST_k37c20_37403|m.76597	647	3.5	5	4	4
symbB1.EST_k37c20_42278|m.83126	244	1.5	2	2	2.5
symbB1.EST_k37c20_50116|m.90698	105	0	0	1.5	0
symbB1.EST_k37c20_8675|m.20239	134	0	1	3	0.5
m.13240	197	0.5	2.5	3	2.5
m.10139	271	0	0	1	0.5
m.10342	512	0	0	0.5	0
symbB1.EST_k37c20_10131|m.23447	349	0	0	0.5	0
symbB1.EST_k37c20_10759|m.24902	986	0	1	0	0
symbB1.EST_k37c20_11223|m.25887	300	1.5	2	2.5	1
symbB1.EST_k37c20_5636|m.13449	465	1	0	1	0
m.12204	184	0	0.5	0	1
m.12319	389	0	0.5	0	0
m.13256	546	0	0.5	0	0.5
m.15779	427	0	0.5	0.5	0
m.16303	320	0	0.5	0.5	0.5
m.1809	261	0.5	0	0	0.5
m.19423	152	0.5	1.5	0.5	1.5
m.20370	1024	0	0	0.5	0
m.2105	1047	0	0.5	0.5	0
m.21120	689	0	0.5	0	0
m.10239	279	0	0	2	1.5
m.13278	257	0	0	2	0
m.22490	163	0	0	1	1.5
m.23963	466	0	0	1.5	0
m.2459	906	0	0	0.5	0
m.27134	171	0	0.5	0.5	0
m.27198	282	0	0	0.5	0.5
m.28497	512	0	0.5	0	0.5
m.3406	975	0.5	0.5	0	0
m.3433	518	0	0	0	0.5
m.34511	252	0	0	0.5	0.5
m.1328	203	0	1	2.5	1.5
m.3559	327	0	0.5	0	0
m.3942	152	0	0	1.5	0.5
m.3958	820	0	0	0.5	0
m.4719	628	0	0.5	1	1
m.548	221	1	1	1	1
m.6121	222	0	0	0	0.5
m.6171	973	0	0	1	0
m.6487	850	0	1	0	0
m.13288	883	0	0.5	2	0
symbB1.EST_k37c20_26417|m.57788	642	0	1	1.5	1
m.28490	201	0	1	1	0
m.33735	105	0	0	0.5	0
m.3922	691	0	2	0	0
symbB1.EST_k37c20_3711|m.8852	350	0.5	0	0	0
m.10586	414	0	0	1	1
m.11167	387	0	0	0.5	0.5
m.11237	275	0	0	0.5	0.5
m.13295	297	0	1.5	1.5	3
m.11916	339	0	0.5	0.5	1
m.13531	269	0	0	0	0.5
m.1360	125	0	0	1	0.5
m.15017	296	0	0.5	0.5	0.5
m.2027	646	0	1	0.5	0
m.21863	436	0.5	0.5	0	0
m.22934	136	0	0.5	1	1
m.38421	218	0	1	1.5	1
m.13314	295	0.5	3.5	5	8
m.5372	300	0.5	0.5	1.5	1
m.5646	926	0	0	1	0
m.7032	375	0	1.5	1	2
m.739	482	0	1.5	0	0.5
m.8882	347	0	1	0.5	0.5
m.9648	303	0.5	0	1	1.5
symbB1.EST_k37c20_16307|m.37144	383	0	2	2.5	2
symbB1.EST_k37c20_16682|m.38041	281	3.5	1	3	1
symbB1.EST_k37c20_19065|m.43125	627	0	0	0.5	0
m.13356	586	0.5	4.5	1.5	1
symbB1.EST_k37c20_3717|m.8859	492	0.5	0.5	1.5	1
symbB1.EST_k37c20_47040|m.87462	229	0.5	0	2	1.5
symbB1.EST_k37c20_976|m.2236	504	0	1	1	0.5
m.20249	222	0.5	0.5	0	0.5
symbB1.EST_k37c20_15345|m.34993	197	0	1.5	1.5	1.5
m.13078	280	2.5	2.5	2	0.5
m.133	397	0	0	0.5	0.5
m.13371	1200	5	9	14.5	10.5
m.16465	273	0.5	0	0.5	0
m.16490	518	0	1.5	1	0
m.17390	576	0	0	1	1
m.27600	192	0	0	0.5	0
m.33243	759	0	1	2	2
m.36079	426	0	0	0	1
m.565	363	0	0	0.5	0
m.1339	464	11	13.5	20	16.5
m.7089	188	0	0.5	0.5	0
m.9274	131	0	1	0	0.5
symbB1.EST_k37c20_22419|m.50026	1501	1	0.5	1.5	2
symbB1.EST_k37c20_9603|m.22318	388	0	0	1	0.5
m.10260	232	0.5	0	0.5	0
m.1145	390	0.5	0	0	0
m.19106	321	0	1	1	0.5
m.13423	531	3	6	5.5	5.5
m.29890	126	1	1	0.5	1
m.34323	203	0	1	0	0.5
m.35539	566	0	2	1	1
m.9470	281	0	0.5	0	0.5
symbB1.EST_k37c20_43079|m.84058	495	0	3	2	2.5
symbB1.EST_k37c20_6001|m.14297	612	0	0	0.5	0
m.22827	185	0	0	0	1.5
m.13425	114	0	0	1.5	0.5
m.13303	395	0	1	0.5	1
m.21278	311	0	0	0	0.5
m.26791	181	0	0.5	0	0.5
m.3052	140	0	0.5	0.5	0
m.4094	218	0	0	1	0
m.5411	316	0	1	0.5	0
m.8629	370	0	0	0.5	0.5
m.9925	1408	0.5	1.5	0.5	1.5
m.10289	705	0	0.5	0	0.5
m.13427	257	0.5	0.5	2	1.5
symbB1.EST_k37c20_4968|m.11868	359	1.5	2.5	3.5	2.5
m.10110	697	0	1	0	0
m.10645	257	0	0.5	0.5	0
m.15450	862	0	1	0.5	0.5
m.1567	309	0	0	0.5	1
m.17710	151	0	0	0	1
m.29582	292	0	0	0.5	1.5
m.32269	102	0	2	1	1.5
m.4359	370	0.5	1	1.5	1
m.5815	262	0.5	0	0.5	1
symbB1.EST_k37c20_7251|m.17057	1438	0	0.5	0	0
m.25343	331	0	1	0	0
symbB1.EST_k37c20_17410|m.39673	708	0	0	2	2
m.4556	530	0	0	0.5	0
symbB1.EST_k37c20_1477|m.3395	2273	0	0	0	0.5
symbB1.EST_k37c20_4006|m.9590	256	0	0.5	0	0.5
m.13442	270	0	0	1.5	0
symbB1.EST_k37c20_8208|m.19231	2104	0	0.5	1	0.5
m.30950	171	0	1.5	0.5	1
m.16396	363	0	0.5	0.5	1
m.22947	323	0	1	1	1
m.24982	193	0.5	2	1	0
m.466	178	0	0.5	0	0.5
m.13443	372	17.5	18	24.5	22.5
m.36120	197	0	0.5	1	1
m.450	995	0.5	0	1.5	1
symbB1.EST_k37c20_51420|m.91961	492	0	0	0.5	0
m.10254	141	0	0.5	1	0.5
m.13444	605	0.5	2.5	5	2
m.2997	222	0	0.5	0	0
m.37919	181	0	1	1	1
m.5579	791	0	0.5	1	0
m.585	748	0	0	0.5	0
m.9103	276	0	0	0.5	1
m.9624	266	1	1	0.5	1.5
m.13448	293	0	0	1.5	2
symbB1.EST_k37c20_15400|m.35107	584	0.5	0	0	0
m.15778	129	0	0	1	1.5
m.20986	292	1	2	3	2
m.17688	106	0.5	1	0	0
m.19310	151	0.5	1.5	0.5	0
m.20818	279	0	0.5	0	1
m.20832	431	0	1	0	0
m.1346	158	7.5	12.5	10.5	9.5
m.22619	255	0.5	0.5	1	1.5
m.26096	232	0	0	0.5	0.5
m.27731	112	0	1.5	1.5	0.5
m.37897	102	0	1.5	1	0
m.5041	486	0	1	0.5	1
m.6009	1126	0	0	1.5	0
m.6129	534	0	0.5	1	0.5
m.6781	483	0	1	1	1
symbB1.EST_k37c20_12955|m.29796	346	1.5	2	1	1.5
symbB1.EST_k37c20_19619|m.44232	603	0	1	1.5	0.5
m.13471	151	0.5	2	2	1
symbB1.EST_k37c20_29965|m.64279	492	0	0	1.5	0
symbB1.EST_k37c20_2911|m.6886	357	0	0	0.5	0
m.9244	463	0	0	1.5	0
symbB1.EST_k37c20_23403|m.51979	420	0	1	0.5	0
symbB1.EST_k37c20_6753|m.15979	351	0.5	0.5	1	1
m.11820	1432	0	0	0.5	0.5
m.11734	369	0	0	0	1
m.13475	469	0	1.5	2	2
m.6936	1201	0	0.5	0.5	0.5
symbB1.EST_k37c20_15464|m.35251	692	0	0	1	0
symbB1.EST_k37c20_22139|m.49456	187	0	1	0.5	1
m.12700	435	0	0	0	0.5
m.2749	624	0	0	0	0.5
m.28741	377	0.5	0	0.5	0
m.3982	105	0	1	1.5	1
m.13476	183	1	2.5	2.5	3
m.7317	1692	0.5	0	1.5	0.5
symbB1.EST_k37c20_2846|m.6706	695	0	0	1	1
m.13551	300	0.5	0	0.5	1
m.24162	164	0	0	2	1
symbB1.EST_k37c20_30360|m.65003	1124	1	0.5	0	0
m.10304	278	1.5	4.5	4	3
m.13486	292	6.5	6.5	17.5	18
m.11277	156	0	0	1	1.5
m.20391	377	0	0	1	0
m.2327	164	0	0.5	1	0
m.35586	136	0	1	0.5	1
m.3827	229	0.5	0	0	0
m.37753	190	0	0	0.5	0.5
m.3720	243	0	0	0.5	0
m.13488	163	0	0.5	1.5	1.5
m.5908	242	0	2.5	1	2
m.17178	533	0.5	0	0	0
m.1733	1264	0	0	0.5	0
m.26381	192	0	0	1	0
m.6692	457	0.5	0	0.5	0
symbB1.EST_k37c20_26748|m.58435	134	1	1.5	1	0.5
m.13490	255	1	2.5	2	3.5
m.14510	507	0	0	0.5	0.5
m.26121	284	0	0	0.5	0
m.29599	227	0.5	1.5	1	1
m.6992	516	0	0.5	1	0.5
m.13514	432	0	1.5	3.5	3.5
m.9178	193	0.5	0.5	1	1
symbB1.EST_k37c20_15198|m.34678	996	0	1	1	0
symbB1.EST_k37c20_22896|m.50938	501	0.5	1	2	1.5
m.16002	356	0	0.5	0.5	0
m.19148	194	0	1	1	1
m.1875	114	0	1	0.5	1
m.13516	189	4.5	5.5	9	7
symbB1.EST_k37c20_35327|m.73471	400	1	0	0	0
symbB1.EST_k37c20_19602|m.44199	473	0	0	1	0
m.895	1284	0	1	0	0
m.1355	1555	4.5	5.5	7	7
m.1299	309	0	0	1	0
m.1474	312	0	0	0	1
m.4498	185	0.5	0	0.5	0
m.9363	503	0	0.5	0	0.5
m.23889	612	0	0.5	0.5	0
m.13552	557	0.5	1	1.5	2
m.3200	260	0	1.5	0	1
symbB1.EST_k37c20_28718|m.62075	479	0.5	0	0	0
m.11482	410	0	0.5	0	0
m.13885	1031	0	0	0	0.5
m.1813	275	0	1	0	0
symbB1.EST_k37c20_51549|m.92078	253	0.5	0	1	0
m.13557	339	3.5	6.5	4	3.5
m.25982	154	1	2	1	1.5
m.6889	430	0	0.5	0.5	0.5
m.21583	404	1	1	0	0
m.26149	137	0	1	0	0
m.16169	177	0	0.5	0	0
symbB1.EST_k37c20_7154|m.16857	620	0	0.5	0	0.5
m.13590	549	11	16.5	23.5	26
m.6225	650	0	0	0	0.5
symbB1.EST_k37c20_1842|m.4423	1008	1.5	1.5	2	1.5
m.25428	275	0	0	0	0.5
m.136	295	0	0.5	1	1
m.20767	129	0	0	0	0.5
m.37559	262	0	0.5	0	0
m.4348	157	0	0.5	0.5	0
m.17363	155	1	0	0	0
m.23752	465	0	1	0.5	0
m.10327	1122	2.5	1.5	5	2
m.13617	393	0.5	2	3.5	3
m.1159	503	0	0	1	1
m.18307	451	0	0	1	0
m.288	547	0	0	1	1
m.37027	210	0	0.5	1	0
m.13680	770	0	0	1	0
m.22843	793	1	0.5	1	1
m.29431	334	0	0.5	0	0
symbB1.EST_k37c20_6952|m.16418	513	1	1	0.5	0
m.1369	374	38	40.5	66.5	60
m.9983	124	0	0.5	1	1
m.24043	788	0	1.5	0.5	0
m.13710	208	0	1	1	1.5
m.5774	539	0	0	1	0
m.1190	1519	0	0	0.5	0
m.15620	573	0	0	0	0.5
symbB1.EST_k37c20_22445|m.50090	1279	0	0	0.5	0
m.16534	278	0	0	0.5	0
m.13720	455	0	0	0.5	0
symbB1.EST_k37c20_33296|m.70072	438	0	1	0	0
m.7273	883	0.5	0	1	1.5
m.13742	710	0	1	2	2
m.31335	295	1	1.5	0.5	0.5
m.3502	403	0	0	1.5	0
m.3457	126	0	0	0	1.5
symbB1.EST_k37c20_9128|m.21252	672	0.5	1	1	0.5
m.13743	311	5.5	7.5	11	8.5
m.5787	463	0	0	0	0.5
m.13744	138	0.5	1.5	0.5	0.5
m.22122	295	0	0.5	0	0.5
symbB1.EST_k37c20_24096|m.53328	290	0	0.5	0	0
m.13753	335	0	0.5	3.5	2.5
m.7201	1122	0	0.5	0	0.5
m.2995	906	0	1	0.5	0
m.4019	977	0	0	0	0.5
symbB1.EST_k37c20_16704|m.38084	422	0.5	0	0	0
m.10346	250	0	1.5	1.5	2
m.13791	176	0	1.5	1.5	2
m.10765	227	1.5	2.5	2	1.5
symbB1.EST_k37c20_7453|m.17508	942	0	0	1.5	0
m.13811	436	0.5	1	1.5	2.5
m.36274	150	0	0.5	0	0
symbB1.EST_k37c20_34851|m.72677	300	0	0	0.5	0
m.13833	263	0	0	1	0.5
symbB1.EST_k37c20_45956|m.86783	429	1	1	0.5	1
m.14949	162	0	0.5	0	0.5
symbB1.EST_k37c20_8055|m.18877	1017	0	1	1	1
m.13842	680	3.5	10	16.5	15
m.22685	890	0	0	0	1
symbB1.EST_k37c20_22916|m.50972	768	0.5	0.5	0.5	1
m.1020	1917	0	1	0.5	0.5
m.19692	606	0	1	0	1
m.13862	447	2	0	2	2
symbB1.EST_k37c20_55947|m.94652	326	1	0.5	0.5	0.5
m.13863	1106	14	12.5	17.5	17.5
m.139	190	1.5	2	4	4.5
m.64	594	0	0	0.5	0
symbB1.EST_k37c20_33350|m.70148	510	0	0.5	0.5	0
m.13977	445	8.5	12	21.5	21.5
m.37151	120	0	0.5	0	0
m.31640	155	0	0	1	0
m.1408	226	4.5	6	7.5	6.5
m.14083	1506	0.5	1	2	2.5
m.10360	636	0.5	2	2.5	1.5
m.141	436	30.5	37.5	36.5	28
m.14108	268	1	2.5	1.5	2
m.14109	662	4	3.5	3	3
m.14128	211	6	13.5	14.5	17.5
m.1413	338	1.5	4	10	9
m.14152	569	0	2	1	2
m.14201	145	0	0.5	0.5	1
m.14213	220	1	3.5	4	4
m.14242	428	0.5	0	0.5	1
m.14297	518	2	2.5	2	3.5
m.10378	725	1	1	4	2
m.14312	960	9	17	21	17.5
m.14349	643	0	0.5	2	1
m.14355	846	9	22.5	21	21
m.1436	550	18.5	20	40	29.5
m.1437	515	0.5	0	1.5	0.5
m.14375	119	0	1	2.5	2.5
m.1440	833	2.5	2	3.5	3
symbB1.EST_k37c20_2414|m.5717	326	0	0	0	0.5
m.14422	417	0.5	1.5	3.5	2
m.14438	273	0.5	2	2	2
m.14458	126	5	1	3.5	3
m.1038	113	2.5	4	4.5	3.5
m.14465	536	0.5	1.5	1	3
m.1447	450	0	1	3	2
m.14490	140	1.5	4	2.5	4
m.1454	475	3	4	4.5	5.5
m.14543	392	2	3	2	0
m.1456	431	2	2.5	1.5	1.5
m.14575	826	0	0.5	0.5	0.5
m.1461	469	1	4	3.5	4
m.1463	394	2.5	5	4	4.5
m.14712	256	0.5	1.5	1	2
symbB1.EST_k37c20_50992|m.91577	666	1	0	0	0
m.10387	484	5	4.5	6.5	8
m.1472	277	2.5	3.5	5	5.5
m.1473	555	6	9.5	15	11
m.14738	152	1	3	4.5	2.5
m.14739	401	1.5	2	5	3
m.14754	356	2	6.5	6	3.5
m.14756	396	3.5	7.5	9	6
m.14765	420	0.5	2	3	2
m.1478	617	0.5	0	2.5	1.5
m.14813	275	0	1.5	1	2
m.1485	256	2.5	3	5.5	6.5
m.104	1674	21	30.5	83	70
m.14875	111	0	1	1.5	1.5
m.14897	346	0	1.5	2.5	2
m.14910	573	5	6	6.5	6
m.14914	470	1	2.5	2.5	1.5
m.14915	293	18.5	29.5	31.5	33.5
m.14918	406	0.5	2	3.5	3
m.14920	231	0	0	2	0.5
m.14923	328	2.5	3	4.5	5.5
m.14938	965	0.5	1.5	4	5.5
m.14952	249	2.5	5	8	6
m.1041	396	2.5	5.5	4.5	2.5
m.14963	1061	13.5	20	25.5	24.5
m.14967	111	0.5	0.5	3.5	2.5
m.14968	138	0	0	1.5	1
m.33414	147	0	0	1	0.5
m.14975	171	2	4.5	3.5	4
m.17308	285	0	0	0.5	1
m.2640	292	0	0	0.5	0
m.14983	218	1.5	6	5	6.5
m.14984	440	9	11.5	14	11
m.14985	790	0	0	0.5	0.5
m.14987	313	0	1	0.5	0
m.14994	562	0	1	1	1.5
m.14999	503	63	75	73.5	75
m.1042	331	2.5	1.5	3.5	2
m.1500	101	1	3	2.5	2.5
m.15018	456	8	8	8	9.5
m.15026	538	0	0.5	2.5	3.5
m.15038	332	1.5	1	3.5	1
m.1504	136	1	3.5	4.5	4
m.15047	323	9	16.5	16.5	15
m.1505	423	2	7.5	6.5	7
m.15054	242	16.5	16	13	11
m.15063	195	0	1.5	2.5	1.5
m.15079	260	7	12.5	17	16.5
m.1044	836	0	0.5	0.5	1
m.15083	267	2	2	2.5	1
m.15096	468	0	2	1.5	3.5
m.15098	368	0.5	2.5	2.5	4.5
m.151	201	0	2	2	2
m.15111	545	17.5	20	35.5	27.5
m.15114	369	2	3	5.5	5.5
m.15121	194	0	0	2	1.5
m.15126	176	0	1	1.5	0.5
m.15132	728	1	0.5	0	0
m.15134	1205	0	1.5	1	1
m.10457	752	0.5	1	0.5	1
m.15141	227	8	11.5	13.5	12
m.15142	273	0	0	0.5	1
m.15155	891	0	1.5	5.5	3
m.15158	259	0	1	1.5	1.5
m.15162	152	12.5	13.5	23	20.5
m.15166	611	1	3	2	4
m.15170	715	0	8	12	11
m.15172	116	1	2	4	1
m.15175	266	3	7	7.5	7.5
m.15185	362	17	17.5	23.5	24.5
m.10463	220	0	0.5	2	1
m.15189	147	0	0.5	2	2.5
m.15196	185	1	1	0.5	0
m.152	115	0	1.5	5	5
m.15200	788	2.5	8	6	9.5
m.15204	648	10.5	16.5	30	27
m.15205	198	0	0	1	1.5
m.15208	655	0	0	1.5	0
m.1522	770	0	1	1	0.5
m.15241	654	2.5	7	7.5	7.5
m.15244	481	0	3	2	2
m.10468	320	5	7.5	10.5	9.5
m.15247	289	2	4	5	4
m.1527	299	7.5	15.5	16.5	15
m.15279	668	0	0	1	1.5
m.15280	205	2	1.5	4	1
m.15290	959	2	8.5	10.5	8
m.153	398	1	2	3	3.5
m.1530	391	1.5	3	8.5	6.5
m.15306	507	0	2.5	1	1
m.15314	289	0	0	1	1
m.28786	108	0	0	0.5	0.5
m.15316	161	0	1.5	3.5	3.5
m.10472	547	0	2	3	6.5
m.15323	305	6.5	8.5	10.5	7.5
m.15325	4828	1.5	1.5	0.5	1.5
m.15331	209	4	6	9	10
m.15370	180	10	14.5	11	17
m.15377	555	14.5	15	22.5	22.5
m.15396	329	4.5	4	4.5	4
m.15400	429	3.5	7.5	7.5	5
m.15409	308	0.5	1	0.5	0.5
m.15449	425	1	3.5	2	2.5
m.15457	489	0.5	2	2	3
m.10484	222	0	1.5	2	1.5
m.1547	193	3.5	3.5	3.5	3.5
m.15471	509	2.5	6	7	7.5
m.15491	328	0	2	2	1
m.15526	304	1	4	3	2.5
m.15544	155	2.5	2.5	5	3.5
m.15573	170	1	0.5	0.5	2
m.15586	275	5.5	7	6.5	6.5
m.1560	548	5.5	11	11.5	9.5
m.15618	675	0	3	3.5	5.5
m.10496	298	7	7.5	8	8
m.15633	448	20.5	28.5	48.5	42.5
m.15646	189	2	1	0.5	1
m.15686	206	2.5	3.5	3	3
m.15693	310	4.5	3	5	5.5
m.15700	399	3.5	6	6.5	7.5
m.15722	235	9.5	9.5	18.5	18.5
m.15724	695	1	3	3.5	4.5
m.15750	815	0	0	1	0.5
m.15756	276	0	0.5	2	0
m.1576	513	7.5	6	7	7.5
m.10499	214	0	0	2.5	1
m.15763	343	0	1	2.5	2
m.15764	225	2	3.5	5	4
m.15803	206	2	3	3	3
m.1582	284	1	1	2	3
m.15822	319	0.5	0	1	0.5
m.1583	327	3.5	9	7	7
m.15839	183	4	5	6.5	6
m.15850	195	0	1	1.5	0.5
m.15857	420	1.5	3	4	2
m.15862	387	0	1	1.5	0.5
m.1054	285	5	5.5	8	7
m.15899	456	0	3	4.5	3
m.1592	810	0	1	1.5	1.5
m.15923	2429	21	29.5	31.5	24.5
m.15941	522	0	0.5	0.5	1.5
m.1600	347	0	1	0	0.5
m.16005	488	0.5	3	1.5	3
m.16009	808	0.5	2	2.5	3.5
m.16029	467	0	0.5	1	0.5
m.16036	305	1	3.5	3	4
m.10558	176	1.5	3	2.5	2
m.16060	768	0	1.5	1	2
m.16119	234	2	1.5	1	1.5
m.16132	345	0	3	2	2
m.16180	508	1	1.5	1.5	3.5
m.16211	276	0	1	2	0.5
m.16222	296	0	1	2	2.5
m.16226	279	1	4	2.5	2
m.16233	161	4.5	5	7.5	7
m.16246	388	0.5	4.5	6	2.5
m.16258	131	0	0.5	1	0
m.10560	427	1.5	5.5	8.5	9
m.1626	326	3	4.5	7.5	5
m.16276	140	0	0	0.5	1
m.16281	177	1.5	2	1	1
m.16282	297	1	1	2	1.5
m.16309	388	0.5	1.5	3.5	6
m.16319	224	0.5	1	0	3
m.16423	301	0	2	1.5	0.5
m.16425	264	0	0.5	0	1
m.16446	276	0.5	0	1	0.5
m.16449	935	5.5	13.5	13.5	14.5
m.10567	295	0	0	1.5	0
m.1652	495	15	17	28.5	29.5
m.16526	293	0.5	1.5	1	0.5
m.1655	411	2	3.5	4.5	4
m.16552	236	0	1	0	0.5
m.16570	215	0	0	1	1
m.16591	233	1.5	4.5	4	4
m.16598	409	2.5	1	1.5	2.5
m.166	168	2.5	1	0	0.5
m.1664	421	0	0	0	2
m.16651	319	2.5	2.5	2.5	2
m.10575	652	1.5	2.5	2	1
m.16692	411	4.5	8	12.5	8
m.16730	536	0	0	1	0
m.16736	134	0	0	2.5	1.5
m.1680	375	0	1.5	1.5	1.5
m.1685	362	1	3	1	2
m.16859	1199	2	2.5	3.5	3.5
m.16863	391	0	1	0	0.5
m.1688	655	2.5	5.5	4.5	6
m.16887	302	0	0	1	0.5
m.1	362	0	0.5	0.5	0
m.10597	345	0	0.5	0	0.5
m.16910	2217	16	21	21.5	13.5
m.16923	260	1	0.5	1.5	0
m.16994	221	5.5	7	14	11.5
m.16997	579	33.5	37.5	35	36
m.17002	969	0.5	3	2	2
m.17007	211	2	3.5	3	3.5
m.17032	119	1	1.5	3	0.5
m.1706	388	0	1	2	2
m.17099	205	0	1	3.5	3
m.171	2522	0	2	1	1
m.1060	147	1.5	3	4	3.5
m.17101	439	1	9	10.5	8
m.17110	253	0	0	3	0
m.17128	1219	0	0	4	4
m.1714	264	1	1	1	1.5
m.17144	187	0	2	4.5	2.5
m.17166	360	0	1	1	0.5
m.17237	424	0	0.5	1	2
m.1729	398	1	1.5	4	1
m.17323	421	21.5	20.5	23.5	24.5
m.10621	420	2	6	4	5.5
m.17346	797	0	2.5	3	2.5
m.17423	295	0	0	0.5	0
m.17427	215	3	6.5	8	10.5
m.17452	658	0	0	0	0.5
m.17466	666	11.5	22.5	23.5	20.5
m.17476	386	0	0.5	5	4
m.17491	193	0.5	2.5	4.5	2
m.17496	405	3.5	4	4.5	4.5
m.10669	322	0	0.5	1	0.5
m.17509	429	0.5	3	4	4
m.17514	369	0	2.5	2.5	1.5
m.17521	185	11	13.5	17	18.5
m.17527	348	0.5	1.5	2	2
m.17538	642	0	1.5	2	0
m.17547	505	1.5	4	4	6
m.17553	123	0.5	0	0	0
m.17560	348	1.5	6	5	5
m.17562	293	0	0.5	2.5	1
m.17572	133	2.5	6	8	6.5
m.1069	424	1	3.5	4.5	2
m.17582	562	11	9	12.5	9.5
m.17587	233	0	0	2	1.5
m.17594	254	0	2	1	1
m.17595	424	4	7	10.5	8
m.17609	155	1.5	2	4	4
m.1761	2437	2	13.5	17.5	14.5
m.17619	306	0.5	2	2	0
m.17634	303	0	2.5	1.5	2
m.17635	354	0	2.5	0	0.5
m.17642	405	1.5	2.5	4.5	3.5
m.10693	451	2	1.5	4	1.5
m.17653	215	6	8.5	9	8
m.17655	964	2	5	11.5	7
m.17662	137	4	3	4	3.5
m.17682	122	2	1.5	4	2.5
m.17683	465	0	0	0.5	0
m.17686	418	2	1	0	1
m.17718	670	2.5	8	14	14.5
m.17738	499	0	0	0	0.5
m.17739	255	5	10	15.5	14
m.17769	574	1	2	4.5	4.5
m.107	99	5.5	4	8.5	9
m.1777	810	0	0	1.5	1.5
m.17776	322	3.5	4.5	5.5	3
m.17784	409	0.5	0.5	1	0
m.17794	846	12.5	21	20.5	20
m.17804	580	1.5	5	13.5	11.5
m.17812	263	0	0.5	2.5	1.5
m.17821	322	20.5	22.5	29.5	25.5
m.17836	548	0	1	1	1
m.1784	485	0.5	0	0.5	0
m.17853	531	0	0.5	0.5	0.5
m.10714	429	2	8.5	10	11.5
m.17857	135	1	3	2	1.5
m.17859	221	0.5	2.5	0.5	2
m.17886	251	0	0	0	0.5
m.17895	500	0	1.5	7	8.5
m.17897	385	2	1	6.5	3.5
m.17910	625	0	1	1.5	2
m.17927	304	0	0.5	1.5	1.5
m.1793	310	1.5	2.5	2.5	3.5
m.17939	224	0	0	1	0
m.1796	557	6	11	13	13
m.10723	443	0	1.5	3	2.5
m.17962	105	0	2	1.5	0.5
m.17970	233	0	1	2.5	1.5
m.17977	658	0.5	2	3	2.5
m.17984	639	8	14	13.5	12
m.17992	724	7	7	18	12
m.180	623	1.5	0.5	1.5	1
m.18001	225	0	0	0.5	0.5
m.18009	870	0	1	3	2
m.1802	545	0.5	2	0.5	3
m.18040	327	2	5.5	9.5	9.5
m.10726	1630	4	4	3.5	3
m.18048	376	6.5	9	11.5	9
m.18060	194	0	1	2.5	3.5
m.18062	181	4	4.5	6.5	6.5
m.18064	292	1	0.5	0	0
m.18070	421	3	4.5	4.5	5.5
m.1811	272	0.5	2.5	2.5	2.5
m.18137	191	0	0.5	0.5	0.5
m.18144	177	1	2	4.5	2.5
m.18155	470	1.5	8	7	6.5
m.18216	767	1	2	2.5	3
m.1000	214	21.5	29.5	33.5	30.5
m.1073	371	3.5	5.5	4.5	6.5
m.18280	786	0	0	0	1.5
m.18336	196	0.5	1	0.5	1
m.1834	596	2.5	6	7	8.5
m.18355	140	0.5	1	5	6
m.18359	423	0.5	1	4	8
m.18362	249	2.5	1.5	4	5.5
m.18370	247	0	0	3.5	1
m.18387	243	2	3.5	4.5	3
m.18428	171	1	1.5	1.5	0.5
m.18439	485	0.5	1	2	0.5
m.1074	292	1	2	1.5	1.5
m.18470	326	1	2	6.5	6.5
m.18491	290	0	0.5	1	0
m.18493	251	1.5	1.5	3.5	3
m.1850	391	2	4	4.5	5
m.18531	393	0	1	2	2
m.18550	321	1.5	5.5	3.5	4
m.18553	252	6	7	12	11.5
m.18556	357	9	10	16	16
m.18584	365	1	1.5	1.5	2
m.18586	202	0	1.5	2.5	3
m.10744	282	1.5	4.5	7.5	8
m.18614	518	0.5	0.5	1	1
m.1862	270	0	0.5	1	1
m.1866	1135	2	5.5	10.5	8
m.18667	123	1	0	0	0
m.1881	292	8	8.5	28	24.5
m.18818	131	0	1.5	2	1.5
m.18819	1444	14	24.5	28.5	28.5
m.18825	839	18	31	35.5	35.5
m.18834	354	2.5	5.5	8	9
m.18862	137	1.5	4	4	4.5
m.10763	330	0.5	1	0	1
m.1889	383	0.5	0	2	2.5
m.18969	102	1	2	3.5	2.5
m.1897	265	1.5	3	2	3
m.18995	284	0	0	0.5	0.5
m.1903	378	1.5	2.5	2	3
m.19079	424	0	0	1	0
m.19080	266	0	4	2.5	2
m.19151	186	9	4.5	7	9
m.1916	493	0	0	1.5	0
m.19161	269	0	2	0.5	0.5
m.10779	234	0	0.5	0	1
m.19191	287	0	0	2	3
m.19195	126	2	2.5	2	2.5
m.19225	469	3	2.5	3.5	2
m.1925	184	0	0.5	0	1
m.1936	223	1	1.5	2	1
m.19365	277	5	5	7	5
m.19407	438	0	0	2	2
m.19416	143	4.5	8	6.5	6.5
m.19419	213	0	1	0.5	1
m.19446	282	1	1	2.5	1
m.10807	572	19	28.5	34.5	34
m.19455	354	1.5	1.5	3	3
m.19460	144	0.5	2.5	4	3.5
m.19487	501	1	1	2	3.5
m.19494	241	1	0.5	1	0.5
m.19495	508	6	5.5	6	5
m.1950	311	0.5	2	0.5	1.5
m.19503	183	0	2	1	1
m.19504	313	0	1.5	0	2
m.19510	516	13	11.5	21	23.5
m.19514	1648	0	1.5	2	2
m.10812	189	2	5	4.5	4
m.19534	303	0	2	1.5	0.5
m.19543	104	1	3.5	2	3
m.19558	268	1.5	4.5	5	3
m.19580	222	0	0	5	3
m.19592	449	0	0.5	1.5	0
m.19597	531	6.5	10	12.5	11
m.19598	1537	2	2	1	4
m.196	258	0	0.5	2.5	3
m.19610	677	1	3	4.5	5
m.19621	362	0	0.5	1	2.5
m.10817	422	0.5	0.5	1.5	1
m.19643	262	0	0	0.5	0.5
m.19657	547	0.5	3.5	3.5	2
m.19685	242	1.5	2.5	2	2
m.19688	311	0	0	2.5	1
m.19704	127	1.5	4	3	3.5
m.19726	448	0	3	2	3.5
m.19748	107	0	1	1.5	2
m.19768	178	1	1.5	2	3.5
m.19801	196	0	1.5	0.5	1
m.19805	110	5	2.5	5.5	5
m.10818	372	1	1.5	3.5	1
m.1981	122	0	0	1	1.5
m.19866	117	0.5	3	2.5	3.5
m.19871	271	0	0	0.5	0.5
m.19899	782	1	2.5	0	0.5
m.19927	386	1	5	4	1.5
m.19936	369	0	0	0.5	0
m.19949	302	0	3.5	2	2.5
m.1996	868	14.5	16	17.5	17.5
m.19966	302	2.5	6	8	9
m.19978	746	1.5	4	8	6
m.10831	206	2	3	4	6.5
m.19983	183	2.5	5	4.5	5
m.19991	861	9.5	13.5	15	17.5
m.19993	588	0.5	2	1	1
m.2	157	3.5	5.5	3.5	5
m.200	1142	16	27.5	35	33
m.20009	465	0	1	1.5	1.5
m.20013	565	6	10.5	17	14
m.20024	272	0	0.5	1	1
m.20030	173	0.5	1.5	2	1
m.20041	230	8.5	12	21	21
m.10009	206	1.5	5.5	3	3
m.10852	208	1	0.5	1	1
m.20048	384	3	3	5.5	3
m.20062	124	0.5	2.5	2	2
m.20081	531	2.5	4	6.5	7.5
m.2011	367	0	1	0.5	0.5
m.20118	478	0	1	0.5	0
m.2012	191	0	2	0.5	0.5
m.20145	264	0.5	3.5	1	1
m.20152	312	0	0.5	0.5	0
m.20155	114	1.5	1	0.5	0.5
m.20175	165	0.5	0	3	3
m.10862	241	0	0.5	0	1
m.20195	410	2.5	1	0.5	2
m.2022	539	0	0.5	2	0
m.20253	281	2.5	4	2.5	2
m.2026	290	0	2.5	1.5	1.5
m.20317	123	1.5	0.5	2.5	1.5
m.2032	373	5	8	11.5	12
m.20374	285	2	2.5	3.5	3
m.204	881	0	0.5	0.5	0
m.20423	419	0	1	2.5	1.5
m.20468	481	0	0	2	3
m.10883	471	7.5	9.5	11.5	10.5
m.20487	290	0	0.5	0.5	1.5
m.2050	233	0	3.5	3	2
m.20509	361	0.5	2.5	2.5	3
m.20599	102	1.5	1.5	3	2.5
m.20656	236	0	3	4	3.5
m.2067	217	0	0	4	4
m.20828	231	0	2.5	2	2
m.20898	435	1	1.5	5.5	4.5
m.20916	317	4.5	6	9.5	8.5
m.1089	117	6	5	4.5	5
m.20918	315	0.5	3	4	3.5
m.20924	380	8.5	9	11	10
m.20941	628	0.5	1.5	6.5	3
m.20945	770	2	3	2.5	4.5
m.20951	166	5.5	3.5	2.5	1
m.20959	229	2	6.5	9	8.5
m.20967	304	0	1	0	0
m.20970	243	0	0	0.5	0.5
m.20978	138	4.5	5	6.5	7
m.21	461	22	29	52	34.5
m.10893	298	10	18.5	23.5	20.5
m.21000	372	2.5	3	4.5	3
m.21002	259	0.5	0.5	1	1.5
m.21018	369	0	0.5	1	0.5
m.21023	149	0.5	0	0	1.5
m.21024	188	0.5	1	3	1
m.21046	141	0.5	1.5	2	1
m.21047	294	0.5	1.5	3	2
m.21049	288	0	0.5	1	0.5
m.21056	322	0	0.5	2.5	3
m.21064	264	0.5	0.5	0	0
m.10905	398	1.5	6.5	8.5	8.5
m.2107	529	4	7	7	3.5
m.21070	221	0	1	1.5	1.5
m.21074	449	3.5	6.5	11.5	8.5
m.21131	238	0.5	1.5	1	1
m.21152	377	1	4.5	5	3.5
m.21179	265	8.5	9.5	10	7.5
m.21180	384	0	1	3	2
m.212	347	0	1	3.5	1
m.21227	279	0	0.5	1.5	0.5
m.21240	415	0	5.5	3.5	3.5
m.10920	962	0	1	1	0.5
m.21267	565	0	0.5	4	3.5
m.21268	784	0.5	2	1.5	1.5
m.21281	322	0.5	1	1	0.5
m.21294	335	0	0	0	1.5
m.21313	552	4	4.5	10	8
m.21336	339	0	1	1	0.5
m.2136	361	0	0	3.5	4
m.21372	330	0	1	2	1
m.21379	246	6.5	8	12.5	9
m.21388	376	0	1	0.5	0.5
m.10938	346	0.5	3.5	4.5	6
m.21438	701	2	7.5	9.5	9.5
m.21457	115	3	4.5	6	7.5
m.2146	314	0	1.5	2	1.5
m.2147	314	3	4.5	4.5	5
m.21474	364	0	0.5	0	0
m.215	195	9	8.5	10.5	11.5
m.21521	685	0	0.5	3.5	1.5
m.21529	322	0	1	1.5	0.5
m.21538	175	0	3.5	2	3
m.21596	525	7.5	9.5	14.5	11
m.10944	532	0	1	1.5	0
m.2164	240	0	2	3.5	1
m.21654	118	4.5	5.5	5	4
m.21674	280	1	1	1	1
m.21683	274	0	1.5	1	0
m.217	121	6.5	10.5	8.5	7.5
m.21702	178	0.5	2	1	1
m.2171	309	0	0	0.5	0.5
m.21710	219	0	0	1	1
m.21772	262	0	1	0.5	1.5
m.21798	281	0	0	0	0.5
m.10974	566	2	5.5	10	10
m.21812	233	0	0	2	0.5
m.21819	1189	0	4.5	2	0.5
m.21842	395	14.5	19.5	16.5	16
m.2185	737	1	3	0	0
m.21864	258	0	1.5	1	0
m.21911	295	0	1.5	1	0.5
m.21939	120	2.5	1	1.5	1.5
m.21954	305	0	0.5	0.5	0.5
m.22085	331	2	3	5	4.5
m.2212	675	2	2	1.5	1.5
m.10015	205	4	7.5	6	7.5
m.10998	251	0	1	2	1
m.22127	173	0.5	1.5	2	1.5
m.22180	238	2	1	3	3
m.22205	653	6	6.5	8	5.5
m.22274	438	4	2.5	7.5	5.5
m.22282	310	5.5	8	11	12.5
m.2229	343	0	1	1.5	1.5
m.22295	361	0	1	1	1
m.223	287	2	2.5	4	4.5
m.22300	797	0	1	0.5	1.5
m.22307	275	6	7	8	8.5
m.110	1165	31.5	43	48	47.5
m.22365	587	0.5	3	3.5	2.5
m.22392	222	6	8	8	7
m.22394	559	5.5	8.5	9	8
m.22405	246	2	3.5	3.5	4
m.2241	107	3	4.5	3	3
m.22412	708	0.5	1	0	3
m.22416	142	0	2	1.5	1
m.22424	314	2	9	10.5	9
m.22427	401	0.5	0.5	1	0
m.22434	265	1	1	3.5	0.5
m.1100	513	1	0.5	2.5	1
m.2244	1940	0	6.5	4	5.5
m.22447	261	0	0	5.5	4
m.22473	320	0	0	0	0.5
m.2249	195	1	2	2.5	1.5
m.2250	660	0	0.5	1	0
m.22518	514	1	3.5	2	2
m.22539	256	1	3	2	2.5
m.22542	615	31	54.5	85.5	95
m.22547	139	2.5	3.5	3	2.5
m.22549	514	0	1	4.5	4
m.1103	1107	0	1.5	3.5	3.5
m.22580	202	1	1	1.5	3
m.22589	501	0	0	1	0.5
m.22603	222	0	1	2	1
m.2262	545	0	0	0	1
m.22659	359	0	1	1	1
m.22676	166	0	0	1	1
m.22691	209	0	0	1.5	2
m.227	359	2.5	9	13.5	11
m.22707	617	0.5	2	2.5	3
m.11035	299	0	1	3.5	4.5
m.2278	237	0	2	0	0.5
m.22782	553	6.5	14	17	15
m.22799	396	0	1	1	2
m.22806	335	0	1.5	0	0
m.22810	245	1	1.5	4	2
m.22850	470	0	0	1	0.5
m.22904	580	4	9	13.5	9.5
m.22921	1220	1	4	3	3.5
m.22944	994	9	20	19	21.5
m.22952	530	3.5	4	9.5	6.5
m.11045	121	0	1	2	2.5
m.22977	195	0	0.5	1	0
m.230	211	6.5	10	9.5	8.5
m.23037	263	6.5	6.5	10	9
m.23042	858	2	4	7.5	4
m.23072	302	0	4	4.5	3
m.23079	454	0	0.5	1	1.5
m.2309	217	0	1	1	1
m.23101	403	0.5	1.5	1.5	1
m.23103	397	1	1.5	1	2
m.23134	126	0	2	7.5	1.5
m.11093	943	0	0	0.5	1
m.23145	569	0	0	1	0
m.2316	597	0	0.5	1.5	2
m.2317	307	1	4.5	3.5	3.5
m.23218	266	0	0.5	1.5	1.5
m.23233	725	1	4	8.5	5
m.23247	172	1.5	0.5	1.5	1
m.23275	219	1.5	3.5	3	1.5
m.23281	165	0	0.5	0	1
m.23371	196	0	1.5	2.5	2.5
m.23377	644	0	1	1	2
m.11100	1144	1	4.5	8.5	9
m.23397	127	2.5	3.5	5.5	3.5
m.23436	547	1	1.5	1.5	1
m.2349	652	1	1.5	1	1.5
m.2353	1773	1.5	3	3.5	3.5
m.23560	575	1	3	4	2.5
m.23572	144	0	0	2	0
m.23575	291	1	1	1	1
m.23588	389	1	1.5	3	3.5
m.23599	895	30	61	68.5	62.5
m.2360	1533	1.5	4.5	13	9.5
m.11107	150	8	9	10.5	9.5
m.23602	166	0	1	5	5
m.23607	647	6.5	15.5	19.5	18.5
m.23611	241	9	13	14	14
m.23613	106	0.5	3.5	4	3.5
m.23626	176	0	0	3	3
m.23629	351	0.5	3	5	6
m.23632	169	1.5	5	5	2.5
m.23661	550	1.5	4	3.5	3
m.23671	219	5	5.5	8	8.5
m.11149	227	3.5	5.5	9.5	11
m.23676	166	2	3	2.5	3
m.23681	182	0	1	1	1
m.23685	446	19.5	21	37	27.5
m.23696	547	0	1	0	1
m.23699	552	5.5	13.5	15	14
m.23708	164	0	4	2.5	2.5
m.23716	147	6.5	7	9	7
m.23728	760	0	1	3.5	4
m.23737	412	4.5	5	6.5	8
m.23776	270	6	8	5.5	5
m.1002	498	0	1	1	2
m.11152	593	0	1	0	2
m.23795	157	0	0	0.5	0
m.23814	289	1.5	3	3	2.5
m.23817	738	0.5	2	2	2
m.23821	306	16	21.5	23	23
m.23824	188	1	1.5	4	4
m.23859	213	0	0	0.5	0
m.23867	427	0	0	2	1
m.23918	356	0	1	1	0.5
m.23926	521	1.5	4.5	3	3
m.11180	213	0	0	0.5	1.5
m.23962	496	1	2.5	3	3
m.23996	320	0	2	2	1.5
m.23997	257	1.5	1.5	2	2
m.24011	345	1	3	3	3
m.24029	442	1.5	4.5	5.5	4.5
m.24046	310	0	1	1.5	3.5
m.24081	202	0.5	1.5	2	2.5
m.24092	176	3	2	4	3
m.24113	335	0	3	3	4
m.2412	527	0.5	1	1	1
m.11210	170	0.5	0	1.5	2
m.24170	270	0	1.5	3	2
m.24183	283	0.5	1	1.5	1
m.24205	912	0.5	0.5	2	1
m.24219	687	0	5	6	7.5
m.24221	132	1.5	1.5	3	2
m.2423	566	0	0	0.5	1
m.24247	254	0	0.5	2	2.5
m.24266	335	0	0	1	0
m.24267	357	0	0	2	1
m.24290	586	0	1.5	1	0
m.1126	148	2	6	5.5	3.5
m.24308	388	0	1.5	2.5	1.5
m.24310	205	0.5	3	2	1.5
m.24316	262	0	0.5	2	0.5
m.2433	832	1	3.5	4	4
m.24351	185	0	1.5	2	0.5
m.24356	255	0	0.5	3	0
m.2438	9514	4	20	36	33.5
m.24423	342	1.5	3	3.5	2
m.24437	139	1	0.5	2	3.5
m.24493	298	0.5	1.5	1	1
m.11265	213	2.5	3	2.5	1.5
m.245	272	0	1	2	1
m.24569	99	0.5	1	1	1
m.24620	241	15	19	13.5	17
m.247	406	0.5	3.5	3.5	3
m.24718	184	0	2	1	2
m.24722	174	0	0	2	0.5
m.2473	459	0	1.5	4	0.5
m.24916	265	0.5	0	1	0
m.24936	844	0.5	3.5	2	0.5
m.24947	295	7	12.5	10.5	12.5
m.11289	232	0.5	0.5	1	1.5
m.24948	811	0.5	3.5	3	4
m.2495	336	0	1	1	1
m.24964	992	3	9	14	13
m.24975	251	0.5	4	6	6
m.2503	175	0	1	2.5	2
m.25033	304	1	2	2.5	2.5
m.25041	188	0.5	0.5	1.5	1
m.25047	221	2	2	2	1.5
m.25060	237	0.5	1.5	2.5	2
m.251	263	8.5	13.5	12.5	20.5
m.11298	283	0.5	2	2	2
m.25100	471	0	4	5	5
m.25115	481	0	2.5	2.5	2
m.25121	520	0.5	4.5	2	4
m.25136	500	0	1	2	2.5
m.25139	549	3.5	5	12	7.5
m.25151	247	0	0	0	0.5
m.25153	155	2	2	3.5	2
m.25176	115	0	2.5	2	2
m.25195	896	0	2.5	1	1
m.11307	740	0	1	1.5	1
m.2520	559	0	5	8	7
m.25217	316	0	1	0.5	0
m.25218	280	8	9	19.5	7
m.25233	301	1.5	2	2.5	3.5
m.25244	393	2.5	5	2.5	2
m.25260	257	0	2	1.5	1
m.25270	173	1	1	1	1
m.2531	239	5	9	9.5	11
m.25325	239	0	1	3	2
m.25376	167	2	1.5	1	1.5
m.11319	252	0	1	2	1.5
m.2539	1354	3	6	5.5	5.5
m.25410	350	3	9	6.5	7.5
m.2542	649	4	10.5	15	14.5
m.25447	912	1	1	1	5
m.25449	552	0.5	1	1.5	1.5
m.25457	512	0	2	0.5	1.5
m.25471	214	0	0	0.5	0
m.255	815	7.5	7.5	16.5	11
m.25538	553	1	1	2.5	2
m.25546	453	5	3	8.5	7.5
m.1133	280	0	2	3.5	2.5
m.25552	512	0	1	1	2
m.25564	220	0	1	2.5	1.5
m.2558	405	0.5	1	0.5	0.5
m.25638	115	1	2	1	2.5
m.25678	189	5	9	12	12
m.25703	334	1.5	1.5	1	0.5
m.25715	184	1	0.5	0.5	0.5
m.25727	713	0.5	1	1.5	2.5
m.25798	273	0.5	1	2	0
m.25801	239	6	11.5	11.5	10
