PROTID	PROTLEN	0	0	1	1
m.10038	212	1	2.5	1	0
m.11340	155	2	2	2	1
m.25826	146	11.5	16	11.5	11.5
m.25869	277	2.5	3.5	2	0
m.25878	131	3	0.5	0	0
m.25912	450	2	0	0.5	0
m.25930	109	0.5	2.5	1	0
m.25949	781	1	1	2.5	0
m.2600	343	4	4.5	5	3
m.26006	448	65.5	69	56	38
m.26013	535	0	0.5	1.5	0
m.26049	373	0.5	0.5	1	0
m.1135	538	9	6.5	8.5	4
m.26080	182	0.5	0.5	1	0.5
m.2609	814	2	2.5	3	2
m.26093	209	2.5	2	2	2.5
m.2611	732	8	6.5	6	1
m.26158	399	5	5.5	5	2
m.26179	500	1.5	2	1.5	0
m.26235	513	2	2	2	1
m.26261	222	1.5	2.5	2.5	0.5
m.26278	149	0.5	1	0.5	1.5
m.2633	542	0	0	0	0.5
m.11354	351	5	3	2.5	1.5
m.26336	389	3	3	2.5	1.5
m.26339	197	1	1.5	2	1
m.26379	171	2.5	3.5	3.5	1
m.26409	122	2	3	2	1
m.26466	184	3	5	2.5	0
m.26519	179	0	0.5	1	0
m.2654	386	1	0	0	0
m.2655	450	5	5.5	3	2
m.266	1469	3.5	2.5	3.5	0
m.26602	100	2	2	2	0
m.11369	202	2	2	2.5	2
m.26650	151	1	0.5	0.5	0.5
m.26683	335	1	0.5	1.5	0.5
m.267	1212	0.5	0	1	0
m.26709	377	0	1	1.5	1
m.26751	180	1.5	2	2.5	0.5
m.2677	291	3	2	2	1
m.26788	760	5.5	6	6	1.5
m.26871	106	3	3	1.5	3
m.26880	126	5	4	5	1.5
m.11382	877	0.5	0.5	1	0
m.26907	311	13	14.5	10	5.5
m.26926	313	6.5	8.5	6	3
m.26933	140	5	4	5	3
m.26940	335	8	6.5	5.5	0
m.26970	515	0	0	1	0
m.26981	281	9	5	5	2
m.2705	268	13	14	12	7
m.27078	180	9.5	9	7	5
m.27110	419	1.5	2	1.5	0
m.1141	910	0.5	2.5	1.5	0
m.27111	329	2	1.5	1	1
m.27125	414	0.5	0.5	0.5	0
m.2715	610	25	19.5	19	8
m.27183	206	0.5	1	1	1
m.27197	142	2.5	3.5	3	3
m.2723	969	0.5	0.5	0	0
m.27234	308	19.5	16.5	16	7
m.27301	1031	0.5	0	0.5	0
m.11430	456	0.5	0.5	0.5	1
m.27343	272	1.5	1.5	1	0.5
m.27366	279	1.5	2	1	0.5
m.2737	226	1	1.5	0.5	0
m.27407	217	0	0	1	0
m.2744	660	0	1.5	0	0
m.27472	139	0	1	0	0
m.27519	235	3	3	3	2
m.2758	817	0	1	0	0
m.27586	330	6.5	9	4.5	0
m.27605	263	2.5	2.5	4	1
m.11472	334	2.5	2	3	0
m.27613	234	3.5	3	3	1
m.27614	142	5.5	5.5	5.5	1
m.27625	216	0	0	0.5	0.5
m.27628	467	0	1	1.5	0.5
m.2764	1523	0	0.5	1	0
m.27646	180	4	5.5	5	2.5
m.2765	1329	2.5	2	2	1.5
m.27658	363	1.5	0.5	0.5	1
m.27664	165	3.5	5	4	2
m.27700	104	7	5	5.5	3.5
m.1149	736	1.5	1	1	1
m.27714	423	1	0.5	1	0
m.27772	428	2.5	1.5	3	1
m.27778	204	1.5	1	2	0.5
m.27791	585	6	8.5	9	4
m.27802	451	1.5	0.5	1	0
m.27813	362	1.5	2	1.5	1.5
m.27871	99	2.5	1	3	0
m.2794	658	29	35.5	31	13.5
m.27948	285	3	3.5	3	1.5
m.27998	400	5	4.5	3.5	1.5
m.115	216	8	9	9	2.5
m.28013	833	1.5	3	2.5	1
m.28097	108	5	3	2.5	1.5
m.28137	274	2	2.5	3.5	2
m.28144	117	0.5	0	0	0.5
m.28154	158	1	1	1	0
m.2824	459	5	5.5	3.5	0.5
m.28256	203	4.5	3	2.5	3.5
m.28278	688	2.5	2.5	3	1.5
m.28313	382	1	1	0.5	0
m.1005	498	16	10.5	15	4.5
m.1152	2284	0	0.5	0.5	0
m.284	444	5.5	5.5	6	2
m.2841	371	2	2	2	0
m.28413	203	3.5	2.5	2	2.5
m.28419	437	2.5	4	3.5	2.5
m.28422	153	1.5	0	0	0
m.28430	410	4	4	3.5	2.5
m.28435	230	9.5	5.5	5.5	2
m.28438	291	3	3	3.5	0.5
m.28488	234	1	0	0.5	0
m.285	338	1	1	1.5	0
m.11543	385	7	6.5	9	6
m.28519	329	7	4.5	5.5	4
m.2853	518	2.5	3	2.5	1.5
m.28534	505	5.5	3.5	3.5	5.5
m.28537	125	1.5	1	1	0
m.28546	235	21.5	26.5	23.5	10.5
m.2856	532	17.5	16	22.5	9
m.2860	768	17	20.5	13.5	9.5
m.28620	138	0.5	0.5	1	0
m.28662	374	9.5	10.5	7.5	5
m.28742	295	2.5	2	3	2
m.11553	214	7	7	8.5	2.5
m.28770	229	1.5	2.5	2	0.5
m.2878	281	8.5	11	8.5	2.5
m.28820	245	8.5	10	9	2.5
m.28880	200	0	0.5	0.5	0
m.28999	107	1	0	2	0
m.29	104	4.5	4.5	4	4.5
m.29084	160	2.5	3	3	2
m.29137	625	1.5	2	2.5	1.5
m.29142	223	2.5	2	3.5	2.5
m.29240	253	6	6	8.5	4
m.11561	392	0	0	1	0
m.2928	364	0	1	1.5	0
m.29291	227	1.5	1	1	0.5
m.29299	328	1	2.5	5	2
m.29350	356	0.5	0.5	0.5	0
m.29428	193	11	12	10.5	8.5
m.295	166	9.5	8	8	1.5
m.29523	191	9.5	12.5	10.5	9.5
m.29527	167	0	1	0	0
m.29546	408	0.5	0	0	0.5
m.11603	537	1	1	1	0
m.29573	135	4	5	4.5	3.5
m.29601	249	2	2	1.5	1
m.29602	100	2	1.5	2	0
m.29606	138	1	1	1	1
m.29634	1184	0.5	0.5	0	0
m.297	271	2	1.5	1	0
m.2970	816	3	6	4.5	0
m.2971	483	2.5	1.5	2	1
m.29844	459	3	2	2	1
m.29861	185	16.5	11.5	11	8
m.1163	121	2.5	2.5	3	2.5
m.29888	284	6	6.5	5.5	3
m.29952	124	4	3.5	4	1.5
m.29972	1069	4	4	7	1.5
m.3004	377	3	1.5	1.5	0
m.3005	453	22.5	16	21.5	2.5
m.30104	442	9	10	11	8
m.3013	523	0	0.5	0	0.5
m.30171	172	1	1	1	0
m.30203	117	4	4.5	5	3
m.11636	357	0	2	1	0
m.3027	702	1	2	0.5	0
m.3029	290	2	1	1.5	0
m.30295	390	11	12.5	9.5	10
m.30322	115	1	1	0.5	1
m.3037	1596	0.5	1.5	1	0
m.30396	488	30.5	29.5	29	19
m.304	134	2.5	2.5	3	1.5
m.30404	107	2.5	1.5	2.5	1.5
m.30436	263	0	1.5	1	0
m.11687	197	0.5	0.5	0	0.5
m.3049	769	0	0	0.5	0
m.30492	247	6	6	9	4
m.30496	451	13	10.5	9.5	6
m.30517	248	7.5	9	6.5	3.5
m.30602	306	3	3.5	4	1.5
m.3061	248	3.5	4	4	3
m.30649	133	7.5	5.5	8	4
m.308	201	4.5	1.5	3.5	1.5
m.3082	374	1.5	2	2.5	1
m.11700	147	4	6.5	5	2.5
m.3090	880	6	5.5	5.5	2.5
m.30904	460	0	1.5	0.5	3
m.30909	383	0	0.5	0.5	0
m.30917	239	1.5	1.5	2	0
m.30927	172	30.5	27.5	25.5	18
m.30955	229	13.5	9.5	12	6
m.30957	121	1	1	0	0
m.30965	169	2	3	2.5	1
m.30968	150	4.5	4.5	5	4
m.3100	352	5.5	4.5	4.5	5.5
m.11721	335	0	1.5	0.5	0
m.31184	221	7	7	3	3.5
m.3130	1155	6	5	5.5	3
m.31300	423	5.5	4	2.5	2.5
m.3134	211	0.5	1	0.5	0.5
m.31437	438	4	6	2	1
m.31443	176	2	1.5	2	1.5
m.3146	160	5.5	3.5	3.5	1
m.31460	197	2	5	3.5	2
m.31506	166	0	0.5	0	0.5
m.1007	159	1	1	1	0.5
m.11724	829	7.5	5.5	6	3
m.3153	509	2	4	4	1
m.316	240	5	4	3.5	1.5
m.31623	358	4	3	3.5	2
m.31625	195	1.5	3	2.5	2.5
m.3167	409	0.5	1	1	0
m.3168	200	0	0.5	0	0
m.317	569	0	2	2	0.5
m.31712	115	5.5	5	5.5	0
m.3172	280	1.5	2.5	1.5	2
m.11725	118	1	0.5	1	0
m.31755	194	0	0.5	1	0.5
m.3177	109	0	0.5	0.5	0
m.3187	131	5.5	5	4.5	1.5
m.31925	182	0	1	1	0
m.31948	99	1	2	1	1
m.31989	241	8	8	7	5
m.32071	562	2.5	2.5	2	0.5
m.32074	263	0	0.5	1	0
m.32095	297	1	1.5	2.5	1
m.32107	309	1.5	3	2.5	0
m.11740	629	1	0.5	0.5	1
m.32183	330	1	0.5	1	0
m.3220	414	3	3	6	1.5
m.3221	325	7.5	6	5	3
m.32284	203	1	0.5	1	1
m.323	492	3.5	5.5	4.5	1
m.32350	106	0	0.5	0.5	0.5
m.32357	153	2	3	1.5	0
m.32358	194	1.5	0.5	0	0
m.32359	150	0	0.5	1	2
m.32372	367	0	2	0.5	0
m.11744	384	1	1.5	1	0
m.32400	152	10.5	9.5	12.5	8
m.32403	306	2	2	1	0.5
m.32424	125	0	0.5	0	1
m.32437	322	5.5	8	5	5.5
m.32472	518	0	0.5	0	0
m.3251	282	1	1.5	1	0.5
m.3255	868	4.5	4	4.5	1
m.32551	99	2.5	0	0.5	1.5
m.32564	491	0	0	0.5	0
m.32621	249	1.5	1	1.5	0.5
m.11754	237	4	3	4.5	3
m.32635	153	5	4.5	5	3
m.32645	340	0	0.5	0.5	0
m.3273	568	0	0	1.5	0
m.3276	306	0	0.5	0	0
m.32828	176	10	12	8.5	10
m.32831	225	4.5	10	4	2.5
m.32846	176	1	1.5	1	0.5
m.32852	395	2	2	4	1
m.33026	112	4	3.5	5	2
m.33059	120	1	1.5	1.5	0
m.33136	368	1	1	1.5	0.5
m.33160	897	0	0.5	2	0
m.332	282	57	64.5	52.5	50.5
m.33261	166	1.5	0	0	0
m.33410	147	0.5	1	1	0.5
m.33455	109	7	6.5	4	2
m.3347	452	0.5	0.5	0.5	0
m.33471	155	1.5	2	1.5	0
m.33472	425	5	6	3.5	1.5
m.33492	113	1	1	1.5	1
m.33503	162	2	1.5	2.5	0
m.33514	310	2.5	3	3.5	2.5
m.33520	102	0.5	3	0	0
m.33573	158	0.5	0	1.5	1
m.33585	222	3	6	3.5	0
m.33765	180	0.5	0.5	0	0
m.3377	199	5.5	5.5	5	4
m.33823	263	9.5	8	10.5	4.5
m.11786	188	5	4	4.5	0
m.33851	449	0	0.5	0	0
m.33885	143	0.5	0	1.5	0
m.33899	140	1.5	1.5	1.5	1
m.34056	168	5.5	5	4	1
m.34074	300	1	1	0	1.5
m.3410	419	3.5	2	3.5	0.5
m.34124	301	1	0.5	2	0
m.34153	162	2	2	1	0.5
m.34157	102	13	14.5	13.5	10
m.34189	296	3.5	4	6	0.5
m.11819	281	2	1	1.5	1.5
m.342	284	17	17	12	5.5
m.3422	302	1	2	1.5	2
m.34230	432	0.5	1.5	1.5	0.5
m.3426	883	0	0.5	0.5	0
m.34307	327	2	3	2.5	0
m.34320	345	4.5	4.5	5.5	1
m.34388	510	1.5	2	2	0
m.34425	200	2	2	5	1.5
m.3444	334	2.5	2	2	1
m.34462	419	8.5	8.5	7	4
m.11826	566	4.5	3.5	3	0.5
m.34493	172	7	7.5	10	3
m.34529	167	2	0	0	0
m.34604	140	2	2	1	0
m.34605	160	1	0.5	0.5	0
m.3462	8400	13	18.5	18	5.5
m.3463	3039	10.5	10	10	4.5
m.34688	318	2.5	1	1	0
m.34690	147	1	1.5	2	0.5
m.347	455	43	49.5	37	18
m.34713	109	1	1	1	0
m.10080	526	14.5	15	16.5	16
m.11831	212	0.5	1.5	1.5	1
m.3477	1085	23	20	21	6.5
m.34772	240	1.5	2	1	1
m.34789	370	0	0.5	0.5	0
m.348	295	8	8.5	4.5	4
m.34960	270	1	1	0	0
m.34980	153	1	1	1	1
m.34991	288	4	4.5	2	0.5
m.34996	174	1	1	0.5	0
m.35068	261	4	2	2	1.5
m.11832	897	9.5	7.5	7	7
m.35071	140	3	2	2.5	1
m.35100	307	0.5	0	0	0
m.35136	334	3.5	3.5	2	1
m.35147	172	1.5	1.5	1	0
m.35243	207	0.5	0.5	0.5	0
m.35307	214	0.5	0.5	1	0
m.3535	553	0.5	0.5	0	0
m.3543	203	0.5	0.5	1	0.5
m.3547	337	1.5	0	1	0.5
m.3549	388	1	0	1	0
m.1184	205	1	0	0.5	0
m.355	256	33.5	31	32.5	17.5
m.35511	123	1.5	1	1	0.5
m.35564	204	2.5	1.5	2	0.5
m.3565	211	5.5	3	1.5	0.5
m.357	733	0	0	0	0.5
m.35843	140	1.5	1.5	2	1.5
m.35895	213	1.5	1	1	0
m.35911	133	8.5	9.5	9.5	4
m.36003	135	3	3.5	2	3.5
m.11842	252	3	3.5	2	3
m.3601	988	0.5	0	0.5	0
m.36024	385	15	16.5	15	10
m.36124	147	2.5	2.5	3	2
m.3619	642	1.5	0	1	0.5
m.362	112	0.5	1.5	0.5	0
m.3621	404	1	1.5	1	1
m.36235	154	5.5	5	4.5	1
m.3627	290	3.5	3.5	4	2.5
m.36293	247	0	3	0.5	0
m.36294	179	0.5	1.5	0.5	0.5
m.11876	224	1.5	1	2	1
m.36295	190	0	0	1	0
m.36305	120	0.5	1	0.5	0
m.36358	231	1.5	1	2	0
m.36412	362	1.5	1	1	0
m.365	460	27.5	37.5	26.5	20
m.36655	249	2.5	2	1	0
m.36657	206	6.5	5.5	7	4.5
m.36658	156	6.5	5	7.5	5.5
m.36659	126	3	1	2	0
m.3666	213	34	25	33.5	15
m.1188	293	5.5	6	5.5	5
m.36673	175	2.5	0	0.5	0
m.36731	170	5	3.5	5.5	3
m.3675	482	4.5	7	3.5	1.5
m.3689	731	3.5	3	3.5	2
m.3691	708	1.5	1.5	0.5	0
m.37180	248	3	0	3.5	0
m.37188	283	1	0	0	0
m.3723	105	0.5	2	1.5	1
m.37396	133	5.5	6	5	5
m.37474	159	5.5	10.5	12	9.5
m.11907	647	0	0	1.5	0
m.3760	164	1	1.5	1	0
m.37732	163	1	0	1	1
m.37794	114	0.5	1	0	0
m.378	200	14	13	12	7
m.37833	126	7	7.5	8	6
m.37922	139	2	2	2	1
m.37941	99	0.5	0	1	0
m.11921	315	9.5	7	5.5	3.5
m.37962	437	3.5	3	2	0
m.37963	226	1	1.5	2	2
m.38034	178	0.5	1	0.5	0
m.38037	198	9.5	9.5	9.5	6
m.38038	462	6.5	9.5	7	3
m.38073	190	3.5	2.5	3.5	3
m.3808	609	27	25	21	12
m.3817	410	1	1	1	0
m.38264	113	1	1.5	1	0.5
m.38396	326	0	0	1	0
m.11924	283	0	0.5	0.5	0
m.384	422	94.5	101	86	70.5
m.38468	195	4	3	4	0.5
m.38478	153	1	0.5	1	0
m.38537	209	1	1	1	0.5
m.38555	178	1.5	0.5	0.5	0
m.38571	236	1	0.5	0.5	0
m.386	335	10	5.5	7	2
m.3861	463	0.5	1.5	1	0
m.38692	194	2.5	2.5	2.5	0.5
m.3871	422	1.5	0.5	1	0
m.38847	116	0	0.5	1	0
m.39	352	0	0.5	0	0.5
m.3914	142	2	3	3	3
m.3929	668	1	0.5	0.5	0.5
m.3936	244	5	5.5	4	3
m.395	594	7	6	6.5	1.5
m.3953	259	3	3	4	2.5
m.3970	459	4	1.5	2.5	0
m.3978	582	10	8	6	4.5
m.3981	180	2	4.5	5	1
m.10093	673	1	1	0.5	0.5
m.11960	265	1	1	1	0
m.3991	359	2	0.5	2	1
m.4	1370	44.5	27.5	31	25.5
m.4026	349	4	3	1.5	2
m.405	356	3.5	3	2	1
m.408	537	3	2.5	2.5	2
m.4092	124	18.5	21	15.5	9.5
m.4111	173	0.5	1	1	0
m.4131	303	1.5	1.5	2	1.5
m.416	307	6.5	5	4	0.5
m.4166	132	0	0	0.5	0.5
m.11993	245	1	2	1	0
m.4186	1024	0	1	0.5	0
m.4192	379	2.5	3	3.5	2
m.4199	411	3	2.5	1	0.5
m.4212	929	27	22	18	10.5
m.4224	397	11	7	11.5	3
m.4229	273	5	4	5	2.5
m.423	229	8.5	8.5	8.5	6.5
m.4233	452	2	2.5	2	0
m.4250	288	19.5	19	19.5	14.5
m.426	811	6.5	10	10.5	6
m.12002	156	1	1.5	1	0
m.4268	630	2	1.5	0.5	0
m.427	250	1.5	1.5	3	1
m.4279	306	1	0	0	0
m.428	332	4.5	3.5	3	0
m.43	257	0	0	1.5	0
m.4304	248	1.5	1.5	1.5	0
m.4309	396	0	0.5	0	0
m.431	153	1	1.5	1	0
m.4326	136	3	2.5	2.5	1.5
m.12007	433	7	8	6.5	6
m.4327	322	1	2.5	0	2
m.4353	392	4.5	5.5	5.5	2.5
m.4356	640	9	6.5	6.5	3.5
m.4358	403	2.5	3	4	1.5
m.437	429	2.5	1	3	0.5
m.4371	294	0.5	0	0	0
m.4377	263	2	1	0.5	0
m.4386	383	2.5	3	3	0.5
m.4387	576	1.5	0	0.5	0
m.4396	851	1	0.5	1	0
m.12009	511	0	1	2	0
m.4397	158	0.5	0.5	0	0
m.441	423	14	14	15	9.5
m.4416	678	0.5	0.5	0.5	1
m.443	202	2	2.5	1	0
m.444	342	0.5	0.5	0	0
m.4453	365	3	2	2.5	1
m.4511	317	1	1	0.5	0
m.4533	744	1	0.5	1.5	0
m.454	722	1	1.5	2	0.5
m.12035	180	1.5	3.5	2.5	0
m.4541	228	0	0.5	0.5	0.5
m.4567	294	1.5	1.5	1	0
m.4575	193	1.5	1.5	1	0
m.458	572	1.5	0	1	0
m.459	339	9.5	6.5	4.5	3.5
m.4593	1009	4	4.5	6	2.5
m.460	402	14.5	11	12.5	5.5
m.461	891	2	1	0.5	0
m.4616	493	2	2.5	3	0
m.462	353	5	5.5	5	1.5
m.12048	569	13.5	11.5	10.5	3.5
m.4637	291	1	1	0	0
m.4641	249	0	0.5	0.5	1
m.4645	459	0	0	0.5	0
m.4694	414	11	12.5	12	8
m.47	1132	0	0	1	0
m.471	360	0.5	0.5	0	0
m.4728	213	4	5.5	8.5	2
m.473	628	10	10	9	5.5
m.4733	390	1.5	1	0	0
m.474	402	1.5	1	1	1
m.12056	309	3	4	3	0.5
m.4747	349	10.5	7	8.5	4.5
m.4759	223	6.5	4.5	3.5	0
m.4808	367	0	0	0	0.5
m.481	1150	12	17.5	13	3.5
m.4845	303	0	0	1	0
m.4855	1250	1	0	0	0.5
m.4863	154	0	0.5	0.5	0
m.4876	497	10	9	11	8.5
m.4878	331	23	23	21	9.5
m.12069	191	0.5	0	0	0
m.4883	240	1.5	2	3	1.5
m.4889	468	2.5	2.5	3.5	1
m.4892	422	2	1	1.5	0
m.4894	508	1.5	1	0.5	0.5
m.4897	319	13.5	16.5	11.5	3
m.4900	202	5	4.5	6	1
m.4903	2982	2	0	1.5	1.5
m.491	248	12.5	12	12.5	2.5
m.4911	552	72.5	74.5	64	36
m.4921	158	12.5	10.5	10.5	5
m.12097	491	0.5	0	0.5	0.5
m.4923	315	14	14.5	16	7.5
m.494	400	7	4.5	6	4
m.4943	647	42.5	43.5	40	20
m.4946	322	1.5	1.5	1	0
m.4958	221	0.5	0	0.5	1
m.4968	676	1	0	1.5	0
m.4969	645	0.5	0	0.5	0
m.4974	208	3.5	2.5	2	1.5
m.4978	368	31.5	30.5	30.5	19
m.4988	204	4.5	4	4.5	1.5
m.10111	222	0	1.5	2	0
m.1215	381	7	8	4	1
m.4990	351	0	4.5	1.5	1
m.4998	325	2.5	3	2	2
m.500	227	0.5	0.5	0.5	0
m.5005	481	26	27	25	13
m.5012	2350	86.5	85	81.5	55
m.5020	224	8.5	7	9.5	3.5
m.5022	151	12	13.5	13.5	7.5
m.5026	617	0	0	0.5	0
m.5028	1007	24.5	26.5	23	9.5
m.12175	403	6.5	5.5	6.5	1
m.5036	327	1	0	1	1
m.5038	1493	1	0.5	1	0
m.5056	403	4	4.5	3	1.5
m.5061	506	14.5	15.5	12.5	7.5
m.5062	346	15	14.5	12	11.5
m.5064	342	6.5	10	12.5	4
m.5076	1105	4.5	5	5	3.5
m.508	371	6.5	5.5	6	1.5
m.5080	107	3	6	4	1
m.5081	198	4.5	8	5.5	2
m.12185	535	1	2	3.5	2
m.5109	131	1	1	1	0
m.5113	272	8.5	8	8	4
m.5116	342	0.5	0	0.5	0
m.5120	694	24.5	22.5	21.5	12
m.5128	376	4	3.5	3	3.5
m.5142	151	5	5	6.5	5.5
m.5146	126	5.5	7	6.5	2.5
m.5147	416	13	14	13	5.5
m.5148	167	3.5	3	3	3
m.515	303	3	3	2.5	1.5
m.12229	471	25.5	28.5	25.5	15.5
m.5150	488	2.5	3	3	2
m.5161	451	5.5	4.5	4	1.5
m.5172	212	0.5	0	1	0
m.5182	409	11.5	10.5	10.5	3
m.5185	122	1.5	2.5	2	0
m.5186	242	44	39	39.5	32
m.519	515	9.5	14.5	10.5	5.5
m.5191	2106	12	13	8.5	2
m.5199	639	2	4	4	1
m.1223	739	3	2.5	2.5	2.5
m.5203	1963	1	1	2.5	0
m.5212	302	1.5	1	2.5	0
m.5216	1018	2	0	1	1.5
m.5248	375	1.5	1	0.5	0
m.5250	227	3	3	2	3
m.5253	335	30	28.5	29	16
m.5256	138	4	5.5	5.5	4.5
m.5258	222	1.5	1.5	4	1.5
m.5266	746	1.5	1	0.5	0
m.5277	148	2	1.5	1.5	0
m.12238	232	18.5	16	17	9.5
m.5288	344	0.5	2	2.5	0
m.5290	1690	24	23	24	14.5
m.5296	670	0	0	0.5	1.5
m.5305	270	4	2	2	0
m.5309	1972	145	144	136	101.5
m.531	580	14	17	17	8.5
m.5315	882	9.5	8.5	8	2.5
m.532	113	3.5	4.5	5	1.5
m.534	225	14	16	15.5	6
m.5346	119	1.5	1.5	1.5	0
m.1225	1047	0.5	0	0.5	0
m.5352	328	0.5	2	0.5	0.5
m.5354	547	14.5	14	12	4
m.5364	172	8	8	8.5	6
m.5369	500	4.5	2.5	2.5	2
m.5376	135	0.5	1	0	0
m.5382	195	3.5	3	3	3.5
m.5390	842	5.5	9	5	4.5
m.5398	324	0	0	0.5	0
m.5400	164	4.5	3	4	1.5
m.12306	644	1.5	0.5	2	0
m.5401	114	0	0.5	0.5	0
m.5403	461	19	20	17	7.5
m.5407	595	6	6.5	8	3.5
m.5413	216	1	1.5	2	0.5
m.5415	188	4	2.5	4	0.5
m.5416	476	3.5	3.5	3	0
m.5422	1121	7.5	8.5	6.5	2
m.5425	415	42	43	35	19
m.5441	307	3	1.5	3	3
m.5442	167	13.5	13.5	13	11.5
m.12334	1458	1.5	2	1	0.5
m.5457	390	0.5	0.5	0	0
m.5459	641	1	0	0	0
m.5465	622	10.5	10	10.5	6.5
m.5473	170	5	5	4.5	1.5
m.5478	219	1	0	1.5	0
m.5484	707	3.5	1.5	1.5	0
m.5487	105	4.5	5	2.5	0.5
m.550	489	32	33	30.5	20
m.5507	231	2	3	2.5	2
m.1235	511	0.5	1	2.5	0.5
m.5516	387	3.5	4	4	1
m.552	338	5	5.5	4	1
m.5522	429	3.5	4.5	4	2.5
m.5525	456	11.5	14	11	9.5
m.5528	192	4	3	4	2
m.5538	480	12	11.5	11.5	7.5
m.5566	116	1.5	1	2	1
m.5581	320	1	0	1	0
m.5583	175	4	3.5	4	3
m.5593	175	1.5	2.5	1	2
m.1013	969	0	0.5	0	0
m.12366	358	0	0.5	0.5	1
m.56	236	8.5	8	8	4
m.5603	203	2	2.5	4.5	1
m.5605	166	6	6	6	4.5
m.5606	190	7.5	4.5	3	0
m.5611	317	12	14	14	5
m.5613	134	4.5	4	4.5	2
m.5618	330	11.5	6	3.5	0
m.5620	959	2.5	4	3.5	1.5
m.5624	813	13.5	13.5	16	6
m.5628	431	24.5	20.5	26.5	14
m.1238	450	5	3	3	1.5
m.5643	338	3	3.5	4	0.5
m.5644	430	15	14.5	12	11
m.5659	127	4.5	5	5	1
m.5664	242	12.5	12.5	13.5	8.5
m.5665	346	9	8.5	8	5.5
m.5672	207	0	0.5	1	0
m.5676	297	2.5	3.5	2	0
m.5677	398	8	6	8.5	5
m.12417	694	1.5	2	1.5	0
m.5686	252	1	0	0.5	1
m.5692	394	1	1	0.5	0.5
m.5724	205	7.5	11.5	5	0
m.5735	289	1.5	0.5	0.5	0
m.5752	384	0	0.5	0.5	0
m.5753	396	3	1.5	1.5	1
m.5755	241	2	2.5	2.5	0.5
m.578	416	0.5	0.5	0	0
m.579	570	23	23.5	19.5	15.5
m.580	344	20.5	20	20	10
m.1249	263	9	15.5	7.5	1.5
m.5803	326	0	1	0.5	0
m.5804	1293	12	9	12.5	2.5
m.5811	486	19.5	19.5	18.5	8
m.5859	199	3.5	4	4	4.5
m.5862	284	3.5	2	2.5	2.5
m.5867	472	5.5	6.5	2	1.5
m.5868	232	0.5	1	0.5	0
m.5869	404	1.5	2	3	2.5
m.5870	1080	13	11.5	14	8
m.5891	357	2	3	2.5	1
m.12517	148	0.5	1.5	2	0
m.5898	324	1	1.5	0.5	1
m.5900	332	2	1	3	1
m.592	568	1.5	2.5	2	0
m.5924	163	4	3	3	2.5
m.5940	470	14	17.5	13	7
m.5946	412	3.5	3	3.5	0.5
m.5947	328	3.5	2	0.5	1
m.595	591	9	6.5	9.5	4.5
m.5953	1295	40	41	33	13.5
m.5958	540	0.5	0.5	0	0.5
m.12521	914	17.5	17	19.5	9
m.5961	726	50.5	44.5	42	20
m.5976	440	3.5	1	2.5	1
m.5981	145	5.5	4	2.5	3
m.6000	281	11	11	8	6.5
m.6006	339	30.5	26	25	14
m.6024	399	4	4	3	2
m.6025	191	6.5	16	4	2
m.604	626	11.5	9	9.5	6
m.6042	807	0.5	1.5	0.5	0.5
m.6043	332	0	1	0	0
m.12550	201	5	4	3.5	3.5
m.6046	318	2	2	1	0
m.6058	1126	0	1	0.5	0.5
m.606	401	17	18.5	16	15.5
m.6062	535	9	10	6	3
m.6067	290	1.5	2	1.5	0
m.6076	413	0.5	0	0	0
m.6093	277	1	1	1	0
m.611	550	4.5	3	4	0.5
m.6130	287	14.5	17	13.5	9
m.12589	426	4	3.5	3	2.5
m.6137	829	1	0.5	1.5	1
m.6149	834	10	7.5	11.5	5.5
m.6153	459	3.5	2.5	3.5	1.5
m.6160	246	12	13.5	11.5	7
m.6161	297	2.5	0.5	3	0
m.6174	243	19.5	20	17	10
m.6192	463	12.5	12	18.5	10.5
m.6207	485	0.5	1	0.5	0
m.6212	640	31.5	34.5	29	13
m.12606	311	0.5	1.5	1	1
m.6219	1290	2	2.5	2.5	1.5
m.6233	239	5	5	2	1.5
m.6235	1030	2.5	1	1	0
m.6244	213	1	0	0.5	0
m.6258	470	3.5	3	3.5	3
m.6266	564	15	13.5	21.5	9.5
m.628	379	3	3	3	0
m.1261	196	1	0.5	0	0
m.6338	688	0	1	0	0
m.6354	185	4	2.5	3	2.5
m.6361	1066	18.5	17.5	16.5	5
m.6363	693	3	3.5	5	2
m.637	726	4	2.5	5.5	3
m.6370	313	16.5	14	16.5	9.5
m.6400	282	1.5	1	2	0.5
m.6404	402	1	1	1.5	0.5
m.6408	422	1	0	0.5	0
m.10132	182	1.5	1.5	1	1
m.6410	391	2	1	1.5	1.5
m.6414	454	3.5	6	4	2
m.6495	278	3	2	2.5	1
m.650	554	5.5	5	3.5	1.5
m.6505	217	1	1	0.5	1
m.651	113	7	6.5	5.5	2
m.6511	281	7.5	10	6	5
m.6516	603	2	3	1	0
m.6522	302	21.5	16.5	10	6.5
m.12642	195	26.5	29.5	29	14.5
m.6524	587	25.5	20.5	20.5	14.5
m.6525	168	2.5	2.5	2	0
m.6534	473	0	0.5	0.5	0.5
m.6554	533	13.5	23	11	8
m.6562	225	2.5	4	2.5	1
m.657	677	6.5	7.5	9	3
m.6574	602	12.5	10.5	9	2.5
m.6603	632	3	4	5.5	2
m.6613	526	0	0.5	0	0.5
m.6614	1203	6.5	10	5	2
m.12648	162	0.5	1	0.5	0
m.6620	708	2	2.5	1	0
m.6630	215	0.5	0.5	1	0
m.6645	175	1	1.5	2.5	0
m.6650	137	1	1	1	0
m.6654	227	4	4.5	5	2.5
m.6678	2678	3	2	3	2.5
m.6688	381	1.5	2.5	3	1
m.6690	123	3.5	2.5	1.5	1
m.6698	487	38	31	30	13.5
m.6700	483	0.5	0	0	0
m.1265	381	1	0	0	0
m.6705	727	16	20.5	17	8
m.671	663	1.5	1.5	2	0
m.6724	676	21	19.5	15	7
m.673	891	0.5	0	1.5	0
m.6735	993	1	0	2	0
m.6750	260	10	8.5	8.5	2
m.6751	684	1.5	1.5	1	0.5
m.6756	433	0	0	0.5	0
m.6764	636	5	4	5	1
m.6777	271	1.5	1.5	2.5	0
m.12662	470	13.5	12.5	14	13
m.6795	338	3	2.5	3	0.5
m.681	2015	73	76	72.5	40.5
m.6816	173	0.5	1.5	1.5	0
m.6822	465	1.5	2.5	2	1.5
m.6835	423	3	3	3	0
m.6844	389	11	16.5	13.5	7
m.6864	607	0.5	2.5	1	1
m.6865	1038	1.5	3.5	3	1
m.6868	946	11	10	7	3.5
m.6883	567	11.5	12	11.5	6
m.12676	293	1	2	1	0.5
m.6915	184	0.5	1	1	0
m.694	857	3.5	2.5	7	2
m.6949	182	2.5	2.5	1	1
m.6956	142	0	0	0.5	0
m.6968	331	0	0	1	0
m.6975	388	1.5	1.5	2.5	1
m.698	256	1	0.5	1	1
m.6987	527	1	1	0	0
m.6990	479	3.5	2	3.5	2
m.6999	171	1.5	1	1.5	0.5
m.12686	459	3.5	3.5	1.5	1
m.70	207	2.5	3.5	1.5	1
m.7005	1086	41.5	38.5	33.5	13.5
m.707	329	2	1	1.5	0
m.7103	496	1.5	2	1	0
m.7107	168	0	1	1	0
m.711	289	0	0.5	0	0
m.7111	267	1.5	1	2	0
m.7115	1367	7	9.5	7.5	2
m.7131	978	4.5	3.5	3.5	4
m.7138	221	0	0	0.5	1
m.12693	1749	3	14	8	6
m.7140	275	10.5	8	6	4.5
m.7154	627	0	1	1	0.5
m.7159	1549	2	4	1	0.5
m.720	102	1	1	1	0
m.7206	974	6	6	4	2.5
m.721	1283	1.5	0.5	0	0
m.7211	854	2	1.5	2	0
m.7240	672	1.5	2	2	0
m.7242	348	1	1	1.5	0
m.725	200	0	0	0.5	0
m.12695	530	0.5	0	0.5	0
m.7262	373	13	14.5	13	7.5
m.7285	870	1	0	0.5	1.5
m.7288	361	10.5	9	6.5	1.5
m.7296	413	30.5	42	36	24
m.7297	100	9	7	6	5.5
m.733	773	10.5	7.5	4	1.5
m.7348	315	10.5	10	13.5	7.5
m.7362	351	1	0	0	0
m.7372	521	0.5	0	0.5	0.5
m.7375	539	0	0.5	0.5	0
m.12698	142	4.5	4.5	4	3.5
m.738	140	13	14	8.5	4
m.7382	319	0	1	1	1
m.7404	524	118.5	106.5	106	70
m.7426	502	34	28.5	30	15
m.745	243	11	11.5	12	5
m.7457	110	8	5.5	8	4
m.7461	430	14	14.5	9	4.5
m.7469	537	4.5	3.5	3	2.5
m.7470	329	0	0.5	1	0
m.10135	467	2.5	3.5	3.5	1.5
m.12707	398	2.5	0	0	0
m.750	800	0	2	0	0
m.7509	441	3.5	2	2	1
m.753	343	4	5	4	2
m.755	538	2	0.5	1.5	0
m.7552	386	1	1	1	0.5
m.7561	417	3	2.5	3.5	0
m.7582	540	2.5	3.5	5	2.5
m.7588	415	1	1.5	1	0.5
m.7592	467	11	12	7	4.5
m.7593	596	2.5	3	3.5	1
m.12716	167	1	0.5	1	0
m.7595	1291	43	44.5	44	28.5
m.7600	469	0.5	0.5	0.5	0
m.7628	331	0.5	0	0.5	0
m.7630	342	0	0.5	0	0
m.7637	482	7.5	5.5	7.5	4
m.7647	1472	3.5	3	3.5	1.5
m.765	688	2	3.5	3.5	1.5
m.7658	726	0	0	0.5	0
m.7660	262	0.5	0	0.5	0
m.12721	179	1	2	0.5	1.5
m.7663	465	1.5	1	2	0
m.7667	285	5	4.5	6	3.5
m.7674	481	8	6	6.5	3.5
m.7691	358	2	1	1.5	0
m.77	597	43	44	39	28.5
m.772	418	19.5	18	18	7
m.7741	384	88	84.5	79.5	47
m.7744	503	1	0	0	0
m.7751	288	14	16.5	13.5	9.5
m.7753	1062	0	0.5	0.5	0
m.12725	224	4.5	4	3.5	1.5
m.7798	205	0.5	1	1	0
m.782	388	28.5	31.5	29	9.5
m.7834	739	2	2	2	1
m.7836	367	1	0.5	1	0
m.784	162	2	0	0	0
m.785	233	1	0.5	0.5	0
m.787	428	32	31	31.5	12.5
m.789	775	1.5	1.5	2	0
m.791	133	0.5	0	0.5	0
m.12732	698	27.5	32	25	12.5
m.793	584	1	0.5	0.5	0
m.7945	324	1.5	2.5	0.5	0
m.7961	340	0.5	0	0.5	0
m.7974	155	1	1	1	0
m.8003	356	4	4	4	1.5
m.8017	724	6	2.5	3	2
m.8023	472	1.5	1.5	1	1
m.8059	183	1	0.5	2	0
m.809	141	1	0	0.5	0
m.81	504	20	17	16.5	9
m.12737	490	0	0.5	1	1
m.8149	654	5.5	4.5	3.5	1
m.818	312	0	0.5	0	0
m.82	123	1	1.5	1.5	4.5
m.8222	467	23.5	25	22	14
m.8227	922	1	2.5	1	1
m.8232	523	1	3	1	1
m.8233	1215	25	27.5	24	11.5
m.8241	512	1	1	1.5	0
m.8246	632	1	0	0.5	0
m.12740	434	7	7	5	3.5
m.8318	815	0	0	0	0.5
m.8342	908	37	43.5	36	22
m.8376	1390	1.5	2	2.5	1
m.849	171	9	10	7.5	5.5
m.8553	598	0.5	0.5	0.5	0
m.8574	338	0	0.5	0	0.5
m.8594	352	2.5	2	2.5	1
m.860	473	12	9	8	2.5
m.8609	175	9.5	11	11	9
m.8622	179	1.5	2.5	1	0
m.12744	483	2	3.5	2.5	3
m.8646	552	1	0	0.5	1
m.865	271	10.5	9	9.5	2
m.8693	201	4	4	4.5	3.5
m.8696	278	0.5	0.5	1	1
m.8700	316	1.5	1	1	0.5
m.8703	160	2.5	2	3	0.5
m.8709	507	3.5	3.5	3.5	1.5
m.873	140	7	7.5	7	3
m.8730	570	1.5	2	3	0
m.8735	575	1.5	1	1.5	0
m.12757	255	6	6.5	6.5	4
m.8756	335	0.5	0	0	0
m.8796	376	5.5	6	6.5	3
m.8799	389	13.5	11	12.5	4
m.8820	398	1	0.5	0	0
m.886	1029	0.5	0.5	0.5	0
m.8870	312	16.5	15.5	16.5	7.5
m.8872	406	7	9	9.5	9
m.8875	267	5	5	7	5
m.8877	241	4.5	3.5	4	2
m.8885	757	12.5	24	19.5	9.5
m.1276	494	1	1.5	1	0.5
m.8900	399	11.5	13	11	9.5
m.8901	709	0.5	0	0	0
m.8908	660	2	0.5	2	0
m.8913	420	1	1.5	0.5	0.5
m.8914	480	1	1	1	1
m.892	692	4	3	5	1
m.8928	359	8.5	8	7	1.5
m.8936	197	2.5	2.5	2	2
m.8939	146	1.5	2	4	1.5
m.8941	216	5.5	9	7.5	4
m.10138	474	1.5	1.5	3	0.5
m.12762	252	18	23	13.5	12.5
m.8943	224	1	0.5	0	0.5
m.8947	2092	6	5	7.5	4.5
m.8953	221	7	5	7	2.5
m.8954	500	5.5	5.5	7	2.5
m.8957	494	2	2.5	2.5	1.5
m.8982	213	4.5	6	6.5	0.5
m.8984	345	0	1	2	0.5
m.8991	306	12.5	13	10	9
m.90	277	4.5	1.5	4	1
m.12764	395	3	4.5	3	1
m.9013	389	8	10	8.5	6.5
m.9015	170	6.5	4	6	2.5
m.9022	1133	29.5	30	27.5	14.5
m.904	870	6.5	4	5.5	1
m.9051	213	10.5	8	9	7.5
m.9052	1364	6	7.5	6	1.5
m.9058	352	13	14	10.5	8.5
m.12770	763	3	4	1.5	1.5
m.9072	179	2.5	1	2.5	0
m.9073	508	10	9.5	7	1.5
m.9086	773	19	16.5	19	6
m.9089	726	3	3	3.5	3.5
m.9097	494	2	3.5	3.5	0
m.9109	151	3	2	2	2.5
m.911	192	1	0.5	2	1
m.9110	140	2	2	2.5	3
m.912	124	0	0.5	0.5	0
m.12774	857	0	0.5	0	0
m.9122	382	1	3.5	1.5	1
m.9133	155	7	7.5	3	4
m.9135	505	3	3	2.5	2
m.9137	549	13	15	11.5	5.5
m.9141	173	2	2	2	0
m.915	457	1	1.5	1	0.5
m.9151	279	4	2	2.5	0
m.9167	564	12.5	13	15	5
m.9170	543	2.5	2	2.5	0
m.9176	257	5.5	4	5.5	1
m.12783	327	2.5	1.5	2	0
m.918	345	7	9	8.5	2.5
m.9181	139	2.5	2.5	2.5	3.5
m.9193	136	1.5	2	0.5	0
m.9195	251	1.5	1	2	0
m.9200	158	1	1	1	1
m.9206	260	0.5	0	0.5	0
m.9224	322	6	6	3.5	1
m.9226	462	20	20.5	17.5	8
m.923	391	1.5	1	0.5	1.5
m.924	786	11	11.5	10	4
m.12790	138	4.5	5	4	1
m.9242	256	2	1.5	2.5	1.5
m.9252	695	0	0.5	0.5	0
m.9253	509	1.5	1.5	1	1
m.9267	132	0.5	0	0	0
m.9284	447	18.5	13.5	15.5	7
m.9290	1260	0.5	0	1	0
m.9295	226	2	3	2	1
m.9312	311	3	3	0.5	0.5
m.9319	314	4	4.5	4	1
m.9320	149	0.5	1.5	0	0
m.12795	196	1.5	1.5	2	1
m.9322	625	7	7	7	3
m.9331	568	0	2.5	0	0
m.9340	260	2	3.5	2.5	1
m.9341	306	4	3.5	3	2.5
m.9342	193	7.5	8	8.5	5.5
m.9366	437	1.5	1.5	1	0
m.9386	745	0	0	0.5	0.5
m.9389	756	0.5	0.5	1	0
m.9399	268	10.5	12	8.5	7.5
m.12796	156	9.5	8	9	4.5
m.940	484	6	6	6.5	3.5
m.9408	224	4	3.5	3	1.5
m.9411	328	10	11	9.5	6
m.9432	802	7	6	7.5	1.5
m.9440	538	1	0	0.5	1
m.9443	895	1	1	1	0
m.9447	704	7	8	6.5	4
m.9474	609	1	1.5	1	1
m.9478	1342	27	32	23	6
m.948	269	3.5	4	5.5	5
m.1281	317	0.5	0.5	1.5	0.5
m.949	153	10.5	7.5	6	4
m.9498	636	0	0.5	0	0
m.9510	372	1	0	0.5	0
m.9511	681	10.5	9	11	6.5
m.9524	422	4	3	3.5	1.5
m.9527	577	3.5	1.5	1.5	0.5
m.9546	175	5	3.5	4.5	1.5
m.9560	412	2.5	1.5	4	2.5
m.9561	429	5	9.5	8.5	4.5
m.9566	251	1	1.5	2	1.5
m.12810	529	9.5	5	7	0
m.9578	173	55	51	25.5	15.5
m.9587	410	0.5	0.5	1	1
m.9595	223	37	37.5	35	23.5
m.9596	217	2	1.5	1.5	0.5
m.9604	530	2	2	1.5	0.5
m.9613	714	0	0	0.5	0
m.9621	354	0	0.5	0	0
m.9628	960	1	3	2.5	1
m.965	551	15.5	14.5	12.5	2
m.10146	361	1	2.5	1.5	0.5
m.12818	193	6	7	3.5	5
m.9652	236	10	12	11.5	6.5
m.9654	1097	1	0.5	1	0
m.9689	170	11.5	9.5	9.5	5.5
m.9699	450	35	33	27	16.5
m.9734	585	0.5	1.5	1.5	0.5
m.9740	719	0	0	0.5	0.5
m.9753	748	10	8.5	9	4.5
m.9756	182	5.5	5.5	5.5	0.5
m.9774	382	3.5	3	3	3
m.12824	377	18.5	16.5	17.5	7
m.9778	264	3	3.5	2	0.5
m.9816	202	2	1	1	0.5
m.983	610	1	1	1	0
m.9837	123	1.5	1	0	0.5
m.985	403	2	0.5	0.5	0
m.9853	405	3.5	1	2.5	1
m.9873	222	5	7.5	9	5
m.9880	463	1.5	1	1	0.5
m.9881	429	1.5	1	1	3
m.9886	890	2	2	1	0
m.12825	688	0	1	0.5	0
m.9891	150	9.5	9.5	7	2
m.9896	824	0.5	0.5	1	0
m.9912	268	0.5	1	0.5	0
m.9927	451	0.5	0	0	0
m.9935	160	3	2	3	2
m.9939	196	2.5	3	2.5	3
m.9956	418	2	2	4	1
m.9972	351	6	5.5	5.5	3
m.9986	274	7	4	3.5	1
m.9987	752	0.5	0	0.5	0
m.12826	335	0	0.5	0	0
symbB1.EST_k37c20_10192|m.23590	575	21	22.5	20	5
symbB1.EST_k37c20_10199|m.23603	313	3.5	1.5	1.5	1
symbB1.EST_k37c20_1036|m.2331	146	2.5	3	2	0
symbB1.EST_k37c20_10952|m.25393	404	3.5	2	1	0
symbB1.EST_k37c20_11005|m.25482	479	1	0.5	0.5	0
symbB1.EST_k37c20_11157|m.25744	424	2.5	1.5	2	0
symbB1.EST_k37c20_11310|m.26082	319	1.5	1	1	0
symbB1.EST_k37c20_1169|m.2671	307	10.5	9.5	8.5	4.5
symbB1.EST_k37c20_12165|m.28039	1291	1	0	0	0
m.12829	263	2	1.5	1	0.5
symbB1.EST_k37c20_12472|m.28674	778	0.5	0.5	0	0
symbB1.EST_k37c20_12680|m.29198	525	1	0.5	0.5	0
symbB1.EST_k37c20_12825|m.29527	152	0.5	0.5	0.5	0.5
symbB1.EST_k37c20_13424|m.30860	415	1	3	0	0
symbB1.EST_k37c20_1348|m.3129	292	1.5	2	1.5	1
symbB1.EST_k37c20_1369|m.3168	235	5	4	3	0.5
symbB1.EST_k37c20_13945|m.31959	330	0	0	0	0.5
symbB1.EST_k37c20_14340|m.32799	3845	0.5	1	1.5	2.5
symbB1.EST_k37c20_151|m.344	204	4	4	2.5	1
symbB1.EST_k37c20_15413|m.35140	461	1	1	1	0
m.1283	112	3	3	3.5	2
symbB1.EST_k37c20_15530|m.35382	544	0.5	0	0	0
symbB1.EST_k37c20_16090|m.36633	157	2	1.5	0.5	0
symbB1.EST_k37c20_17439|m.39726	295	1.5	1.5	1.5	1
symbB1.EST_k37c20_17557|m.39981	1210	0.5	1.5	0.5	1
symbB1.EST_k37c20_1763|m.4228	127	7	4	4	1
symbB1.EST_k37c20_17886|m.40673	796	1	0	0	0
symbB1.EST_k37c20_18007|m.40947	262	5.5	2.5	3.5	2
symbB1.EST_k37c20_1807|m.4315	605	2	1.5	1	0
symbB1.EST_k37c20_18914|m.42831	363	3	3.5	2	0
m.12839	312	2	1.5	1.5	0
symbB1.EST_k37c20_1935|m.4600	892	4	3	3.5	1
symbB1.EST_k37c20_2060|m.4873	147	6	3.5	3	4
symbB1.EST_k37c20_2071|m.4896	126	7	3.5	5.5	0
symbB1.EST_k37c20_20726|m.46522	157	4.5	4	4.5	3.5
symbB1.EST_k37c20_21115|m.47298	616	0.5	0.5	0	0
symbB1.EST_k37c20_21614|m.48388	335	2	1.5	1.5	0.5
symbB1.EST_k37c20_2316|m.5488	344	1	0	0.5	0
symbB1.EST_k37c20_24260|m.53662	192	1.5	0.5	0	0
m.12859	409	1.5	2	1	0
symbB1.EST_k37c20_24332|m.53801	388	0	0.5	0	0
symbB1.EST_k37c20_2434|m.5762	166	0	1	0	0.5
symbB1.EST_k37c20_2548|m.6110	212	6	7	6	4.5
symbB1.EST_k37c20_262|m.561	1089	9	6.5	6	3.5
symbB1.EST_k37c20_27166|m.59212	346	2.5	3	2	0.5
symbB1.EST_k37c20_2835|m.6680	165	3	2	2	1
symbB1.EST_k37c20_2873|m.6770	351	3	1	2	0.5
symbB1.EST_k37c20_30052|m.64411	370	2	1.5	2	0
symbB1.EST_k37c20_3045|m.7223	570	6.5	3.5	2	0
symbB1.EST_k37c20_3137|m.7441	137	3.5	2	1	0
m.1286	2829	296.5	249	269.5	155.5
symbB1.EST_k37c20_3194|m.7561	532	5.5	2	1	0.5
symbB1.EST_k37c20_319|m.681	429	5.5	2	2.5	0
symbB1.EST_k37c20_3367|m.8026	143	4	2.5	2.5	0.5
symbB1.EST_k37c20_34811|m.72609	265	1	2	1	0
symbB1.EST_k37c20_3550|m.8423	118	1.5	1	1	0
symbB1.EST_k37c20_3763|m.8967	138	5	3.5	4.5	1.5
symbB1.EST_k37c20_40880|m.81403	200	2.5	2	2	2
symbB1.EST_k37c20_4454|m.10626	401	1	0	0	0
symbB1.EST_k37c20_4530|m.10835	1086	4	2.5	2.5	1.5
symbB1.EST_k37c20_4585|m.10961	135	6	4.5	4	0
m.12872	385	10	8	6	2.5
symbB1.EST_k37c20_47047|m.87468	188	1.5	1	0	0.5
symbB1.EST_k37c20_47631|m.87845	639	2.5	1	0.5	0
symbB1.EST_k37c20_47633|m.87846	268	1	1	0	0
symbB1.EST_k37c20_47646|m.87855	135	5	2.5	3	1
symbB1.EST_k37c20_48001|m.88307	156	3.5	4	2.5	1
symbB1.EST_k37c20_48025|m.88342	199	4	2.5	3.5	0.5
symbB1.EST_k37c20_48387|m.88800	121	1.5	3.5	1.5	0
symbB1.EST_k37c20_4866|m.11610	391	5	4	3.5	3
symbB1.EST_k37c20_48819|m.89293	326	2	0.5	0.5	0
symbB1.EST_k37c20_5116|m.12234	365	1	2	0	0
m.10164	157	0	0	0.5	0
m.12887	415	1	1	1	0
symbB1.EST_k37c20_55677|m.94421	130	1.5	0.5	1	0.5
symbB1.EST_k37c20_57176|m.95446	360	1.5	1.5	0	0
symbB1.EST_k37c20_5771|m.13757	265	3	3	3	1
symbB1.EST_k37c20_59568|m.96245	208	3	5	2.5	2.5
symbB1.EST_k37c20_6130|m.14576	559	1.5	1.5	1	0
symbB1.EST_k37c20_6155|m.14644	880	2	1	1.5	0.5
symbB1.EST_k37c20_6169|m.14671	436	1	1	2	2
symbB1.EST_k37c20_6258|m.14822	332	2.5	1.5	1.5	0
symbB1.EST_k37c20_6575|m.15589	213	4	1	4	0
m.129	503	2.5	3	3	2
symbB1.EST_k37c20_6593|m.15621	461	1.5	2	1.5	0.5
symbB1.EST_k37c20_6718|m.15903	478	0.5	1.5	0	0
symbB1.EST_k37c20_679|m.1487	246	2	1	1	1
symbB1.EST_k37c20_6866|m.16214	439	1	0.5	0	0
symbB1.EST_k37c20_753|m.1636	362	4	3.5	1.5	1.5
symbB1.EST_k37c20_7975|m.18657	473	1	1	0.5	0
symbB1.EST_k37c20_8064|m.18902	416	1	0	0	0
symbB1.EST_k37c20_8373|m.19579	378	7	7	5.5	3
symbB1.EST_k37c20_8896|m.20721	588	2	2	2.5	0
m.12917	415	7.5	7	5	2
symbB1.EST_k37c20_9275|m.21620	2120	2.5	2	1	0
symbB1.EST_k37c20_9362|m.21825	318	4.5	2	1.5	0
m.10061	510	3	5	4.5	2
m.10199	219	7	7.5	7	6
m.10264	203	0	0.5	0	0.5
m.4337	518	0	0	0	0.5
m.10324	680	2.5	3.5	2	0
m.1036	1192	2	1.5	2	0.5
m.12941	323	6	8.5	7.5	1.5
m.10517	796	0	1	1	0
m.10603	487	0.5	0.5	0	0
m.10605	698	2	2.5	3	1.5
m.10713	218	8	6	7	6
m.12813	219	5.5	5	5.5	5
symbB1.EST_k37c20_37952|m.77340	217	1	0.5	0	1.5
m.10928	723	10	8	6.5	4
m.11115	300	3	3	2	3
m.21828	279	2	1.5	1	1
m.2713	305	1.5	3	2	1.5
m.19703	231	0	1	0	0.5
m.113	378	49	44.5	42	27.5
symbB1.EST_k37c20_41902|m.82682	468	20	15	16.5	10.5
m.31439	231	8	6	6.5	1.5
m.11458	213	3	1.5	2.5	2.5
m.11995	326	6	6.5	5.5	4
m.31539	379	3.5	3.5	3	1
m.14932	175	1.5	1.5	2	1
m.5696	189	6	6	7	4
m.12129	447	108	108	96.5	57.5
m.29835	460	99.5	100	92.5	55
m.30405	235	69	65.5	62.5	40
m.2128	233	48.5	51	44.5	28.5
m.28478	448	30	29	26.5	15.5
m.36059	184	18	18	15.5	12
symbB1.EST_k37c20_23066|m.51297	469	30	28.5	26	14.5
m.12942	291	0	0	0	1
m.1245	204	24.5	24.5	22.5	19
m.15067	179	6.5	6.5	6.5	5
m.10914	217	5	6	5	3.5
m.17885	208	4	3.5	4	3.5
m.12699	199	11.5	11.5	12	9.5
m.14255	219	7	5	5	3
m.1509	223	4	4.5	5	4
m.18748	201	8.5	8	8.5	6
m.1242	255	3.5	3.5	3.5	3.5
symbB1.EST_k37c20_46370|m.87062	230	3	3	3.5	3.5
m.7341	237	3	3	3.5	3
m.22444	205	0.5	0	0.5	0
symbB1.EST_k37c20_56818|m.95252	228	7	7	6	4.5
m.12659	176	0	0.5	0	0.5
m.12690	150	0	2	0.5	0
m.12709	550	5.5	5.5	6.5	3
m.12711	510	4	7	2	1.5
m.12724	296	3.5	5	2.5	5.5
m.12733	700	10.5	9.5	9.5	5
m.12781	500	1	1.5	1	0.5
m.12890	232	2	0.5	1.5	0
m.12970	372	6	6	6	1
m.13047	186	4.5	6.5	5.5	5
m.26081	187	6.5	8	6	7.5
m.13119	549	9	5.5	5.5	1.5
m.1334	391	1.5	0.5	0	0.5
m.13436	653	1.5	1.5	2	1.5
m.13638	869	1	1	1	0.5
m.13659	548	1	1	1	1
m.13801	461	0.5	0	0.5	0
m.1390	448	6.5	8.5	8.5	2.5
m.1391	160	0.5	1	0.5	0
m.1396	509	0.5	1	1.5	0.5
m.13574	515	1	1.5	2	0.5
m.1296	468	3	2.5	1.5	1
m.14282	326	0.5	1.5	1.5	0.5
m.145	467	1.5	1	0.5	0
m.14924	360	0	0.5	0.5	0
m.1493	232	5	9	5.5	3
m.15139	435	47.5	46.5	32.5	29
symbB1.EST_k37c20_26730|m.58389	993	5	6.5	1	0
symbB1.EST_k37c20_1952|m.4632	728	3.5	4	1	0
symbB1.EST_k37c20_7002|m.16520	790	7.5	6	4	2.5
m.15220	508	9.5	10	9	4
m.15426	1113	6	6.5	4.5	2.5
m.15462	185	4	3.5	2.5	0
m.15831	119	6	2	2.5	0.5
m.12976	264	3	3.5	3	1.5
m.16008	262	2.5	3.5	3.5	2.5
m.16090	446	18.5	21	13.5	8
m.16351	226	8.5	8	9.5	5.5
m.16371	297	1.5	1.5	1.5	1.5
m.16813	293	1	0.5	1	0
m.17239	445	1.5	1	2.5	0
m.173	389	178	184	180	138.5
m.184	376	196	198	196	152.5
m.278	253	120	125.5	121.5	95.5
m.26952	376	47.5	44.5	43	39.5
m.17435	484	17.5	18	19.5	9.5
m.17469	174	2	3	2.5	2
m.12991	100	32.5	30	25.5	16
m.17967	175	4	2	3.5	2
m.6185	175	4	2	3.5	2
m.1806	594	2	3.5	2.5	0
m.18179	295	6.5	6	5.5	4.5
m.26302	181	3	5	2	0.5
m.18366	538	4	5	2	1.5
m.18373	191	2	3.5	2	1
m.11555	111	1	1	1	0.5
m.18767	961	3.5	3.5	5	3
m.1911	462	3	1.5	4	2
m.1884	645	2.5	1.5	2.5	1.5
symbB1.EST_k37c20_26089|m.57196	562	0.5	0	0.5	1
symbB1.EST_k37c20_41705|m.82450	593	1	0	0.5	0.5
m.19242	719	8.5	9.5	9	3.5
m.19535	181	1.5	1	2	0.5
m.19661	333	4.5	4.5	5.5	1
m.12999	500	0.5	0.5	0.5	0
m.19674	317	6	7.5	4	2.5
m.19764	354	3.5	4	3.5	1.5
m.21346	340	4.5	4.5	3	3
m.16676	336	2	2.5	2	1
m.20126	239	1	2	2	0.5
m.5042	675	1	2.5	2	0.5
m.20952	109	1.5	1.5	2	0
m.20957	639	4.5	6.5	5.5	3.5
m.14998	1027	0.5	0	0	0
m.21013	777	3	3	1.5	1.5
m.18548	223	1	1	1	1
m.21153	225	2	3.5	2	1.5
m.21390	125	12	10	11.5	9
m.21690	240	0	0.5	0.5	0
m.218	310	12.5	13	9.5	9.5
m.22339	1615	0.5	0	1	0
m.10183	616	0	0	1	0
m.13002	220	1	2	1	0
m.22940	466	11	11.5	12.5	7.5
m.232	1282	5.5	3	2.5	2.5
m.23328	172	1	1	1	1
m.23454	187	27.5	20.5	28.5	16.5
m.23900	193	3	3	2.5	1.5
m.24137	338	2.5	2	0.5	0.5
m.24851	900	15.5	23	14.5	3
m.24952	767	0	0	0	0.5
m.24983	433	1	0	1	0.5
m.25258	278	2.5	5	5.5	3.5
m.1301	177	0.5	1	0.5	0
m.25369	237	1.5	0.5	0.5	0.5
m.25835	116	5	3	3.5	1
m.25985	421	17.5	18.5	17	11
m.26956	495	17	14	15.5	5.5
m.27117	475	5	4	5.5	0.5
m.2752	168	9	11	10.5	7
m.27687	497	3	3	3	0.5
m.27757	157	3	3	3	2.5
m.27890	192	0	4	0	0.5
m.2792	427	0.5	1.5	1.5	1
m.2030	436	1.5	2.5	2.5	1.5
m.13026	699	0.5	0	0	0.5
m.28159	179	1	0.5	0.5	0
m.28444	404	6	4.5	8.5	3.5
m.13796	395	0.5	0.5	1.5	0
m.2848	287	4.5	4	2.5	2.5
m.28480	131	1	0.5	0.5	0
m.18341	246	3	0	1	0
m.28687	461	1.5	0.5	0.5	0
m.2908	2325	2	2.5	2	0
symbB1.EST_k37c20_4259|m.10144	2381	1.5	1	2	1
m.29808	242	9	5.5	8.5	4
m.20285	293	2	2.5	2.5	2
m.29813	455	6	3.5	3	3
m.30980	429	4.5	3	3	1.5
m.13131	436	3.5	4	3	3.5
m.15859	410	7	5	5.5	5
m.12982	418	2	4	4	1.5
symbB1.EST_k37c20_6773|m.16013	432	3.5	3	1.5	1.5
m.3079	696	22	19.5	18.5	8
m.2150	326	2.5	2	2	2
m.31093	201	1	0	0.5	0
m.13039	212	3.5	1.5	1	1.5
m.31593	374	0.5	0.5	2	0.5
m.32004	521	10	10	9.5	6.5
m.32539	222	3.5	3	2.5	2
m.6240	289	0	0	0.5	0
m.33135	103	38	36	35.5	26
m.33500	300	14.5	16.5	13	16
m.33850	297	0.5	0	0	0
m.3414	517	0.5	0	0.5	0
m.34165	271	1	1.5	2	0
m.3494	2140	129.5	135.5	122	73.5
m.13041	309	0.5	0	2	0
m.36049	334	5.5	3.5	2.5	0.5
m.13050	236	0.5	0	1	0
m.36534	1157	0	1	2	0.5
m.37637	179	11	12	10	1.5
m.6583	194	0.5	0	0	0
m.38108	101	2	0	1	0
m.38282	359	6.5	4.5	4.5	4
m.17520	299	5	4	4	4
m.3835	317	2	0.5	0	0
m.3844	610	61	61	59.5	23.5
m.9144	101	12	15.5	12.5	10.5
m.38633	275	14	13.5	11.5	4
m.3872	704	3	3	2.5	1.5
m.392	136	19.5	19.5	20	15
m.13061	1080	0.5	1	0.5	0
m.4330	257	0	1	0	0
m.44	328	6.5	5	6.5	3
m.22336	329	8.5	6.5	6.5	2
m.449	162	6.5	5	5.5	4.5
m.4530	483	1.5	0	0	0
m.4781	617	10	12	12	5
m.4865	531	9.5	9	5.5	3
m.4884	253	18	17.5	21	15.5
m.4960	840	31.5	29	31.5	18.5
symbB1.EST_k37c20_2962|m.7004	867	3.5	0.5	2.5	0
m.498	709	0	0	0.5	0
m.5030	279	13.5	11.5	10.5	3.5
m.13075	235	1	1	1	1
m.506	193	3.5	3.5	3.5	2
m.5087	320	2.5	2.5	2	1.5
m.5096	1402	6	6	4.5	0
m.5098	411	1.5	1	1	0.5
m.29201	116	4	3	2.5	1.5
m.22041	329	0.5	0.5	1	0
m.32422	236	0	1	1	0
m.5115	549	8	10	8.5	5.5
m.5317	354	9.5	11	9.5	5
m.5270	380	4	6.5	6	2
m.5328	257	3	3.5	3.5	2.5
symbB1.EST_k37c20_745|m.1617	448	2.5	3	3.5	1
m.5347	415	9.5	8.5	10	4.5
m.537	304	1.5	2.5	3	1.5
m.5384	568	1	2	2	0
m.13076	445	4.5	3.5	7	1.5
m.5440	160	44	22	40	27.5
m.19482	215	37.5	19	34	25
symbB1.EST_k37c20_660|m.1437	241	37.5	18.5	34	25
m.5463	882	73	68	63.5	43
m.5486	109	1	2	2	1.5
m.5510	229	3.5	5	3	1
m.5513	246	4	5.5	4.5	2
m.5546	1101	14.5	17	15.5	7.5
m.5582	258	5.5	7	5	2.5
m.5619	199	5	6	5	1
m.5634	149	23	16	11.5	10
m.13401	174	16.5	13	10.5	9.5
m.5689	476	5.5	7	8	1
m.13085	424	2	3	2	2
m.5712	270	2	0.5	2.5	1
m.5746	161	11.5	9	11	9
m.5747	202	3.5	7	3	3
m.17615	183	1	2	1	1
m.20628	112	1.5	2	0.5	0.5
m.5828	1791	2	2.5	2.5	1.5
m.5839	328	4	4.5	3.5	3
m.5881	363	4.5	2.5	4	4
m.5892	125	9	8	5.5	2.5
m.5919	327	1.5	2	1.5	0
m.898	376	2	1.5	1.5	0
m.6100	310	24	19	23.5	18.5
m.6106	1183	4	3	4	1
m.13089	190	1.5	1	1	1
m.612	679	61	51.5	54.5	29.5
m.20930	647	31.5	38	28.5	17
m.8917	676	41.5	45.5	40	22
symbB1.EST_k37c20_680|m.1491	353	13.5	10.5	10.5	3
m.7437	674	10	7.5	8.5	3.5
symbB1.EST_k37c20_10470|m.24210	575	10.5	7.5	9.5	3.5
m.616	1072	32	30.5	26	13.5
m.6180	693	44.5	43	48.5	35
symbB1.EST_k37c20_3735|m.8908	705	8.5	5.5	6	4
m.6186	860	0	1	0	0
m.6203	143	8.5	7.5	8	3
m.644	181	15	13.5	15.5	7
m.401	181	16	12.5	16.5	6.5
m.32417	162	8	6.5	7	3.5
m.8903	180	16	12.5	15	6.5
m.6453	159	1.5	2	2	0.5
m.6463	6996	11	13	14	3.5
m.19708	361	3	3	3.5	2.5
m.9401	449	0.5	1	1.5	0
m.31478	374	0.5	1	1.5	0
m.6490	438	16.5	15	16.5	13
m.6499	297	15	13.5	15.5	11.5
m.10194	572	19	20	18.5	9
m.13090	174	1.5	1	1	0
m.6517	538	17.5	15.5	15.5	5
m.6593	1058	16.5	21.5	19.5	9
m.6627	1941	132.5	138	142	75.5
m.6659	223	4	4	4	2.5
m.25093	208	1.5	2	1.5	1.5
m.6713	259	1	1.5	1.5	2
m.25763	303	2	2	1.5	1
m.697	208	3.5	4	2.5	2.5
m.6977	342	3	4.5	2	1
m.7051	436	8	5.5	8	2
m.7209	320	4	6	5.5	2
m.7374	436	6	2.5	5.5	0.5
m.13091	557	1.5	0.5	0.5	0
m.7527	791	3	2.5	4	1
m.760	542	4.5	6	5.5	3
m.8211	367	2.5	3	2.5	3
m.6492	285	2	2.5	1.5	2
m.8509	223	0	0	0.5	0
m.858	537	5	5.5	6.5	3.5
m.8669	206	2	2	1.5	0
m.8927	151	6.5	7	11	0.5
m.8932	510	12.5	11	12	1
m.8978	174	0.5	0	0	0
m.899	700	2.5	2	1	3
m.13094	265	2.5	2.5	1.5	1
m.900	248	40	47	45.5	34.5
m.5108	251	47.5	52	53.5	39.5
m.29219	277	32	33	31	24
m.5025	257	20	22	21	11.5
m.15022	221	20	23.5	19	13
m.19033	252	23	23.5	22	18
symbB1.EST_k37c20_6450|m.15307	248	18.5	20.5	17.5	15
symbB1.EST_k37c20_18328|m.41616	239	18	19.5	16.5	13.5
m.9188	352	4.5	6	5	2
m.22448	329	1	1	1	1
m.925	826	36	35	32.5	16.5
symbB1.EST_k37c20_12707|m.29253	798	2.5	1.5	2	1
m.9279	376	3	1.5	3	2
m.60	320	4.5	3	4.5	2
m.9299	205	21.5	23.5	19	8.5
m.9330	588	7.5	7	3.5	1.5
m.9373	1378	0.5	2	0.5	0.5
m.9424	545	70	62	59.5	29.5
symbB1.EST_k37c20_18731|m.42470	511	19.5	14.5	15	8.5
m.9431	161	0	1.5	0.5	0
m.9738	222	34.5	30.5	32.5	14.5
m.9119	158	18.5	16	16.5	8.5
m.13107	529	0.5	0.5	1	1
m.9807	393	12	14.5	11.5	8.5
m.9855	546	16	15	10.5	6.5
m.9865	419	9	10	9.5	3
m.9957	415	31.5	30	27.5	13
symbB1.EST_k37c20_2976|m.7040	656	0	0	1	0.5
symbB1.EST_k37c20_16196|m.36863	687	3.5	3.5	4.5	4
symbB1.EST_k37c20_10706|m.24774	508	7	6	5	0.5
symbB1.EST_k37c20_2935|m.6930	230	5	5	3.5	0.5
symbB1.EST_k37c20_2935|m.6931	199	3	2.5	2.5	0
symbB1.EST_k37c20_9582|m.22271	1052	6	5.5	5	0.5
symbB1.EST_k37c20_1113|m.2530	766	0.5	1	1	0
symbB1.EST_k37c20_11246|m.25932	1508	1.5	2	0.5	0
m.30676	389	0.5	0	0.5	0
symbB1.EST_k37c20_11748|m.27081	218	3	2.5	2	2
symbB1.EST_k37c20_1214|m.2760	628	2	0.5	1	0.5
symbB1.EST_k37c20_10268|m.23756	772	1.5	0	0.5	0
symbB1.EST_k37c20_12867|m.29616	484	0.5	0	0	0
m.13133	304	15	15	11.5	11.5
symbB1.EST_k37c20_14283|m.32649	470	2	2	1	0
symbB1.EST_k37c20_14475|m.33112	443	1	1	0.5	0
symbB1.EST_k37c20_1455|m.3360	395	15	15	9.5	5.5
symbB1.EST_k37c20_4529|m.10833	454	10.5	10	8.5	5
symbB1.EST_k37c20_149|m.340	412	10	8.5	9.5	4.5
symbB1.EST_k37c20_5213|m.12433	322	8	7.5	7	4
symbB1.EST_k37c20_1567|m.3635	725	25	18	15	3.5
symbB1.EST_k37c20_17098|m.38976	241	1.5	0.5	0.5	0.5
symbB1.EST_k37c20_17467|m.39790	676	14	18	8.5	5
symbB1.EST_k37c20_3155|m.7489	688	13.5	17	9	4.5
m.13136	222	0.5	1.5	0	0
symbB1.EST_k37c20_184|m.421	116	4	2.5	2.5	1
symbB1.EST_k37c20_1987|m.4708	533	6	2	2.5	0
symbB1.EST_k37c20_2023|m.4784	188	4.5	3.5	4	0
symbB1.EST_k37c20_2081|m.4909	358	7	8.5	6	1
symbB1.EST_k37c20_21294|m.47669	506	1	0.5	0	0
symbB1.EST_k37c20_2140|m.5027	307	0.5	0.5	0.5	1
symbB1.EST_k37c20_2164|m.5076	4652	1	1	1.5	1
symbB1.EST_k37c20_2245|m.5304	469	10	10.5	10.5	4
symbB1.EST_k37c20_902|m.2067	270	8	7.5	9.5	4.5
symbB1.EST_k37c20_6038|m.14360	104	8.5	8	7.5	4.5
symbB1.EST_k37c20_23101|m.51379	247	1.5	2.5	1	1
symbB1.EST_k37c20_23775|m.52673	454	0.5	0	0	0
m.13137	647	1	1	1.5	0
symbB1.EST_k37c20_2414|m.5716	453	5	3.5	3	1
symbB1.EST_k37c20_2817|m.6645	354	8.5	10.5	6	6
symbB1.EST_k37c20_11023|m.25500	171	20	16	12.5	4
m.38041	516	14	11.5	8.5	5
symbB1.EST_k37c20_4845|m.11546	980	11	10	6.5	5
symbB1.EST_k37c20_11022|m.25497	783	10	9	5	3.5
symbB1.EST_k37c20_21946|m.49032	657	11.5	10	7	4
symbB1.EST_k37c20_642|m.1388	170	5	4	4	3
symbB1.EST_k37c20_14788|m.33784	437	3.5	4	2.5	1.5
symbB1.EST_k37c20_2583|m.6170	305	2.5	1.5	2	1.5
symbB1.EST_k37c20_14961|m.34203	355	3	3.5	2.5	2.5
symbB1.EST_k37c20_11532|m.26613	389	1	0.5	0.5	1
symbB1.EST_k37c20_877|m.1991	589	7.5	8	4	4.5
m.23201	327	3	3	2.5	2.5
symbB1.EST_k37c20_28846|m.62323	470	1.5	1	0.5	0.5
symbB1.EST_k37c20_2900|m.6850	320	9.5	8	7	4
symbB1.EST_k37c20_3028|m.7191	391	10.5	10	12	10.5
symbB1.EST_k37c20_3070|m.7296	138	1	1	1	0
symbB1.EST_k37c20_3071|m.7301	172	1.5	1.5	1	0.5
symbB1.EST_k37c20_3138|m.7442	296	7.5	4	3	1.5
symbB1.EST_k37c20_3283|m.7800	496	7.5	5.5	6	4.5
symbB1.EST_k37c20_3326|m.7935	316	7.5	5.5	6.5	2
symbB1.EST_k37c20_5221|m.12447	319	9	5	5.5	2
symbB1.EST_k37c20_36410|m.75095	380	4.5	1	2	0.5
symbB1.EST_k37c20_13594|m.31220	315	4.5	3	3	2.5
m.13144	312	0	0.5	0.5	0
symbB1.EST_k37c20_3830|m.9127	133	2	2	1	1
symbB1.EST_k37c20_409|m.896	1046	2.5	0	0	0
symbB1.EST_k37c20_47206|m.87566	331	3.5	1.5	2	1
symbB1.EST_k37c20_47208|m.87569	118	2	1.5	1.5	0.5
symbB1.EST_k37c20_475|m.1111	752	3	1.5	2.5	1
m.34954	142	2	1.5	1.5	0
symbB1.EST_k37c20_4774|m.11339	320	9	8.5	6	3.5
symbB1.EST_k37c20_49226|m.89774	737	4	3	2	1.5
symbB1.EST_k37c20_521|m.1204	664	4	1	1	0
m.21400	524	0.5	1	0.5	0
symbB1.EST_k37c20_5269|m.12556	4620	1	0.5	1.5	0.5
symbB1.EST_k37c20_3669|m.8636	4548	1	0.5	0.5	0
symbB1.EST_k37c20_12291|m.28283	3958	1	0.5	0.5	0
symbB1.EST_k37c20_55830|m.94547	266	1.5	0.5	0.5	0.5
symbB1.EST_k37c20_48143|m.88480	266	1	0.5	0.5	0
symbB1.EST_k37c20_794|m.1769	228	0	0.5	0	0.5
m.13171	608	0	0.5	1	0
symbB1.EST_k37c20_5933|m.14161	198	3.5	3	4.5	1
symbB1.EST_k37c20_6507|m.15457	630	5.5	3	2.5	0.5
symbB1.EST_k37c20_6972|m.16460	195	2.5	2	1	0
symbB1.EST_k37c20_7183|m.16913	688	2	0.5	1	0
symbB1.EST_k37c20_7666|m.17974	572	2.5	2	1.5	0
symbB1.EST_k37c20_622|m.1334	503	2.5	1	0.5	0
symbB1.EST_k37c20_623|m.1338	545	3	2	0.5	0
symbB1.EST_k37c20_9496|m.22100	2133	6.5	3.5	4	1
symbB1.EST_k37c20_1915|m.4556	2152	2	1	1.5	0
symbB1.EST_k37c20_9115|m.21230	2162	0.5	0	0	0
m.10055	770	1	0.5	0.5	0
m.1027	157	2	1.5	1.5	1
m.10469	238	0	1	1	0
m.13180	357	4.5	3.5	4	1.5
m.10767	590	1	0.5	1	0.5
m.10886	397	0.5	0	0	0
m.10919	208	0	0	0.5	0.5
m.1157	147	3	2.5	3	2.5
m.12769	144	1	0.5	1.5	0
m.13	994	0	0.5	0	0
m.13014	751	0	1.5	0	0
m.10205	893	0.5	0	0	0.5
m.13191	264	0	0.5	0.5	0
m.1320	427	0.5	0	0.5	0
m.14269	430	6.5	4.5	6	1
m.14377	379	0	0.5	0	0
m.15259	327	3	3	4	4
m.15388	345	1	1	1	0
m.15422	456	1	1	1.5	0
m.15837	260	0.5	0.5	0.5	0
m.13193	278	0.5	0	0.5	0
m.16861	197	0	1	0	0
m.16864	208	0.5	1.5	1	0.5
m.1816	454	0	0.5	0	0
m.20660	110	0.5	0	0	0
m.20814	538	1	0.5	0	0.5
m.2094	592	0	0	0	0.5
m.21445	216	0.5	0	0	0
m.22426	144	0.5	0.5	0.5	1
m.22617	193	2	1	0.5	0
m.13197	189	5	3.5	4.5	2.5
m.22958	120	0	1	0.5	0.5
m.23204	134	5	5	4.5	2.5
m.23733	129	0	0	0.5	0
m.24306	306	1	1	1	0
m.25208	791	0	0.5	0.5	0
m.25802	790	0.5	1.5	0.5	0
m.132	146	3.5	4	2.5	1
m.260	236	1	0	0.5	0
m.26433	413	0	1	0	0.5
m.30054	147	1	2.5	1	0.5
m.3031	463	2	2	3	1.5
m.30973	434	0.5	0	1	0
m.32114	195	0	0	1	0
m.32224	134	0	0.5	0	0
m.13206	240	3.5	2.5	5	1.5
m.32275	204	1	0	1	0.5
m.32280	100	0.5	1.5	2.5	0
m.32790	184	1	0	0	0
m.36055	147	0	0.5	1	1
m.3747	251	1.5	1.5	1.5	1.5
m.4790	759	0	0.5	0	0
m.4935	224	0.5	0.5	0	0
m.13222	200	4.5	4.5	2.5	3.5
m.5448	204	1.5	1	0	0
m.5534	255	0.5	1	1	1
m.559	466	0.5	1	1	0
m.5691	711	1	1	1	0
m.5791	301	1	1.5	1	0
m.7090	348	0	0	0	3
m.7210	168	0.5	0.5	0.5	0
m.7304	285	0.5	0.5	0	0
m.13224	649	0	1	1	0.5
m.8231	396	0.5	0.5	0	0
m.8325	182	0	0	0.5	0
m.8454	243	1	0.5	0	0
m.8791	125	0.5	0	0	0
m.8880	300	2	2	2	0
m.9062	253	1	1	1	0.5
m.9611	446	1.5	0.5	2	0
symbB1.EST_k37c20_13957|m.31989	701	0.5	0.5	0	1.5
symbB1.EST_k37c20_14815|m.33870	1477	1	1.5	1.5	2.5
m.13226	326	4	6.5	7	3
symbB1.EST_k37c20_16474|m.37535	172	0.5	1	1	0.5
symbB1.EST_k37c20_18722|m.42454	780	0	0	0	2
symbB1.EST_k37c20_37403|m.76597	647	3	5	5.5	5.5
symbB1.EST_k37c20_42278|m.83126	244	1.5	2	2.5	2
symbB1.EST_k37c20_5312|m.12672	147	1	0.5	0	0
symbB1.EST_k37c20_8675|m.20239	134	2.5	2.5	1.5	0.5
m.13240	197	3	3	4	1.5
m.10139	271	0.5	0	0	0
m.10342	512	0.5	0.5	0	0
symbB1.EST_k37c20_10131|m.23447	349	0	0.5	0	0
symbB1.EST_k37c20_11223|m.25887	300	3	2.5	1	0
symbB1.EST_k37c20_5636|m.13449	465	1	0.5	0.5	0
m.12204	184	0.5	1	0	0
m.13256	546	0	0.5	0	0
m.15779	427	0	1	0.5	0
m.1809	261	0.5	0	0	0
m.19423	152	1	1.5	1.5	1
m.20370	1024	0	0.5	0	0
m.21120	689	0.5	0	0	0
m.21223	127	0.5	0	0	0
m.10239	279	1.5	1	1.5	0
m.13278	257	2	2.5	0	0
m.22490	163	1	0.5	1	0
m.23963	466	0.5	0	0	0
m.2459	906	0	0	0.5	0
m.27134	171	0	0	0.5	0
m.28497	512	0	0.5	0	0
m.3433	518	0	0.5	0	0
m.34511	252	0	1	0	0
m.1328	203	2	1.5	1.5	1
m.3942	152	0	0	0.5	0
m.3958	820	0.5	0.5	1	0
m.548	221	0.5	1	1	1
m.6121	222	1	0	0	0
m.6171	973	0.5	1	0	0
m.13288	883	0.5	1.5	0	0
symbB1.EST_k37c20_26417|m.57788	642	1.5	1	1	0.5
m.28490	201	1	1.5	1.5	0
m.33735	105	0.5	0.5	0.5	0
m.3922	691	0	0	0	2
symbB1.EST_k37c20_24898|m.54900	840	0	0.5	0	1
symbB1.EST_k37c20_3711|m.8852	350	0	0.5	1	1
m.10586	414	1	1	1	0
m.11167	387	0	0.5	1	0.5
m.13295	297	3	2	0.5	0.5
m.11916	339	1	0	1	1
m.13300	320	0	0.5	0	0
m.13531	269	0.5	0	0.5	0
m.1360	125	0	0	0.5	0
m.15017	296	0	0	0.5	0
m.22934	136	0.5	0.5	0	0
m.38421	218	0.5	1	1	0
m.13314	295	4	4.5	4.5	1
m.5372	300	1	1.5	1	0.5
m.5646	926	0.5	0.5	0	0
m.7032	375	0.5	0	0	0
m.8882	347	1.5	0	1	0
m.9648	303	0	1	1	0
symbB1.EST_k37c20_16307|m.37144	383	2	2	2	1.5
symbB1.EST_k37c20_16682|m.38041	281	3	3	2	2
symbB1.EST_k37c20_19065|m.43125	627	0.5	0.5	0	0
m.13356	586	0.5	1	1.5	0
symbB1.EST_k37c20_3717|m.8859	492	1	1	1	1
symbB1.EST_k37c20_47040|m.87462	229	1.5	1	1.5	0
m.20249	222	0.5	0	0.5	0
symbB1.EST_k37c20_15345|m.34993	197	1	1	1	0.5
m.13078	280	1	1	1	2
m.133	397	0	0.5	0	0
m.13371	1200	9	13	10.5	6.5
m.16490	518	0.5	0	0.5	0
m.17390	576	0.5	0	1	0
m.27600	192	0	1.5	0	0
m.33243	759	2	1	2	0
m.36079	426	0	0.5	0	0
m.4994	274	0.5	0	0	0.5
m.1339	464	21.5	15.5	19.5	11
m.7089	188	0	0	1	0
m.9274	131	0.5	0	0	0
symbB1.EST_k37c20_22419|m.50026	1501	1	2	1.5	0
symbB1.EST_k37c20_9603|m.22318	388	0	0	0	0.5
m.10260	232	0.5	0.5	0	0
m.1145	390	0.5	0	0	0
m.18621	247	0	0	0	1
m.13423	531	6	6	5.5	4.5
m.2975	338	0.5	0.5	0	0
m.29890	126	0.5	0.5	0	0
m.35539	566	1	1	1	0
symbB1.EST_k37c20_43079|m.84058	495	2.5	2.5	3	2
m.22827	185	0	1	0.5	0
m.13425	114	0	0.5	0.5	0
m.13303	395	1	1	1.5	0
m.21278	311	0.5	0	0	0
m.26791	181	0.5	0	0	0.5
m.4094	218	1	1	1	0.5
m.5411	316	0.5	1	1	0
m.8629	370	0.5	0.5	0.5	0
m.9925	1408	1	1.5	1	0
m.10289	705	0	0	0.5	0
m.13427	257	2	0	1	0.5
symbB1.EST_k37c20_4968|m.11868	359	3	3.5	3	4
m.15450	862	0	0	0.5	0
m.1567	309	0.5	0	0	0
m.17710	151	0	0.5	0	0.5
m.29582	292	0.5	0.5	0	0
m.32269	102	0.5	1	1	0
m.4359	370	0	0	0.5	0.5
m.5815	262	1.5	1.5	0	0
symbB1.EST_k37c20_7251|m.17057	1438	1	2.5	3.5	3
symbB1.EST_k37c20_17410|m.39673	708	1.5	1	2	0
symbB1.EST_k37c20_1477|m.3395	2273	0.5	0.5	1	1
m.13442	270	0	1	0	0
symbB1.EST_k37c20_8208|m.19231	2104	1.5	1.5	2	2.5
m.30950	171	0.5	1	1	0
m.16396	363	0.5	0	0	0.5
m.22947	323	1	0.5	2	0
m.24982	193	1	1	0.5	2
m.26426	199	1	0	0.5	0
m.13443	372	23.5	21.5	21	10
symbB1.EST_k37c20_46440|m.87105	143	1.5	0	0	0
m.36120	197	0	0	0.5	0
m.450	995	1	1	1.5	0
symbB1.EST_k37c20_15697|m.35743	248	1	0.5	1	0.5
symbB1.EST_k37c20_29069|m.62725	664	0	0	0	0.5
symbB1.EST_k37c20_51420|m.91961	492	0.5	0	0	0
m.13444	605	1	0	2.5	2.5
m.22804	144	0	0	0	1.5
m.2997	222	0.5	0	0	0
m.37919	181	0.5	0.5	1	0.5
m.585	748	0	0.5	0	0
m.9103	276	0.5	1	1	0
m.9624	266	0.5	1	0.5	0
m.13448	293	1	1	1	0
symbB1.EST_k37c20_15400|m.35107	584	1	0	0	0
m.15778	129	2	1	0.5	0
m.20986	292	2.5	1.5	1	0.5
m.17688	106	0.5	0.5	1	1
m.19310	151	0.5	0.5	0.5	0
m.20818	279	0	0	0.5	0
m.1346	158	11	12	12	9
m.22619	255	1	1	0.5	1
m.26096	232	0	0	0	1
m.27731	112	1	0	0	0
m.37897	102	0	0	1	1
m.6009	1126	1.5	1	1	0
m.6129	534	0	0	0	0.5
m.6781	483	0.5	1	1	0.5
symbB1.EST_k37c20_12955|m.29796	346	1.5	1.5	1	1
m.13471	151	3	2.5	1.5	2
symbB1.EST_k37c20_29965|m.64279	492	1	0	0.5	0
symbB1.EST_k37c20_23403|m.51979	420	1.5	0	0.5	0
symbB1.EST_k37c20_6753|m.15979	351	1	0.5	1	0
m.11820	1432	0.5	0	1	0.5
m.11734	369	1.5	0.5	0.5	0
m.13475	469	1	1.5	2	1.5
m.6936	1201	0.5	0	0	0
symbB1.EST_k37c20_22139|m.49456	187	1	1	1.5	0
symbB1.EST_k37c20_9675|m.22458	434	0	0.5	0	0
m.2749	624	0	0	0.5	0
m.4879	605	0	0.5	0	0
m.13476	183	1	0.5	2	1
symbB1.EST_k37c20_2846|m.6706	695	0	0.5	0	0
m.13551	300	1	0.5	1	0
m.24162	164	1	1	1	0
symbB1.EST_k37c20_30360|m.65003	1124	0	0.5	0	2
m.10304	278	3	4	3	4.5
m.13486	292	14.5	19	14	5.5
m.11277	156	1	0.5	1	0
m.2327	164	0.5	0.5	0	0
m.35586	136	0	1	1	0.5
m.3827	229	0.5	0.5	0	0
m.37753	190	0	1	0	0
m.3720	243	0.5	0	0	1
m.13488	163	2	0.5	1.5	0.5
m.5908	242	1.5	1.5	2	1.5
m.599	163	0	0.5	0	0
m.1763	638	0	0.5	0	0
m.26381	192	0	1	0	0
symbB1.EST_k37c20_26748|m.58435	134	1	2.5	2	2
m.13490	255	2.5	2	3.5	2
m.29599	227	1	1	1	1
m.6992	516	0	0.5	1	0
m.13514	432	0.5	1	2.5	1.5
m.9178	193	0	0.5	0.5	0
symbB1.EST_k37c20_15198|m.34678	996	1	0	0	0.5
symbB1.EST_k37c20_22896|m.50938	501	2	1.5	1.5	1
m.19148	194	0	0	0.5	0
m.1875	114	0.5	0.5	0.5	0
m.13516	189	7.5	7	9.5	5.5
symbB1.EST_k37c20_35327|m.73471	400	0	0	0	2
symbB1.EST_k37c20_19602|m.44199	473	1.5	0	0	0
m.1355	1555	7.5	7	4	3.5
m.1474	312	0.5	0	0	0
m.4498	185	0	0	0.5	0
m.9363	503	0.5	0	1	0
m.23889	612	0.5	1	0	0
m.13552	557	1	1	1	0
m.22417	185	0	0.5	0	0
m.3200	260	0.5	0	1	0
m.1813	275	0	0.5	0	0
symbB1.EST_k37c20_51549|m.92078	253	0.5	0	0	0
m.13557	339	2.5	3	3	1.5
m.25982	154	1.5	1.5	1	1
m.21583	404	0.5	0.5	0.5	0
m.13590	549	22.5	20.5	22	12.5
m.6225	650	1	0	0	0
symbB1.EST_k37c20_1842|m.4423	1008	1	2	2	0.5
m.25428	275	0	0.5	0	0
m.136	295	0.5	0	0	0
m.25379	155	0	1	0	0
m.10327	1122	2	2	1.5	0.5
m.13617	393	1.5	0	0.5	0
m.1159	503	0.5	0	0.5	0
m.16099	216	0	0	0	0.5
m.18307	451	0	0.5	0	0
m.37027	210	0	0.5	0	0
m.13680	770	1	0	1	1
m.22843	793	0.5	1	0.5	0
symbB1.EST_k37c20_6952|m.16418	513	0.5	0	0	0
m.1369	374	63.5	60	51.5	20
m.9983	124	0.5	0	0	0
m.22472	265	0	0.5	0	0.5
m.38627	122	0	0	0.5	0
m.13710	208	1.5	1	1	0
m.5774	539	0	0	0.5	0.5
m.15620	573	0.5	0.5	0	0
m.1894	197	0	0	0	1
symbB1.EST_k37c20_22445|m.50090	1279	0	0	0	2
m.13720	455	0	1	1	0
symbB1.EST_k37c20_33296|m.70072	438	0	0.5	0	0
m.7273	883	0	1.5	1.5	0
m.13742	710	0	1.5	0	0
m.31335	295	1	1.5	2	2
m.3502	403	0	1	0	0
symbB1.EST_k37c20_9128|m.21252	672	2	1	0.5	0
m.13743	311	5	8	8	2.5
m.5787	463	0	0	0.5	0
m.27716	303	0.5	0	0	0
m.13744	138	4.5	2.5	0.5	1
m.8921	707	0	0.5	0	0
symbB1.EST_k37c20_24096|m.53328	290	1	0	0	0
m.33479	104	0	0	0.5	0
m.13753	335	2	1.5	1	0.5
m.7201	1122	0	0.5	0	0
m.4019	977	0	0	0.5	0
symbB1.EST_k37c20_16704|m.38084	422	0.5	0	0.5	0
m.10346	250	1	2.5	0	0.5
m.13791	176	1.5	1	1.5	2
m.12784	410	0	0.5	0	0
m.10765	227	2	2	2	2
m.27567	293	0	0.5	0.5	0.5
m.13811	436	1.5	2	2	1.5
m.36274	150	0	0.5	0	0
m.13833	263	1	0.5	0.5	0
symbB1.EST_k37c20_45956|m.86783	429	1	1	1	1
m.14949	162	0.5	0	0	0
m.15074	356	0.5	0.5	0.5	0
symbB1.EST_k37c20_8055|m.18877	1017	1	0	1	0
m.13842	680	14	13.5	14.5	10.5
m.22685	890	0	0	0.5	0
symbB1.EST_k37c20_22916|m.50972	768	1.5	1.5	1	1
m.1020	1917	0.5	0.5	0.5	0
m.19692	606	1	0	0	0
m.13862	447	2	2	0	0
symbB1.EST_k37c20_55947|m.94652	326	0.5	1	0	0
m.13863	1106	13.5	9.5	11.5	2
m.139	190	2.5	3	3.5	2.5
symbB1.EST_k37c20_33350|m.70148	510	0.5	0	0	1
m.13977	445	22.5	21.5	18.5	10.5
m.37151	120	0	1.5	0	0
m.31640	155	0	0.5	0	0
m.1408	226	5	8.5	7	4.5
m.14083	1506	0.5	0.5	2	1.5
m.10360	636	1.5	1.5	1	1
m.141	436	32.5	28.5	33.5	20
m.14108	268	0.5	2.5	1.5	1.5
m.14109	662	2.5	2	2.5	1
m.14128	211	15	16.5	16	8.5
m.1413	338	7	9.5	7.5	3.5
m.14152	569	2	1	1	0
m.14201	145	1	1.5	1	0
m.14213	220	2	1.5	3	1.5
m.14242	428	0.5	0	0	0
m.14297	518	1.5	0.5	1	0
m.10378	725	2.5	2.5	1.5	0
m.14312	960	16	17.5	13	5.5
m.14349	643	1	1	0.5	0
m.14355	846	19.5	14.5	18	6.5
m.1436	550	37	38.5	29	25
m.1437	515	0	0.5	0	0
m.14375	119	2	2.5	2.5	0
m.1440	833	1	2.5	3.5	0.5
symbB1.EST_k37c20_2414|m.5717	326	0	0	0	0.5
m.14422	417	0.5	2	2	0
m.14438	273	1	1	0.5	0.5
m.14458	126	3.5	4	4	2
m.1038	113	4.5	4.5	4.5	3
m.14465	536	4.5	2.5	3	1
m.1447	450	1	0.5	1.5	0
m.14490	140	1.5	2	2	2
m.1454	475	4	4	6	2
m.14543	392	1.5	2	1.5	0
m.1456	431	1	1.5	2	1.5
m.14575	826	0.5	0	0	0
m.1461	469	2	1.5	2	1
m.1463	394	4.5	4	3	1.5
m.14712	256	1.5	2	1	1
m.10387	484	7	6	6.5	3
m.1472	277	3.5	4.5	5.5	3
m.1473	555	7.5	12	7	3
m.14738	152	4	4	3	3.5
m.14739	401	4	2.5	2	1.5
m.14754	356	4	2.5	5	3.5
m.14756	396	7.5	8.5	6.5	1
m.14765	420	1.5	3	2	0.5
m.1478	617	1	1	0.5	0
m.14813	275	1	1	1	0
symbB1.EST_k37c20_34449|m.71982	525	0	0	0.5	2
m.1485	256	4.5	5	5.5	3
m.104	1674	61.5	64	63.5	24
m.14875	111	1	1	1	1
m.14897	346	2	1.5	1	0
m.14910	573	4.5	3	3	1
m.14914	470	3	3	2	2.5
m.14915	293	35	33	30	23
m.14918	406	2	4.5	3.5	1
m.14920	231	0	1.5	0	0
m.14923	328	5	5.5	4.5	3.5
m.14938	965	4	1	3.5	1
m.14952	249	5	7	6.5	2.5
m.1041	396	4.5	3	3	1
m.14963	1061	20	18.5	20	11
m.14967	111	2.5	2.5	0.5	0
m.33414	147	0	0.5	0.5	0
m.14975	171	1.5	0.5	1	0
m.17308	285	0	0.5	0.5	1.5
m.14983	218	5.5	5.5	3.5	2
m.14984	440	10	8	5.5	3.5
m.14985	790	0.5	2	2.5	1
m.14987	313	0.5	0.5	1.5	0
m.14994	562	2	0.5	1	1
m.14999	503	77	69	73.5	52.5
m.1042	331	3.5	3.5	3.5	1.5
m.1500	101	2	2.5	3	1.5
symbB1.EST_k37c20_17187|m.39173	946	0	0	0	0.5
m.15018	456	11	8	8	7.5
m.15026	538	1.5	2	3	0.5
m.15038	332	0.5	1.5	1.5	0
m.1504	136	2.5	4	1.5	0
m.15047	323	13.5	12.5	16	5
m.1505	423	6	5	4.5	3.5
m.15054	242	12.5	13.5	12	9.5
m.15063	195	1	2	1	0
m.15079	260	15	15	16.5	10.5
m.15083	267	0.5	1	1.5	1
m.15096	468	2	2	2	1
m.15098	368	3.5	4	5.5	2
m.151	201	1	1	1	0.5
m.15111	545	35.5	35.5	26	14
m.15114	369	4.5	3.5	3.5	1.5
m.15121	194	1	1.5	0.5	0.5
m.15126	176	0	0.5	1	1
m.15132	728	0	0	0	2.5
m.15134	1205	1.5	1	1	1
m.10457	752	1	1	1	0
m.15141	227	12.5	9.5	8	1.5
m.15142	273	1	0.5	1	0
m.15155	891	1.5	2.5	2	1
m.15158	259	1	1	1	1
m.15162	152	20.5	18.5	18.5	7.5
m.15166	611	3	1.5	4	1.5
m.15170	715	9	9	8.5	5
m.15172	116	2	1.5	0.5	1
m.15175	266	3.5	6.5	6.5	6
m.15185	362	22	22.5	21	11
m.10463	220	0.5	1	0	1
m.15189	147	1.5	1.5	1.5	0
m.152	115	3.5	5.5	3.5	2
m.15200	788	6.5	8	6	4.5
m.15204	648	23.5	24.5	19	14
m.15205	198	1	1.5	1	0
m.1522	770	1.5	1.5	0	0.5
m.15241	654	6	6.5	5	0.5
m.15244	481	1.5	1.5	2	1
m.10468	320	8	9	10.5	2.5
m.15247	289	3	3.5	3.5	1
m.1527	299	15	16	15.5	5.5
m.15279	668	2	0.5	0.5	0
m.15280	205	1.5	1.5	3	0
m.15290	959	7.5	9.5	9	4
m.153	398	3	1.5	1.5	0
m.1530	391	6	8.5	5.5	1
m.15306	507	0	0.5	1	0
m.15314	289	1	0.5	1	0
m.28786	108	0	0.5	0	1
m.15316	161	2.5	2	2	1
m.10472	547	7.5	4.5	4	5.5
m.15323	305	8	9	6	1
m.15325	4828	0.5	1	2	0
m.15331	209	7	7.5	5	1
m.15370	180	21	14.5	16.5	12
m.15377	555	20.5	20.5	21	12.5
m.15396	329	3	3.5	3	1
m.15400	429	5.5	7	7	5
m.15409	308	0.5	1	0.5	0.5
m.15449	425	2	1.5	1.5	0
m.15457	489	2	2	2	0
m.10484	222	1	0	1	0
m.1547	193	3.5	3.5	4	2
m.15471	509	7	5.5	4	1.5
m.15484	173	0	1	0	0
m.15491	328	1	0	1	0
m.15526	304	3.5	4	4	1
m.15544	155	4	4	2.5	0
m.15573	170	1.5	1	0	0.5
m.15586	275	8	6	5.5	5
m.1560	548	7	6.5	12	4.5
m.15618	675	2	1	2	0
m.10496	298	8.5	7	9.5	3
m.15633	448	41.5	43	35.5	25
m.15646	189	1	0	0	0
m.15686	206	3.5	3	3	2
m.15693	310	6.5	4.5	3	3.5
m.15700	399	5.5	5	4.5	2.5
m.15722	235	17	20.5	16.5	10.5
m.15724	695	4.5	1.5	3.5	1
m.15750	815	0	1	0.5	0
m.15756	276	0.5	0	0	0
m.1576	513	7	6	7	5
m.10499	214	2	1.5	1.5	0
m.15763	343	2	2	0	0
m.15764	225	3.5	3.5	4.5	2.5
m.15803	206	2.5	0.5	1.5	0
m.1582	284	1.5	2	1.5	0.5
m.15822	319	0	1	0.5	0
m.1583	327	5	7	5.5	3
m.15839	183	5	6	6.5	4
m.15850	195	1	1	1	0
m.15857	420	3	5.5	4	1
m.1054	285	9.5	6.5	7	4.5
m.15899	456	3	2	1	0.5
m.1592	810	0.5	3	2	0.5
m.15923	2429	22	16	12.5	5
m.15941	522	1	1.5	1.5	0.5
m.15962	187	0	0	1	0
m.1600	347	0	0.5	0	0
m.16005	488	1.5	2	3	3.5
m.16009	808	3	3	2	1.5
m.16029	467	0.5	0.5	1.5	0
m.16036	305	5	2.5	3.5	2.5
m.10558	176	1	2.5	3	0
m.16060	768	1.5	2	1.5	0
m.16119	234	1.5	1.5	1	0
m.16132	345	2.5	0.5	1.5	1
m.16180	508	1.5	2	2	1
m.16211	276	0.5	0.5	0	0
m.16222	296	1	1	0.5	0
m.16226	279	1.5	2	1	1
m.16233	161	6	5.5	9	1.5
m.16246	388	3	1	2.5	0.5
m.16258	131	0.5	0	0	0
m.10560	427	6.5	9.5	6.5	6.5
m.1626	326	7.5	4.5	5	3
m.16276	140	0.5	0	0	0
m.16281	177	1	1	0.5	0
m.16282	297	1.5	1.5	2	0
m.16309	388	3.5	2.5	2	1.5
m.16319	224	0.5	0	1	0
m.16423	301	1.5	1.5	1	0
m.16425	264	1	1	0.5	0
m.16446	276	1	0.5	0	0
m.16449	935	12	12	11.5	3
m.1652	495	24.5	27.5	25.5	10.5
m.16526	293	2.5	1	1	0
m.1655	411	3	2.5	4	0
m.16552	236	0	1	0	0
m.16570	215	1	1	1	0
m.16591	233	2.5	2.5	3	2
m.16598	409	2	2	1.5	0
m.166	168	0.5	1	1	0
m.1664	421	0.5	1	1	0
m.16651	319	2	2	1.5	1
m.10575	652	1.5	1	1.5	0.5
m.16692	411	11	12	7.5	3.5
m.16730	536	0	0	1	0
m.16736	134	1.5	3	1	0
m.1680	375	2	2	2	1
m.1685	362	0	1	0.5	1
m.16859	1199	1.5	2	5	1
m.16863	391	0.5	0	0	0
m.1688	655	1.5	2.5	5	1.5
m.16887	302	0	0	0	0.5
m.1	362	0.5	1.5	0.5	0
m.10597	345	0	0	1	0
m.16910	2217	14.5	16	17	7.5
m.16994	221	10	15	14.5	8
m.16997	579	37	32.5	35.5	14.5
m.17002	969	1	1.5	2.5	1
m.17007	211	2.5	1.5	2	0
m.17032	119	2	1	1	0
m.1706	388	1.5	1.5	2	0
m.17099	205	3.5	3.5	3	1
m.171	2522	1.5	0.5	0	0.5
m.1060	147	2.5	4	2	1
m.17101	439	6	9.5	7.5	5.5
m.17110	253	0	0.5	0.5	0
m.17128	1219	1	3.5	1.5	0
m.1714	264	0.5	0	0.5	0
m.17144	187	1.5	2	1.5	1
m.17166	360	1	0.5	1	0
m.17237	424	0	0	0.5	0
m.1729	398	2	3	1	1
m.17323	421	25.5	22.5	23.5	10.5
m.10621	420	2	2.5	4	3
m.17346	797	1	2	1.5	0
m.17423	295	0	0	0	0.5
m.17427	215	7	7	9.5	2.5
m.17452	658	0	0	0	0.5
m.17466	666	21.5	20.5	24	8.5
m.17476	386	3	2.5	4	1
m.17491	193	3	2.5	2	2
m.17493	334	0.5	0	0	1.5
m.17496	405	5	4.5	5	1
m.17509	429	3	1	3	0.5
m.17514	369	2	1	1.5	1
m.17521	185	16.5	13	12	5.5
m.17527	348	1.5	1.5	1	0.5
m.17538	642	0	0	0.5	0
m.17547	505	5	5	4	2
m.17553	123	1	0	1.5	1
m.17560	348	4.5	4.5	4	3.5
m.17562	293	0.5	1	1	0.5
m.17572	133	5	4	6	1.5
m.1069	424	2.5	5	4.5	3
m.17582	562	8	6.5	8.5	2
m.17587	233	1	1	0.5	0
m.17594	254	0.5	1.5	1	0
m.17595	424	5.5	5.5	7.5	4
m.17609	155	4.5	3.5	4	2.5
m.1761	2437	8.5	10	11.5	8
m.17619	306	0	0.5	1.5	0.5
m.17634	303	2.5	3	1	0.5
m.17635	354	1.5	0	0	0
m.17642	405	3.5	3.5	1.5	1.5
m.10693	451	2	1	0.5	0.5
m.17653	215	10	7.5	7	4
m.17655	964	7	9	10.5	1.5
m.17662	137	4	4.5	2.5	1.5
m.17682	122	2	2	2	0
m.17683	465	0	0	0.5	0
m.17686	418	0.5	0.5	0	0
m.17718	670	10	11	7.5	2.5
m.17738	499	0	0.5	0.5	0
m.17739	255	11	11	13.5	6
m.17769	574	2	3.5	4	1.5
m.107	99	7.5	8	6.5	2
m.1777	810	1	0.5	0.5	0
m.17776	322	4.5	3.5	5	2
m.17784	409	0.5	0.5	0	0
m.17794	846	18	22	18	3.5
m.17804	580	11.5	10.5	6.5	5
m.17812	263	1.5	1	2	0
m.17821	322	27.5	30.5	27.5	20
m.17836	548	1.5	0.5	1	0.5
m.17853	531	0	0.5	0	0
m.10714	429	7	7.5	8.5	3
m.17857	135	2	2	1	0
m.17859	221	0.5	1.5	0.5	1.5
m.17895	500	2	4.5	5.5	3
m.17897	385	4	7.5	3	2
m.17910	625	1.5	1	1.5	0.5
m.17927	304	0	0	0.5	0
m.1793	310	2	2	3	0.5
m.1796	557	12	11	11	6
m.10723	443	2	3	2.5	0
m.17962	105	1.5	2	0.5	0
m.17970	233	0.5	1	1	0
m.17977	658	1.5	2.5	2.5	0.5
m.17984	639	15	12.5	15	3.5
m.17992	724	13	14	10.5	3
m.180	623	1.5	2	1	0.5
m.18001	225	0.5	0.5	0	0
m.18009	870	1	1	0	0
m.1802	545	0	1	1	0
m.18040	327	7.5	6	8	8
m.10726	1630	4	3.5	3.5	0.5
m.18048	376	10.5	9.5	12	4
m.18060	194	2.5	3	3.5	1
m.18062	181	7	7.5	6.5	2
m.18064	292	1	1	0.5	0
m.18070	421	4.5	5.5	5	2
m.1811	272	3.5	3	2	0
m.18144	177	1.5	4	2.5	2
m.18155	470	6	4.5	5.5	1.5
m.18216	767	2.5	2	2.5	1
m.1000	214	25.5	25.5	27	13.5
m.1073	371	4	3	2.5	0.5
m.18280	786	0	0.5	1	0
m.18336	196	0.5	0	0	0.5
m.1834	596	8.5	6	7.5	1
m.18355	140	6	5	5	3.5
m.18359	423	2	1.5	1	0
m.18362	249	4	4.5	3.5	3
m.18370	247	1.5	2	1	0
m.18387	243	3	1.5	2.5	1
m.18428	171	1.5	1.5	0.5	0
m.18439	485	1	2	2	0.5
m.1074	292	0	1	0.5	0
m.18470	326	4.5	6	5	2.5
m.18491	290	0	0	1	0
m.18493	251	1.5	3.5	3	1.5
m.1850	391	4.5	6	6	1
m.18531	393	0.5	1.5	1	0
m.18550	321	1.5	2.5	2.5	0
m.18553	252	12.5	13	11	8
m.18556	357	19	14	12	8.5
m.18584	365	1	1	1	0.5
m.18586	202	1.5	3	3.5	0.5
m.10744	282	4	7	4.5	1.5
m.18614	518	0	0.5	1	0.5
m.1862	270	0	0.5	1	0.5
m.1866	1135	5	7.5	7	2.5
m.1881	292	24.5	24.5	18	7.5
m.18818	131	0.5	2.5	0	0
m.18819	1444	20	22.5	20.5	12
m.18825	839	29	29.5	31.5	21.5
m.18834	354	8	8.5	8	5
m.18862	137	4	2.5	3.5	1
m.10763	330	1	0.5	0	0
m.1889	383	1	1.5	1.5	0.5
m.18969	102	0.5	3	1	0.5
m.1897	265	2.5	3.5	2.5	1.5
m.18995	284	0.5	0	0.5	0
m.1903	378	2	3	3	2
m.19080	266	0.5	0.5	1	1
m.19151	186	8	6.5	8.5	6.5
m.1916	493	1.5	1	1	0
m.19161	269	1	1	1	0
m.19191	287	0.5	0.5	1	0
m.19195	126	2.5	3.5	2.5	2.5
m.19225	469	2	1.5	1.5	0.5
m.1925	184	0	0	1	0
m.1936	223	2	2	1	1
m.19365	277	5	4	5	2.5
m.19407	438	0	1.5	0	0.5
m.19416	143	6	5	7	5.5
m.19419	213	0.5	1	1	0.5
m.19446	282	1	1.5	1	0.5
m.10807	572	31.5	31	31.5	15
m.19455	354	1.5	1	0	1.5
m.19460	144	1	1	2.5	1
m.19487	501	3	3	3.5	0
m.19494	241	0.5	0	0.5	0.5
m.19495	508	6	4.5	2.5	3.5
m.1950	311	0.5	2	0.5	0
m.19503	183	1	1.5	2	0.5
m.19504	313	0.5	0.5	0	1
m.19510	516	27	25	18	7
m.19514	1648	1.5	1	2	1.5
m.10812	189	2.5	3	4	3.5
m.19534	303	1.5	2	0.5	0.5
m.19543	104	3	3	3.5	1.5
m.19558	268	4	4.5	4	4.5
m.19580	222	3.5	6	2	0
m.19592	449	1	1.5	1	0
m.19597	531	7	9	9	4
m.19598	1537	1.5	2	2.5	0.5
m.196	258	1.5	2.5	3	1.5
m.19610	677	5	3	3.5	3
m.19621	362	2	2	0.5	1.5
m.10817	422	0.5	0.5	1	0.5
m.19643	262	0	0.5	1	1
m.19657	547	2	1	2	1
m.19685	242	2	2.5	3.5	2.5
m.19688	311	1	0.5	0.5	0
m.19704	127	2	1.5	2.5	4
m.19726	448	1	1	1	1
m.19748	107	0	1	1	0.5
m.19768	178	1.5	2	3	0.5
m.19801	196	0	0	0	0.5
m.19805	110	5	6.5	5.5	5
m.10818	372	2	5	1	0
m.1981	122	1.5	1.5	1	1
m.19866	117	2.5	1.5	0	0
m.19871	271	0	0.5	0	0
m.19899	782	1	1.5	1	1
m.19927	386	1.5	2.5	4	1.5
m.19936	369	1	0	0.5	0
m.19949	302	1.5	1	2	1.5
m.1996	868	18	16	15.5	3
m.19966	302	5	8	7.5	4.5
m.19978	746	7.5	7	5.5	2
m.10831	206	4	4	3.5	2.5
m.19983	183	3	5.5	4	2
m.19991	861	12.5	12.5	12	6
m.19993	588	0.5	0.5	0.5	1
m.2	157	5.5	4	5.5	2
m.200	1142	25.5	24	28	15.5
m.20009	465	1	0.5	1	0
m.20013	565	18	19	16.5	9.5
m.20024	272	0	0	1.5	0.5
m.20030	173	2	2.5	1	0
m.20041	230	16.5	23.5	19.5	15
m.10009	206	3	2.5	2	0.5
m.10852	208	1	2.5	2	0.5
m.20048	384	3	4	3	1.5
m.20062	124	2	1.5	1.5	1
m.20081	531	7	3.5	3	0.5
m.20118	478	0.5	0	0	0
m.2012	191	0	0	0	1
m.20145	264	1.5	1	1	0
m.20155	114	1.5	0	0.5	1
m.20175	165	2.5	1	2	0
m.10862	241	0	1	0.5	0
m.20195	410	2	0	3	0
m.2022	539	1	1.5	0.5	0
m.20253	281	2.5	2.5	2	0
m.2026	290	2	1	3	0.5
m.20317	123	0.5	0.5	1	0
m.2032	373	12	10.5	11.5	7.5
m.20374	285	2	1	2	1
m.20468	481	0.5	0	1	0
m.10883	471	9	11	7.5	3.5
m.20487	290	1.5	0.5	0.5	0.5
m.2050	233	2.5	2.5	2.5	1.5
m.20509	361	2.5	2.5	1.5	2
m.20599	102	3	3	2.5	1.5
m.20656	236	1.5	3.5	2	2
m.2067	217	4.5	2.5	4.5	0
m.20828	231	2	2	2	0
m.20898	435	5.5	3	3	1.5
m.20916	317	7	8	6.5	6
m.1089	117	6	6	7.5	3.5
m.20918	315	2.5	3	2	0
m.20924	380	10	5.5	7.5	3
m.20941	628	4	5.5	2.5	1
m.20945	770	1.5	1.5	3	2
m.20951	166	5	2.5	2.5	3
m.20959	229	9.5	9	9	5
m.20978	138	7	7	6	6
m.21	461	41.5	46.5	37.5	14.5
m.10893	298	14	16.5	20	12.5
m.21000	372	5	3	6	4.5
m.21002	259	0	0	0	0.5
m.21018	369	0	0.5	0.5	0
m.21023	149	1	0	1	0
m.21024	188	0.5	2	0	0
m.21046	141	1	1	1	1
m.21047	294	3	2.5	2	0
m.21049	288	0.5	2.5	1.5	0.5
m.21056	322	1.5	1	1	0
m.21064	264	0.5	0	0	0
m.10905	398	6	3	4.5	3
m.2107	529	5	4	5	2
m.21070	221	0.5	1	1	0
m.21074	449	11	8	9.5	6
m.21131	238	1	0.5	1	0.5
m.21152	377	4.5	2.5	4.5	2.5
m.21179	265	8	5.5	8.5	3
m.21180	384	1	3	2	0
m.212	347	1	2	2	0.5
m.21240	415	3.5	2.5	2.5	0
m.10920	962	0	0	1	0
m.21267	565	2	4	3	0.5
m.21268	784	2	0.5	0.5	1
m.21281	322	0	0	0.5	0
m.21294	335	0.5	0.5	0	0
m.21313	552	9	8	6.5	4
m.21336	339	1	0	0.5	0
m.2136	361	0	0	0.5	0
m.21372	330	2	1.5	2.5	0
m.21379	246	7	9.5	6	5
m.21388	376	0	0	0.5	0
m.10938	346	5	4.5	5	1.5
m.21438	701	7.5	5	6	2
m.21457	115	6	6	6.5	1.5
m.2146	314	2	1	1.5	0
m.2147	314	4.5	3.5	2	0
m.21474	364	0	0.5	0.5	0
m.215	195	10.5	12	9.5	6
m.21521	685	1	1.5	0.5	0.5
m.21529	322	0.5	0	0	0
m.21538	175	2.5	1	2	0.5
m.21596	525	11	14.5	9	6
m.10944	532	0.5	0.5	0.5	0.5
m.2164	240	2	0.5	1	0
m.21654	118	3.5	4.5	6	2
m.21674	280	0.5	0.5	0.5	0
m.21683	274	0.5	1	0	0.5
m.217	121	8.5	8	8.5	6
m.21702	178	0	0.5	0	0.5
m.2171	309	0	0	1	0
m.21710	219	1	1	1.5	0.5
m.21772	262	1	1	1	0
m.21798	281	0.5	0	0.5	1
m.10974	566	8	9	7.5	1
m.21812	233	0.5	2	1	0
m.21819	1189	1	0.5	1	0
m.21842	395	11.5	10	13.5	7.5
m.2185	737	1	1	0	0
m.21911	295	0.5	0	0.5	0
m.21939	120	2.5	2	3	0.5
m.21954	305	0.5	2	2	2
m.22085	331	4	2.5	5.5	2
m.2212	675	1	0.5	2	1
m.10015	205	7.5	5.5	6	3.5
m.10998	251	0	0	0.5	0
m.22127	173	1.5	1.5	1.5	1
m.22180	238	1.5	3	1.5	2
m.22205	653	6	6.5	6	1
m.22274	438	4.5	4.5	6.5	5
m.22282	310	12	11.5	12	5
m.2229	343	0.5	1	1	0
m.22295	361	1	0	0.5	0
m.223	287	4	4.5	4	0
m.22300	797	0.5	1	1	1
m.22307	275	6	7.5	8	3
m.110	1165	37	45	40.5	30.5
m.22365	587	2	2.5	3	1
m.22392	222	8.5	7.5	10.5	2
m.22394	559	8.5	7.5	8.5	4
m.22405	246	4	3.5	4.5	2
m.2241	107	2	3	3	2.5
m.22412	708	2	1.5	2	0
m.22416	142	1	2.5	1	0
m.22424	314	5.5	6.5	5.5	3
m.22427	401	0	1	2	0
m.22434	265	0.5	1.5	0	0
m.1100	513	2	1	2	0.5
m.2244	1940	4	2	2	2.5
m.22447	261	3.5	2	2	1
m.22473	320	0	0	0.5	0
m.2249	195	1	1	1.5	0
m.22518	514	1.5	1	0.5	1
m.22539	256	0.5	2	1.5	0
m.22542	615	80.5	95.5	86.5	44.5
m.22547	139	3	2	2	1.5
m.22549	514	2.5	5	3	0
m.1103	1107	0.5	1	0.5	0
m.22580	202	1	2	2	1
m.22589	501	1	0	0.5	0
m.22603	222	0	1	0	0
m.2262	545	0	0.5	0.5	0
m.22620	173	0	1	0	0
m.22659	359	1	1	1	0
m.22676	166	1	0.5	0.5	0
m.22691	209	2	2	1	0
m.227	359	8.5	10.5	11.5	6.5
m.22707	617	2	4	1	1.5
m.11035	299	0	1.5	2.5	1
m.2278	237	0.5	1	1.5	1
m.22782	553	19	19.5	15	8
m.22799	396	0.5	0	1	0.5
m.22806	335	0.5	0	0	0
m.22810	245	2	3	1.5	0.5
m.22850	470	0.5	1	0.5	1
m.22904	580	7.5	8.5	6.5	2.5
m.22921	1220	1	0.5	1.5	0
m.22944	994	16.5	19.5	18	7
m.22952	530	6	5	7	1
m.11045	121	2.5	2	2.5	1
m.22977	195	1	1	1	0
m.230	211	8	7.5	8	7
m.23037	263	7	7.5	9	5.5
m.23042	858	3	5	4	1.5
m.23072	302	2.5	2.5	2.5	1.5
m.23079	454	0	1	2.5	0
m.2309	217	0	0.5	1	0
m.23101	403	1	1.5	1	0.5
m.23103	397	0	1	0.5	0
m.23134	126	1	3	0.5	3
m.11093	943	0.5	0	0	0
m.2316	597	2	1	1	0.5
m.2317	307	3	3	2.5	1.5
m.23218	266	0.5	0.5	0.5	0
m.23233	725	3	4	4.5	0
m.23247	172	1.5	2	2	1
m.23275	219	1	3	2	0
m.23281	165	0.5	0.5	0	0.5
m.23371	196	1	3	2	0
m.23377	644	1.5	1	1	3
m.11100	1144	7.5	7.5	5.5	4
m.23397	127	4	4	4	0
m.23436	547	0	1.5	2	0
m.2349	652	0.5	1	1	0.5
m.2353	1773	2.5	3.5	2	1
m.23560	575	2.5	3	3	3
m.23572	144	0	1.5	0	0
m.23575	291	1	1	1	0
m.23588	389	1.5	2	2	0
m.23599	895	61	63	66.5	37.5
m.2360	1533	6	8.5	9	3
m.11107	150	9.5	11	9.5	0
m.23602	166	4.5	6	3	3.5
m.23607	647	12.5	11.5	14	4
m.23611	241	12.5	10	10	6.5
m.23613	106	3	2	1	0.5
m.23626	176	2.5	2.5	3	2.5
m.23629	351	2.5	3.5	4	2.5
m.23632	169	2	3	2.5	1
m.23661	550	3	2.5	2.5	0
m.23668	113	1.5	0.5	0	0
m.23671	219	9	8	8.5	3.5
m.11149	227	9	7	9	3.5
m.23676	166	3	4	3	1
m.23681	182	0	0.5	0	0
m.23685	446	34.5	36	26.5	21
m.23696	547	0.5	0	0	0
m.23699	552	13	15.5	13	10
m.23708	164	2.5	2.5	3	1
m.23716	147	8.5	8.5	7.5	5.5
m.23728	760	3	2.5	2.5	0.5
m.23737	412	5.5	5	4.5	3
m.23776	270	5	3.5	2.5	2
m.1002	498	1.5	1	0	0
m.11152	593	0	1	1	0
m.23795	157	0	1	0	0
m.23814	289	2.5	1	1.5	1
m.23817	738	0.5	2	1	0.5
m.23821	306	20.5	21	19.5	13.5
m.23824	188	2.5	2.5	4.5	3.5
m.23856	894	0.5	0	0	0
m.23859	213	0.5	0.5	0	0
m.23867	427	2	1.5	1	0
m.23926	521	1	1.5	2	0
m.11180	213	0	0	1	0
m.23962	496	3	4	1.5	0
m.23996	320	1.5	1.5	1.5	0
m.23997	257	1	2	2.5	1.5
m.24011	345	2	2.5	2	0.5
m.24029	442	2.5	1.5	3.5	0.5
m.24046	310	1	1.5	2	1.5
m.24081	202	1.5	1.5	1	0
m.24092	176	3.5	4.5	4	1
m.24113	335	3	3	3	0.5
m.2412	527	1	1	1	0.5
m.11210	170	2	2	2	0
m.24170	270	1.5	1	3	1.5
m.24183	283	1	1	1	0.5
m.24205	912	1	0.5	0.5	0
m.24219	687	5	4	8	3.5
m.24221	132	2	1.5	1.5	1.5
m.2423	566	0.5	0	1.5	0
m.24247	254	1.5	1	1	0
m.24266	335	0	0	0.5	0
m.24267	357	2	2	0.5	0
m.1126	148	4.5	2.5	5	2.5
m.24308	388	2.5	1.5	1	0
m.24310	205	2	0.5	1	0.5
m.24316	262	1	1.5	0.5	0
m.2433	832	3.5	2.5	3	0
m.24351	185	0.5	2	0	0
m.24356	255	1	1	1.5	0
m.2438	9514	8.5	24.5	16	5
m.24423	342	3.5	3	2.5	2
m.24437	139	1.5	0.5	1	1.5
m.24493	298	0.5	1	1	0.5
m.11265	213	2	2.5	2	1
m.245	272	1	1	1	0.5
m.24620	241	11.5	13.5	13.5	13
m.247	406	2.5	1	2	1
m.24718	184	1	1	1	0
m.24722	174	1.5	1.5	1.5	0
m.2473	459	2	4.5	2	0
m.24916	265	0.5	1	0.5	0
m.24936	844	1	0	0.5	0
m.24947	295	9	10	8	3.5
m.11289	232	1	1.5	0	1
m.24948	811	1.5	2	2.5	1.5
m.2495	336	1	0	1	0
m.24964	992	8.5	9	7.5	3.5
m.24975	251	2.5	2.5	5	3
m.2503	175	2	2	1	0.5
m.25033	304	1	2	0.5	0
m.25041	188	1	1.5	1	1
m.25047	221	2	2	2	2
m.25060	237	3.5	2.5	3	1
m.251	263	17.5	18.5	14.5	10.5
m.11298	283	1.5	2	1	0
m.25100	471	3	3.5	4.5	1
m.25115	481	0.5	3	2	3
m.25121	520	0	2	2	0
m.25136	500	1.5	1.5	2.5	0
m.25139	549	3.5	6.5	4	1.5
m.25151	247	0	1	0.5	0
m.25153	155	3.5	2	1.5	1
m.25176	115	1.5	2	2.5	1.5
m.25195	896	1	0	1.5	0
m.11307	740	0	0.5	0.5	0
m.2520	559	5	5	3.5	1
m.25218	280	7.5	15.5	5.5	2
m.25233	301	4	3	4	1.5
m.25244	393	3	1	2	0
m.25260	257	1	1	1	0
m.25270	173	1	1	2.5	1
m.2531	239	8.5	9.5	8	2.5
m.25325	239	2	1.5	1	1.5
m.25376	167	1	1.5	1	1
m.11319	252	1	1	0.5	0
m.2539	1354	2	3	1.5	0.5
m.25410	350	7	6.5	7.5	3
m.2542	649	13.5	16	15	11
m.25447	912	3.5	2.5	6	0
m.25449	552	1	0	0.5	0
m.25457	512	0.5	0.5	0	0
m.255	815	10	13.5	13	3.5
m.25538	553	2.5	3	1.5	0.5
m.25546	453	9.5	7.5	4	1.5
m.1133	280	1.5	1	0	0.5
m.25552	512	1	0	0	0
m.25564	220	1.5	1.5	1	1
m.2558	405	1	0	1	0
m.25638	115	1.5	2	1	3
m.25678	189	9.5	11.5	11.5	5.5
m.25703	334	1	0	0	0
m.25715	184	0.5	0	0	0
m.25727	713	0	1.5	1.5	0.5
m.25798	273	0	0.5	0.5	0
m.25801	239	6	7	7	7
