PROTID	PROTLEN	0	0	0	1	1	1	1
m.11340	155	2	2	3	4	3	3	3
m.25826	146	10	12	12	13	13	14	13
m.25869	277	1	1	3	2	1	2	2
m.25878	131	0	0	0	0	0	0	1
m.25930	109	1	2	2	1	1	2	2
m.25949	781	0	1	1	1	1	1	2
m.2600	343	2	2	4	3	3	4	5
m.26006	448	48	45	55	54	54	58	60
m.26013	535	1	1	1	0	0	0	0
m.1135	538	9	9	10	10	9	8	9
m.26080	182	1	2	0	0	0	1	1
m.2609	814	0	1	3	0	0	1	1
m.26093	209	1	1	2	1	1	1	1
m.2611	732	2	0	4	6	5	6	6
m.26158	399	3	2	6	3	3	4	3
m.26179	500	0	0	0	0	0	0	1
m.26235	513	1	0	2	1	2	2	1
m.26261	222	1	0	0	1	0	0	0
m.11354	351	3	2	4	3	1	4	4
m.26336	389	2	2	1	1	3	2	2
m.26339	197	1	0	2	2	1	1	1
m.26379	171	0	1	1	3	2	3	2
m.26409	122	1	1	1	0	1	1	2
m.26466	184	1	0	0	3	0	1	0
m.26519	179	0	0	0	0	0	1	0
m.2655	450	2	3	3	2	2	2	3
m.266	1469	0	1	6	2	4	4	2
m.26602	100	0	0	1	0	1	1	1
m.11369	202	1	1	3	3	3	4	2
m.26650	151	0	0	0	1	0	2	1
m.26683	335	1	1	1	1	1	1	1
m.267	1212	0	0	1	1	1	0	0
m.26709	377	0	0	1	1	1	0	0
m.26727	287	1	0	0	0	0	0	0
m.26751	180	2	1	4	2	3	1	1
m.2677	291	1	4	6	2	1	3	1
m.26788	760	3	2	3	3	2	0	2
m.26871	106	1	2	2	1	2	1	1
m.26880	126	6	4	6	5	5	5	3
m.11382	877	0	0	1	0	0	0	0
m.26907	311	9	7	9	9	8	12	10
m.26926	313	4	3	6	6	5	5	5
m.26933	140	5	4	5	4	5	4	3
m.26940	335	3	2	3	5	4	5	3
m.26970	515	0	0	0	1	0	0	1
m.26981	281	2	3	1	2	3	6	4
m.2705	268	7	10	9	7	10	10	10
m.27078	180	7	8	8	8	7	9	7
m.27110	419	0	0	1	1	0	1	1
m.1141	910	0	1	2	0	0	0	0
m.27111	329	1	0	0	1	2	3	2
m.27125	414	0	1	1	0	1	1	1
m.2715	610	20	17	24	20	18	24	22
m.27183	206	0	0	1	0	1	0	0
m.27197	142	2	4	3	3	3	3	3
m.27204	360	0	0	0	0	1	0	0
m.2723	969	0	0	0	1	0	1	1
m.27234	308	14	13	10	13	10	13	13
m.11430	456	1	2	0	1	1	1	1
m.27366	279	1	1	2	1	1	1	1
m.2737	226	1	0	1	1	0	1	1
m.27407	217	1	0	1	1	0	0	0
m.27472	139	0	0	0	1	0	0	0
m.27519	235	4	3	4	4	4	4	3
m.27586	330	3	1	5	2	0	4	4
m.27605	263	0	1	2	2	2	3	4
m.11472	334	1	1	2	1	2	1	2
m.27613	234	1	1	3	1	2	1	2
m.27614	142	4	3	4	4	3	5	5
m.27625	216	1	1	1	0	0	0	0
m.27628	467	1	1	1	1	1	1	0
m.2764	1523	1	1	2	1	0	1	0
m.27646	180	3	3	3	3	3	4	5
m.2765	1329	0	0	2	0	0	0	1
m.27658	363	0	1	2	0	0	0	0
m.27664	165	1	1	1	2	0	1	1
m.27700	104	5	5	7	7	7	4	6
m.1149	736	1	1	1	1	1	1	1
m.27714	423	2	0	1	1	0	0	0
m.27772	428	1	2	2	2	2	1	0
m.27778	204	0	0	1	0	0	0	1
m.27791	585	4	3	7	6	6	7	5
m.27802	451	0	2	2	0	0	1	0
m.27813	362	1	1	1	2	1	2	1
m.27871	99	1	1	2	1	1	2	2
m.2794	658	23	20	30	29	29	29	28
m.27948	285	2	0	2	2	1	3	1
m.27998	400	2	1	1	1	1	3	1
m.115	216	5	7	8	7	5	8	7
m.28013	833	1	1	2	1	1	2	1
m.28097	108	5	4	4	4	4	4	2
m.28137	274	1	1	3	2	4	3	1
m.28144	117	0	1	1	0	1	1	0
m.28154	158	0	0	1	0	0	1	1
m.2824	459	5	2	4	4	4	4	4
m.28256	203	3	2	3	5	4	6	7
m.28278	688	1	4	3	1	2	3	1
m.28313	382	0	0	0	0	0	1	0
m.1005	498	8	8	10	10	8	9	9
m.1152	2284	0	0	1	0	0	0	0
m.284	444	3	5	5	3	6	5	5
m.2841	371	1	0	1	2	2	0	1
m.28413	203	2	2	2	2	4	3	3
m.28419	437	1	2	5	1	2	1	1
m.28422	153	1	0	1	2	0	2	2
m.28430	410	2	2	5	3	2	3	4
m.28435	230	3	3	4	3	4	5	6
m.28438	291	0	2	3	2	3	3	4
m.285	338	0	0	2	2	2	2	1
m.11543	385	9	9	12	8	9	9	10
m.28519	329	3	4	5	4	4	4	4
m.2853	518	1	1	3	0	1	2	1
m.28534	505	7	8	5	6	8	7	10
m.28537	125	0	1	1	0	1	0	0
m.28546	235	17	15	23	17	18	26	29
m.2856	532	11	15	16	14	16	14	17
m.2860	768	8	8	16	14	16	15	20
m.28620	138	0	0	1	0	0	0	0
m.28662	374	3	4	2	6	5	5	7
m.28742	295	2	2	4	3	2	3	4
m.11553	214	6	7	8	9	5	5	5
m.28770	229	1	0	0	0	1	1	1
m.2878	281	5	4	6	5	5	8	5
m.28820	245	1	4	4	3	4	6	5
m.28880	200	1	1	1	0	2	1	0
m.28999	107	2	2	2	2	1	4	3
m.29	104	5	4	4	4	5	4	3
m.29084	160	1	1	2	1	1	2	2
m.29137	625	1	0	2	2	2	1	2
m.29142	223	2	2	2	0	2	3	3
m.29240	253	3	2	3	4	4	4	3
m.2928	364	0	0	1	1	1	0	2
m.29291	227	0	0	0	0	1	0	2
m.29299	328	2	0	0	1	1	0	0
m.29350	356	0	1	1	0	0	0	0
m.29428	193	7	7	9	8	7	9	11
m.295	166	5	5	8	4	7	6	8
m.29523	191	7	7	8	9	10	8	9
m.29527	167	0	0	0	0	0	0	1
m.29546	408	0	1	1	0	1	1	1
m.11603	537	1	1	2	2	1	1	1
m.29573	135	3	4	9	4	3	5	6
m.29601	249	1	0	1	1	0	3	1
m.29602	100	0	0	2	1	1	0	1
m.29606	138	1	1	1	1	1	1	1
m.297	271	1	1	1	1	1	3	1
m.2970	816	1	1	1	2	1	2	1
m.2971	483	0	1	1	1	0	1	1
m.29844	459	0	2	2	1	2	1	2
m.29861	185	9	9	12	10	11	15	19
m.1163	121	2	2	2	2	1	2	1
m.29888	284	3	5	2	5	3	5	2
m.29952	124	2	3	2	1	1	3	2
m.29972	1069	3	1	4	2	4	5	3
m.3004	377	3	3	2	3	2	3	3
m.3005	453	15	11	18	12	11	19	23
m.30091	627	0	0	1	0	1	0	0
m.30104	442	7	5	10	9	9	7	9
m.30171	172	1	1	1	1	1	3	1
m.30203	117	3	3	7	3	4	6	4
m.11636	357	0	0	0	0	0	1	1
m.3027	702	0	0	2	1	0	0	0
m.3029	290	0	1	2	1	1	2	1
m.30295	390	13	12	12	11	9	12	11
m.30322	115	0	0	2	0	1	1	0
m.3037	1596	0	0	1	2	2	2	2
m.30396	488	24	25	24	25	27	24	23
m.304	134	1	1	3	1	2	2	2
m.30404	107	1	1	3	2	1	3	3
m.30436	263	1	1	1	0	0	2	1
m.3049	769	0	0	0	1	0	0	0
m.30492	247	5	5	7	7	8	7	5
m.30496	451	3	0	4	4	2	5	6
m.30517	248	5	4	6	5	7	5	7
m.30602	306	2	2	4	2	2	1	2
m.3061	248	1	2	3	4	4	3	4
m.30649	133	4	4	6	3	4	5	5
m.308	201	3	4	4	4	5	3	3
m.3082	374	2	1	2	2	3	0	1
m.11700	147	0	0	0	2	1	0	1
m.3090	880	5	5	8	4	2	5	5
m.30904	460	1	2	1	0	1	0	0
m.30917	239	0	0	2	1	0	0	1
m.30927	172	20	14	16	14	15	21	20
m.30955	229	7	8	11	9	7	8	7
m.30957	121	0	0	0	0	0	1	2
m.30965	169	2	2	1	1	2	0	3
m.30968	150	3	4	3	5	3	6	5
m.3100	352	2	1	5	4	4	6	6
m.11721	335	0	0	0	0	0	1	0
m.31187	410	0	0	1	0	0	0	0
m.3130	1155	2	1	4	4	3	3	3
m.31300	423	1	3	3	2	2	1	3
m.3134	211	1	1	2	2	0	1	1
m.31437	438	4	3	5	4	4	6	5
m.31443	176	2	1	3	0	2	1	3
m.3146	160	5	5	6	6	7	7	7
m.31460	197	0	1	5	0	5	4	6
m.31506	166	0	0	0	1	1	0	0
m.11724	829	2	2	5	3	1	1	3
m.3153	509	1	2	2	2	1	1	4
m.31542	149	0	0	0	1	1	1	0
m.316	240	2	1	2	2	2	2	2
m.31623	358	1	4	4	3	3	3	4
m.31625	195	1	2	3	2	3	2	1
m.317	569	0	0	0	0	1	0	0
m.31712	115	0	2	4	1	2	2	3
m.3172	280	1	0	1	1	2	1	2
m.11725	118	1	1	1	0	1	1	1
m.3177	109	0	1	1	0	0	0	1
m.3187	131	3	2	2	3	3	3	3
m.31948	99	0	1	1	1	1	1	0
m.31989	241	5	5	5	5	4	7	7
m.32071	562	0	0	3	1	2	3	2
m.32074	263	0	0	0	1	0	0	0
m.32095	297	0	0	2	0	0	0	0
m.32107	309	2	2	1	3	1	2	2
m.11740	629	1	0	1	0	1	0	0
m.32183	330	0	0	0	0	0	1	0
m.3220	414	1	1	3	2	2	0	1
m.3221	325	2	2	7	4	7	4	5
m.32284	203	1	1	2	2	2	2	2
m.323	492	2	2	4	4	2	1	3
m.32357	153	1	2	1	1	1	1	1
m.32358	194	1	1	2	1	1	1	1
m.32359	150	0	1	2	3	0	0	0
m.11744	384	0	0	0	1	0	0	0
m.32400	152	13	15	13	13	12	13	12
m.32437	322	6	4	4	5	3	4	3
m.3251	282	0	0	0	0	0	0	1
m.3255	868	3	4	3	3	2	5	3
m.32551	99	0	0	1	1	1	1	1
m.32621	249	0	0	1	0	1	1	1
m.11754	237	3	4	3	4	4	7	6
m.32635	153	3	4	4	2	2	5	6
m.3273	568	0	1	0	0	0	1	1
m.3276	306	0	0	0	1	0	1	0
m.32828	176	8	6	10	10	9	10	10
m.32831	225	1	2	6	4	4	4	5
m.32846	176	1	1	1	0	1	3	1
m.32852	395	1	2	1	2	1	1	2
m.33026	112	2	3	4	2	2	3	3
m.33059	120	0	0	1	0	1	0	0
m.33136	368	1	0	1	1	1	0	1
m.332	282	40	36	34	53	47	43	41
m.33410	147	1	1	1	1	1	1	0
m.33455	109	5	5	5	5	6	7	7
m.33471	155	0	0	0	0	0	1	0
m.33472	425	3	4	5	4	5	7	3
m.33492	113	2	1	1	1	1	1	1
m.33503	162	0	0	2	1	0	1	1
m.33514	310	4	2	5	3	4	5	3
m.33520	102	1	0	0	2	0	1	0
m.33573	158	0	0	1	0	0	1	0
m.33585	222	1	2	4	3	4	3	4
m.33765	180	0	0	0	1	1	1	0
m.3377	199	7	6	6	7	5	6	6
m.33823	263	7	5	9	10	12	5	9
m.11786	188	2	2	3	2	3	2	3
m.33851	449	1	0	0	0	1	0	0
m.33885	143	0	0	0	0	0	1	0
m.33899	140	2	2	1	0	1	1	0
m.34056	168	0	2	2	4	2	0	2
m.34074	300	0	0	1	0	0	2	2
m.3410	419	2	1	2	1	3	4	5
m.34124	301	1	1	2	0	1	0	0
m.34153	162	0	0	0	0	1	1	0
m.34157	102	13	12	16	15	13	15	15
m.34189	296	2	3	3	6	4	4	1
m.11819	281	1	1	1	0	0	1	0
m.342	284	9	11	15	9	10	8	7
m.34230	432	0	0	2	0	2	0	0
m.3426	883	0	0	0	1	1	0	0
m.34307	327	1	0	1	0	0	1	1
m.34320	345	3	4	4	5	4	4	4
m.34388	510	1	1	1	1	0	0	2
m.34425	200	3	3	2	2	3	2	2
m.3444	334	2	0	0	0	0	1	1
m.34462	419	7	3	5	7	5	8	8
m.11826	566	3	2	3	1	2	2	2
m.34493	172	7	3	3	1	2	4	3
m.34529	167	0	0	0	1	0	0	1
m.34604	140	1	1	3	2	1	4	3
m.34605	160	1	0	0	0	0	1	1
m.3462	8400	8	3	13	13	9	8	10
m.3463	3039	6	5	11	8	9	9	8
m.34688	318	1	1	1	0	0	0	0
m.34690	147	0	1	1	1	2	0	0
m.347	455	19	16	21	27	31	34	30
m.34713	109	1	1	1	1	0	2	2
m.10080	526	15	14	15	17	13	14	16
m.11831	212	0	1	1	2	1	2	2
m.3477	1085	13	11	14	14	15	18	17
m.348	295	4	6	7	7	7	9	6
m.34960	270	0	0	0	1	0	0	1
m.34980	153	0	0	0	1	0	0	1
m.34991	288	2	2	3	3	2	2	2
m.34996	174	0	0	0	0	0	0	1
m.35068	261	3	3	4	3	3	2	3
m.11832	897	6	5	8	5	8	9	10
m.35071	140	3	3	4	2	2	1	4
m.35100	307	1	1	1	1	0	1	1
m.35136	334	1	1	2	1	2	2	3
m.35147	172	2	2	2	1	2	2	1
m.3543	203	1	1	1	2	0	0	0
m.3547	337	0	0	3	1	1	1	0
m.1184	205	0	0	0	0	0	2	0
m.355	256	24	28	28	24	27	29	28
m.35511	123	1	1	1	2	1	1	2
m.35564	204	1	1	1	0	2	1	1
m.3565	211	2	1	3	2	1	3	3
m.35843	140	1	1	1	1	1	1	1
m.35895	213	0	0	1	0	0	1	1
m.35911	133	8	6	8	7	9	8	10
m.36003	135	2	2	2	4	3	1	3
m.11842	252	2	3	2	1	2	2	2
m.3601	988	0	0	1	3	1	0	1
m.36024	385	12	13	13	12	13	11	14
m.36124	147	2	1	3	2	1	3	3
m.3619	642	0	0	1	0	1	0	0
m.362	112	0	0	1	0	1	0	0
m.3621	404	1	1	1	1	1	2	1
m.36235	154	4	6	4	0	1	2	3
m.3627	290	1	3	3	1	0	2	0
m.36293	247	0	0	2	1	1	1	0
m.11876	224	1	2	3	2	2	1	1
m.36305	120	0	0	1	0	1	0	1
m.36358	231	1	1	1	2	2	0	0
m.36412	362	0	0	2	1	1	2	2
m.365	460	16	12	14	23	17	20	24
m.36655	249	2	0	3	2	1	4	3
m.36657	206	5	7	7	4	5	3	5
m.36658	156	5	5	4	4	5	4	5
m.36659	126	0	0	2	0	1	1	1
m.3666	213	27	33	38	39	41	33	37
m.1188	293	2	3	5	4	5	4	6
m.36673	175	4	4	4	4	3	6	6
m.36731	170	7	5	5	5	4	5	6
m.3675	482	4	1	4	5	3	6	5
m.3689	731	2	0	2	1	2	3	2
m.3691	708	1	0	1	0	2	1	0
m.37180	248	0	1	1	1	1	1	1
m.3723	105	2	0	0	1	2	1	2
m.37396	133	2	4	7	4	5	4	4
m.37474	159	5	5	8	6	5	10	11
m.3760	164	0	0	1	1	1	1	1
m.378	200	11	10	14	14	13	10	11
m.37833	126	5	4	5	7	6	5	6
m.37922	139	2	2	1	1	2	1	1
m.37941	99	0	0	0	0	0	0	2
m.11921	315	1	0	2	2	3	3	1
m.37962	437	2	0	2	0	0	0	2
m.37963	226	1	2	2	2	2	2	2
m.38034	178	0	1	1	0	0	0	0
m.38037	198	9	7	10	10	10	13	9
m.38038	462	7	5	7	6	6	10	9
m.38073	190	3	3	3	1	3	2	3
m.3808	609	22	17	24	23	21	28	24
m.3817	410	0	1	2	1	1	1	1
m.38264	113	1	0	2	1	0	0	0
m.38396	326	1	0	1	0	0	1	0
m.384	422	80	89	101	97	94	86	98
m.38468	195	0	1	3	2	2	4	3
m.38478	153	0	0	1	1	0	1	0
m.38537	209	0	0	0	0	1	0	0
m.38571	236	0	1	0	0	1	1	1
m.386	335	1	1	3	2	1	3	2
m.3861	463	0	0	1	0	0	0	0
m.3871	422	1	1	4	1	0	2	1
m.38847	116	0	0	1	1	0	0	1
m.39	352	0	0	0	0	0	0	1
m.3914	142	2	2	3	2	3	3	3
m.3936	244	1	3	3	3	3	3	2
m.395	594	4	4	7	5	3	4	2
m.3953	259	0	1	2	0	1	2	1
m.3970	459	0	1	1	0	0	0	0
m.3978	582	4	1	4	3	3	6	3
m.3981	180	4	2	4	5	6	6	5
m.10093	673	0	0	1	2	1	1	1
m.11960	265	0	0	0	0	0	1	0
m.3991	359	1	1	1	1	1	1	1
m.4	1370	6	6	8	3	6	4	6
m.4026	349	3	3	5	5	2	2	3
m.405	356	0	0	0	1	1	0	0
m.408	537	1	0	2	2	0	1	2
m.4092	124	11	10	13	12	11	19	16
m.4111	173	1	0	1	1	1	1	0
m.4131	303	2	0	0	1	0	2	1
m.416	307	2	3	5	3	1	2	3
m.4166	132	0	1	0	1	0	0	0
m.11993	245	0	0	1	1	0	0	1
m.4192	379	1	3	5	3	3	1	3
m.4199	411	0	0	1	3	1	1	2
m.4212	929	13	15	11	13	13	11	15
m.4224	397	4	3	8	6	7	5	7
m.4229	273	2	2	5	3	3	4	4
m.423	229	8	8	9	6	7	7	9
m.4233	452	0	1	1	1	1	1	1
m.4250	288	16	13	18	19	20	23	23
m.426	811	4	6	12	9	8	10	11
m.12002	156	0	0	0	2	0	2	1
m.427	250	1	1	3	1	1	1	0
m.428	332	2	2	3	0	0	1	2
m.4304	248	0	1	1	0	1	2	1
m.431	153	0	1	0	0	0	1	0
m.4326	136	2	2	2	2	1	3	3
m.12007	433	4	5	9	6	5	4	4
m.4327	322	0	1	2	3	1	3	2
m.4353	392	2	4	4	2	4	5	4
m.4356	640	5	4	6	4	5	5	4
m.4358	403	0	0	0	1	2	1	1
m.437	429	1	1	4	2	3	2	3
m.4377	263	0	1	1	1	0	1	1
m.4386	383	2	0	1	0	2	1	0
m.4387	576	1	0	0	0	0	0	0
m.12009	511	0	0	0	1	1	0	0
m.441	423	7	8	11	11	10	8	8
m.4416	678	0	0	0	1	0	0	0
m.443	202	1	2	2	2	1	3	2
m.444	342	0	0	1	1	0	2	3
m.4453	365	1	2	3	0	2	2	2
m.4533	744	1	1	1	1	2	2	0
m.454	722	0	0	0	0	0	1	1
m.12035	180	1	2	2	2	2	1	2
m.4567	294	0	0	1	0	1	0	0
m.458	572	0	0	1	0	0	1	1
m.459	339	4	5	2	5	5	7	8
m.4593	1009	3	2	5	1	1	2	2
m.460	402	7	7	9	7	12	7	10
m.461	891	1	2	3	1	1	2	1
m.4616	493	0	0	2	0	0	0	0
m.462	353	2	2	4	5	4	3	5
m.12048	569	6	5	9	9	6	9	12
m.4637	291	0	0	0	0	1	0	0
m.4641	249	0	0	0	0	1	0	1
m.4694	414	11	11	16	10	13	13	9
m.471	360	0	0	0	0	1	0	0
m.4728	213	3	1	3	7	5	8	7
m.473	628	8	9	12	8	6	6	5
m.4733	390	0	0	1	0	0	0	1
m.12056	309	1	2	2	2	1	2	2
m.4747	349	6	7	10	9	9	10	12
m.4759	223	5	3	5	3	3	6	6
m.4808	367	1	0	1	1	0	0	0
m.481	1150	12	12	15	8	9	8	6
m.4811	467	0	1	0	0	0	0	0
m.4855	1250	1	2	0	1	1	2	2
m.4863	154	0	0	1	0	0	0	0
m.4876	497	8	6	7	8	7	5	6
m.4878	331	15	10	15	15	14	19	20
m.4883	240	1	1	2	0	1	1	0
m.4889	468	1	0	2	1	2	1	2
m.4892	422	0	0	0	0	0	0	1
m.4897	319	6	6	10	8	8	9	10
m.4900	202	4	7	6	4	6	5	4
m.4903	2982	0	2	2	2	1	2	2
m.491	248	6	5	11	8	7	9	10
m.4911	552	62	58	64	57	53	59	63
m.4921	158	5	6	6	4	5	5	5
m.12097	491	1	0	0	0	0	0	0
m.4923	315	8	9	11	11	13	13	10
m.494	400	4	5	6	6	6	4	5
m.4943	647	28	29	27	35	30	37	34
m.4946	322	1	0	1	0	0	0	0
m.4958	221	1	0	0	0	1	0	0
m.4968	676	0	1	1	0	0	1	1
m.4974	208	3	3	6	8	5	3	1
m.4978	368	24	24	26	22	27	27	29
m.4988	204	1	4	2	3	3	2	3
m.10111	222	0	1	1	0	1	1	2
m.1215	381	3	6	7	11	5	7	8
m.4990	351	0	1	0	1	1	0	1
m.4998	325	2	2	2	1	2	2	2
m.500	227	1	1	0	0	0	0	0
m.5005	481	20	16	23	20	20	21	19
m.5012	2350	73	79	86	85	85	87	89
m.5020	224	6	9	9	6	8	9	8
m.5022	151	10	10	15	12	12	11	14
m.5026	617	1	0	0	1	0	0	0
m.5028	1007	21	19	19	19	15	25	23
m.12175	403	2	2	5	3	4	3	3
m.5036	327	2	1	2	1	1	1	1
m.5038	1493	0	0	0	1	0	0	0
m.5056	403	2	3	2	4	4	4	4
m.5061	506	11	12	12	12	12	12	14
m.5062	346	10	10	12	11	9	11	10
m.5064	342	5	8	10	7	9	7	5
m.5076	1105	2	3	5	2	3	2	4
m.508	371	4	5	6	4	4	4	3
m.5080	107	2	3	4	1	3	0	0
m.5081	198	4	3	7	4	5	5	3
m.12185	535	1	2	4	2	2	1	1
m.5109	131	1	1	1	1	1	1	1
m.5113	272	3	3	10	6	5	7	6
m.5120	694	18	23	20	22	16	17	18
m.5128	376	3	3	4	3	3	4	3
m.5142	151	6	6	5	6	7	5	6
m.5146	126	4	6	5	6	6	6	6
m.5147	416	8	2	9	8	7	9	6
m.5148	167	2	3	3	2	2	4	4
m.515	303	2	2	4	1	0	1	2
m.12229	471	24	23	28	22	22	24	27
m.5150	488	2	1	3	2	3	2	1
m.5161	451	3	1	4	4	4	4	4
m.5172	212	1	0	0	0	0	0	0
m.5182	409	10	10	13	11	11	12	11
m.5185	122	0	0	0	0	0	1	1
m.5186	242	37	37	45	40	43	48	47
m.519	515	3	8	12	8	6	9	10
m.5191	2106	6	5	14	6	6	8	10
m.5199	639	1	2	3	2	1	1	1
m.1223	739	1	4	5	1	3	2	2
m.5216	1018	0	2	1	0	0	0	0
m.5248	375	0	0	2	1	0	1	0
m.5250	227	2	2	2	2	3	3	3
m.5253	335	22	26	27	23	24	26	27
m.5256	138	3	2	4	3	3	4	4
m.5258	222	1	1	3	2	1	1	1
m.5266	746	0	0	0	0	1	0	0
m.5277	148	2	2	2	1	1	0	2
m.12238	232	11	11	12	14	14	12	17
m.5288	344	0	0	0	0	0	1	0
m.5290	1690	16	16	19	17	18	16	17
m.5296	670	0	1	3	0	1	0	0
m.5305	270	2	4	3	4	5	3	4
m.5309	1972	111	117	154	138	132	141	143
m.531	580	7	6	9	11	11	14	12
m.5315	882	6	7	11	7	6	8	7
m.532	113	4	4	2	4	5	4	5
m.534	225	1	3	4	5	5	7	7
m.5346	119	1	1	2	0	1	1	1
m.1225	1047	0	0	0	1	0	0	0
m.5352	328	1	1	1	2	1	2	2
m.5354	547	8	7	10	10	12	12	11
m.5364	172	8	9	7	8	9	8	7
m.5369	500	2	4	5	2	3	5	6
m.5376	135	1	0	0	0	0	1	0
m.5382	195	3	3	4	2	2	3	4
m.5390	842	3	4	5	4	1	5	2
m.5400	164	3	4	5	2	4	5	4
m.12306	644	1	0	1	0	1	1	0
m.5401	114	0	0	0	0	0	1	0
m.5403	461	8	11	14	8	10	14	15
m.5407	595	5	5	5	6	4	5	5
m.5413	216	1	1	1	1	1	1	1
m.5415	188	2	3	2	3	3	1	4
m.5416	476	3	0	4	2	1	1	1
m.5422	1121	3	4	5	5	7	4	5
m.5425	415	20	24	24	28	25	31	30
m.5441	307	3	3	3	3	3	3	4
m.5442	167	9	12	17	13	15	11	15
m.12334	1458	5	3	1	3	3	3	4
m.5459	641	0	0	0	0	0	1	0
m.5465	622	10	9	8	6	7	5	7
m.5473	170	0	0	3	0	1	2	2
m.5478	219	1	0	1	0	1	0	0
m.5484	707	0	0	1	0	0	0	0
m.5487	105	2	2	3	2	3	4	3
m.5493	248	1	0	1	0	1	0	0
m.550	489	23	22	26	24	25	32	26
m.5507	231	1	1	3	2	2	0	1
m.1235	511	2	0	6	2	1	1	0
m.5516	387	2	2	1	0	0	1	1
m.552	338	3	3	4	4	3	4	3
m.5522	429	2	2	3	3	2	2	2
m.5525	456	9	11	14	10	11	10	10
m.5528	192	2	4	2	2	2	3	2
m.5538	480	9	9	11	12	11	13	11
m.5566	116	2	1	2	2	1	1	1
m.5583	175	3	2	4	3	3	5	3
m.5593	175	1	1	1	0	1	1	2
m.1013	969	0	0	0	1	0	0	0
m.56	236	5	5	8	6	4	6	7
m.5603	203	0	1	2	3	2	2	3
m.5605	166	6	4	4	4	5	5	5
m.5606	190	3	3	5	4	4	4	5
m.5611	317	11	13	16	9	13	15	14
m.5613	134	1	1	3	2	2	1	4
m.5620	959	2	1	3	2	1	2	3
m.5624	813	7	5	9	7	10	11	10
m.5628	431	23	22	31	18	18	28	24
m.1238	450	3	2	5	4	3	2	3
m.5643	338	3	3	3	4	3	5	3
m.5644	430	8	8	14	7	10	12	16
m.5659	127	4	3	6	2	3	4	4
m.5664	242	11	4	6	10	5	10	7
m.5665	346	5	5	9	7	7	8	8
m.5672	207	1	1	1	0	0	1	0
m.5676	297	0	1	2	1	2	2	2
m.5677	398	7	5	6	6	6	6	8
m.5680	200	0	0	1	0	0	0	0
m.12417	694	0	1	1	1	1	2	1
m.5686	252	1	1	1	1	1	1	0
m.5692	394	0	0	1	0	0	0	1
m.5724	205	3	1	3	1	2	3	3
m.5752	384	0	0	1	0	0	0	0
m.5753	396	2	1	3	2	1	3	3
m.5755	241	1	1	2	0	3	2	2
m.579	570	10	12	13	14	11	16	16
m.580	344	17	16	19	14	16	15	15
m.1249	263	6	6	8	9	7	7	10
m.5803	326	0	0	1	0	0	0	1
m.5804	1293	6	6	10	5	4	8	4
m.5811	486	13	15	18	18	16	18	19
m.5859	199	5	4	7	5	5	4	6
m.5862	284	3	4	4	3	2	6	5
m.5867	472	2	3	5	5	3	4	6
m.5869	404	2	3	4	2	2	1	4
m.5870	1080	8	7	13	10	10	11	11
m.5891	357	2	1	2	1	2	1	1
m.12517	148	0	0	0	0	1	0	0
m.5900	332	0	0	1	0	1	2	0
m.592	568	0	0	1	0	0	0	1
m.5924	163	4	3	3	4	4	3	3
m.5940	470	9	8	12	14	11	11	11
m.5946	412	4	3	4	3	3	4	3
m.5947	328	3	1	3	2	0	1	2
m.595	591	3	5	8	4	3	5	6
m.5953	1295	15	22	27	23	25	26	33
m.12521	914	12	10	16	11	11	11	12
m.5961	726	26	24	30	33	29	45	40
m.5981	145	5	4	3	4	5	4	4
m.6000	281	7	4	10	6	11	11	9
m.6006	339	23	22	30	23	27	31	34
m.6024	399	1	3	4	1	2	3	2
m.6025	191	5	4	5	5	4	7	6
m.604	626	12	8	12	12	8	11	9
m.6042	807	1	0	1	1	0	1	0
m.12550	201	3	3	4	5	2	2	3
m.6046	318	1	2	2	2	1	2	2
m.6058	1126	1	0	0	0	0	0	0
m.606	401	12	16	15	15	17	14	16
m.6062	535	6	6	6	7	6	6	6
m.6067	290	0	0	2	2	2	1	2
m.6076	413	0	0	0	0	1	0	1
m.6093	277	0	0	1	1	0	0	0
m.6098	224	0	0	1	0	0	0	0
m.611	550	3	3	6	4	3	5	4
m.6130	287	10	8	10	14	14	14	12
m.12589	426	2	3	4	4	1	2	2
m.6137	829	1	1	1	2	0	1	1
m.6149	834	5	5	7	7	9	5	5
m.6153	459	5	1	5	4	2	6	4
m.6160	246	3	6	7	3	5	5	4
m.6161	297	0	0	1	0	0	1	1
m.6174	243	16	18	22	16	18	17	22
m.6192	463	11	14	7	11	11	9	11
m.6207	485	0	0	0	0	0	1	1
m.6212	640	20	19	28	23	20	31	31
m.12606	311	0	1	0	1	1	1	0
m.6219	1290	0	0	2	0	0	0	3
m.6233	239	3	1	4	3	2	3	4
m.6235	1030	1	1	1	1	0	1	0
m.625	931	0	1	1	0	0	0	0
m.6258	470	1	3	3	3	3	5	4
m.6266	564	8	7	11	11	8	12	9
m.628	379	1	1	3	0	1	2	2
m.1261	196	1	1	1	1	1	1	1
m.6354	185	3	2	3	2	2	1	2
m.6361	1066	10	9	11	15	11	19	15
m.6363	693	1	1	4	3	1	3	2
m.637	726	3	5	3	2	5	3	3
m.6370	313	8	8	13	11	14	14	13
m.6400	282	0	1	2	0	1	0	1
m.6404	402	0	1	2	1	0	1	1
m.6408	422	0	0	1	0	0	0	0
m.10132	182	2	1	3	1	3	1	2
m.12641	187	0	0	0	0	0	2	1
m.6410	391	1	0	1	1	1	1	1
m.6414	454	2	2	3	3	4	3	3
m.6433	288	0	0	0	1	0	0	0
m.6495	278	1	2	3	1	2	2	2
m.650	554	4	4	4	4	4	5	4
m.6505	217	0	0	1	1	0	1	0
m.651	113	5	5	7	4	6	5	5
m.6511	281	5	5	6	5	5	5	7
m.6516	603	0	0	2	0	2	3	2
m.6522	302	6	6	4	12	8	10	12
m.12642	195	20	19	24	22	23	23	26
m.6524	587	17	18	18	18	18	21	20
m.6525	168	2	1	2	0	0	2	1
m.6534	473	1	0	1	0	0	1	0
m.6554	533	7	6	8	7	9	10	10
m.6562	225	1	0	2	3	2	3	1
m.657	677	5	7	12	10	9	9	6
m.6574	602	4	8	10	5	6	6	4
m.6603	632	3	1	3	1	2	3	3
m.6613	526	0	0	0	0	0	1	0
m.6614	1203	5	4	6	7	6	10	10
m.6620	708	0	0	1	2	1	1	2
m.6630	215	0	0	0	0	0	0	1
m.6645	175	1	2	1	1	1	2	1
m.6650	137	1	2	4	1	2	1	0
m.6654	227	4	3	4	3	2	4	4
m.6678	2678	1	1	2	2	2	1	2
m.6688	381	2	1	2	1	1	3	2
m.6690	123	2	2	2	3	2	2	3
m.6698	487	20	19	25	21	23	26	28
m.6705	727	13	9	11	15	12	18	16
m.671	663	0	0	1	0	1	0	0
m.6724	676	8	13	12	8	10	8	10
m.673	891	0	1	0	0	0	0	1
m.6735	993	0	0	0	0	0	0	1
m.6750	260	8	5	7	6	7	8	7
m.6751	684	0	0	0	0	1	0	0
m.6764	636	3	1	3	5	3	2	3
m.6777	271	2	1	1	3	0	2	1
m.12662	470	4	5	9	8	7	7	8
m.6795	338	2	1	0	4	1	3	0
m.681	2015	74	73	87	72	79	91	91
m.6816	173	0	0	1	0	1	0	0
m.6822	465	1	1	2	2	0	1	3
m.6835	423	1	1	1	2	2	3	2
m.6844	389	4	4	8	6	7	10	13
m.6864	607	0	0	3	1	0	1	0
m.6865	1038	0	0	2	0	1	1	1
m.6868	946	9	5	8	7	5	7	6
m.6883	567	8	7	12	8	9	11	8
m.12676	293	0	0	1	1	1	0	0
m.694	857	3	2	6	2	3	2	1
m.6949	182	0	0	0	1	0	2	3
m.6975	388	0	1	1	1	1	1	3
m.698	256	0	0	0	1	0	0	0
m.6987	527	1	0	1	0	0	0	0
m.6990	479	3	5	3	4	3	4	4
m.6999	171	0	0	1	0	1	1	0
m.12686	459	1	2	3	2	2	2	2
m.70	207	2	1	2	2	1	1	2
m.7005	1086	15	20	24	23	20	25	30
m.707	329	3	1	1	1	1	0	1
m.7103	496	0	0	1	1	0	1	0
m.7107	168	0	0	0	0	0	1	0
m.711	289	0	0	1	0	0	1	1
m.7111	267	1	1	1	1	0	3	1
m.7115	1367	0	3	2	3	4	5	3
m.7131	978	2	2	2	3	3	4	3
m.7138	221	0	1	2	0	1	1	0
m.12693	1749	10	10	13	11	10	9	11
m.7140	275	5	8	8	9	6	6	7
m.7154	627	0	0	0	1	1	1	0
m.7159	1549	0	0	0	2	1	2	1
m.720	102	1	1	0	1	0	1	1
m.7206	974	4	4	4	3	3	5	4
m.721	1283	1	1	1	2	0	1	2
m.7211	854	1	0	3	2	2	1	1
m.7240	672	2	0	2	2	2	1	1
m.7242	348	1	0	1	0	0	0	0
m.7262	373	9	12	13	12	14	15	16
m.7285	870	1	0	0	0	1	1	0
m.7288	361	2	4	6	6	4	9	6
m.7296	413	28	26	33	31	31	36	39
m.7297	100	7	6	8	9	7	10	9
m.733	773	3	3	6	5	5	3	3
m.7348	315	11	8	15	12	12	13	11
m.7372	521	0	1	1	0	0	0	0
m.7375	539	0	0	1	0	0	0	0
m.12698	142	2	3	5	4	2	5	4
m.738	140	6	8	8	7	6	7	11
m.7382	319	2	1	6	3	4	3	4
m.7404	524	98	100	120	104	91	119	122
m.7426	502	16	18	22	15	17	18	18
m.745	243	4	6	10	8	9	10	10
m.7457	110	6	6	7	6	4	8	7
m.7461	430	9	5	11	8	8	12	13
m.7469	537	4	2	1	3	1	1	2
m.10135	467	2	2	3	3	1	2	2
m.12707	398	2	2	1	2	1	5	4
m.750	800	0	0	1	0	0	0	0
m.7509	441	1	1	2	1	1	1	0
m.753	343	3	4	3	3	3	5	4
m.7552	386	0	0	0	1	0	0	0
m.7561	417	1	2	2	0	1	0	1
m.7582	540	0	2	3	0	2	4	3
m.7588	415	1	1	1	1	0	1	2
m.7592	467	7	5	9	9	9	9	7
m.7593	596	3	2	3	3	2	3	2
m.7595	1291	32	25	41	31	38	44	43
m.7630	342	0	0	1	0	0	1	0
m.7637	482	5	3	5	4	5	4	3
m.7647	1472	2	3	4	2	2	3	4
m.765	688	0	1	1	1	1	0	2
m.7658	726	0	0	1	0	0	1	1
m.7660	262	0	0	0	1	0	0	0
m.12721	179	2	0	0	1	0	2	1
m.7663	465	1	0	1	2	0	2	0
m.7667	285	5	4	6	6	6	5	5
m.7674	481	4	6	7	2	5	5	6
m.7691	358	0	0	0	1	0	0	0
m.77	597	32	35	33	35	35	35	38
m.772	418	15	11	17	14	14	17	19
m.7741	384	71	69	74	79	75	83	80
m.7751	288	16	17	17	18	16	16	17
m.12725	224	2	3	4	3	3	3	3
m.7798	205	0	1	1	1	1	1	1
m.782	388	27	22	35	23	19	28	31
m.7823	187	0	0	0	1	1	1	0
m.7834	739	0	1	2	2	1	1	1
m.7836	367	2	0	1	1	0	1	1
m.785	233	2	3	4	0	3	0	1
m.787	428	18	20	27	24	23	22	21
m.789	775	0	0	2	0	0	1	0
m.791	133	1	0	1	1	1	1	1
m.12732	698	18	15	25	23	18	26	19
m.7945	324	0	0	1	0	0	1	1
m.7961	340	1	1	2	0	1	1	0
m.7974	155	1	1	1	0	1	0	2
m.8003	356	2	2	5	3	4	3	4
m.8017	724	3	1	3	5	3	4	3
m.8023	472	0	0	2	2	1	2	2
m.809	141	2	0	1	0	0	1	0
m.81	504	13	10	10	13	14	20	14
m.12737	490	1	0	1	1	0	0	0
m.8149	654	1	2	4	5	4	3	2
m.82	123	2	2	5	3	2	2	1
m.8222	467	17	16	25	17	16	23	22
m.8227	922	2	0	2	2	2	1	2
m.8232	523	1	1	1	1	1	2	1
m.8233	1215	11	12	14	19	23	25	22
m.8241	512	0	1	1	2	1	1	1
m.8246	632	0	0	0	1	0	0	1
m.12740	434	4	4	4	6	2	3	4
m.8342	908	26	31	28	34	31	30	34
m.8376	1390	1	1	5	2	1	1	2
m.849	171	5	5	7	5	7	8	8
m.8553	598	1	0	0	1	0	0	0
m.8574	338	1	0	1	1	0	1	0
m.8594	352	1	1	1	2	1	2	2
m.860	473	9	6	9	4	5	7	4
m.8609	175	9	7	5	6	6	8	10
m.8622	179	1	1	3	2	3	2	3
m.12744	483	2	2	3	2	2	3	1
m.865	271	7	6	7	8	8	10	10
m.8693	201	2	3	4	5	4	3	5
m.8696	278	1	0	1	0	0	1	2
m.8700	316	1	0	1	0	1	0	1
m.8703	160	1	1	2	0	1	2	1
m.8709	507	2	2	2	3	2	2	3
m.873	140	4	5	6	5	6	5	6
m.8730	570	1	1	3	1	0	1	0
m.8735	575	1	2	2	1	1	2	1
m.12757	255	4	4	4	4	4	5	5
m.8756	335	0	0	1	0	1	1	0
m.8796	376	5	5	6	2	3	4	5
m.8799	389	8	6	6	10	8	10	6
m.886	1029	1	0	2	0	0	0	1
m.8870	312	12	13	14	10	13	15	17
m.8872	406	8	5	10	9	10	9	5
m.8875	267	7	6	5	3	5	3	4
m.8877	241	3	3	3	2	3	3	4
m.8885	757	14	14	18	11	13	14	14
m.8900	399	14	13	14	14	15	13	16
m.8901	709	0	0	0	1	0	0	0
m.8908	660	0	0	2	1	0	3	1
m.8913	420	0	1	2	0	1	0	0
m.8914	480	1	0	3	0	0	0	0
m.892	692	2	1	3	5	2	4	4
m.8928	359	6	9	9	10	9	11	9
m.8936	197	3	1	3	3	2	2	2
m.8939	146	1	2	2	2	2	3	3
m.8941	216	4	3	7	6	6	6	7
m.10138	474	3	0	2	1	0	1	1
m.12762	252	6	8	6	7	9	12	12
m.8943	224	1	0	0	1	1	2	1
m.8947	2092	3	4	8	2	3	4	3
m.8953	221	3	5	6	4	3	3	4
m.8954	500	1	1	5	1	1	5	6
m.8957	494	1	2	2	2	2	2	1
m.8982	213	1	0	3	4	2	3	4
m.8991	306	5	6	11	8	9	11	13
m.90	277	0	1	0	1	1	1	1
m.12764	395	2	2	3	4	3	2	3
m.9013	389	8	5	7	9	10	3	4
m.9015	170	6	6	7	6	6	6	8
m.9022	1133	21	21	23	21	22	24	24
m.9023	1893	0	0	1	2	0	0	1
m.9034	345	0	0	2	0	0	0	0
m.904	870	1	0	9	4	4	4	5
m.9051	213	7	7	10	8	9	7	6
m.9052	1364	3	5	8	8	10	10	9
m.9058	352	6	5	9	6	6	10	7
m.12770	763	2	2	1	3	0	2	3
m.9072	179	0	1	0	1	1	2	1
m.9073	508	6	8	7	6	6	9	9
m.9086	773	7	12	12	8	9	11	6
m.9089	726	2	4	5	4	6	5	5
m.9097	494	3	3	3	1	1	1	2
m.9104	238	1	1	1	1	1	2	1
m.9109	151	3	2	2	2	3	3	1
m.911	192	1	0	0	1	0	1	2
m.9110	140	2	1	2	1	1	2	2
m.12774	857	1	0	0	0	0	1	1
m.9122	382	2	2	3	1	1	1	1
m.9133	155	3	2	2	2	1	6	5
m.9135	505	3	2	2	2	3	2	2
m.9137	549	12	15	16	12	11	19	17
m.9141	173	1	2	0	1	1	0	1
m.915	457	1	0	1	1	0	0	1
m.9151	279	1	0	2	0	0	0	0
m.9167	564	10	11	13	8	10	11	10
m.9170	543	1	1	2	0	0	1	0
m.9176	257	4	4	7	6	5	5	5
m.12783	327	0	0	1	0	0	0	0
m.918	345	3	4	5	4	5	5	6
m.9181	139	1	3	3	1	2	3	3
m.9193	136	1	1	2	1	1	2	1
m.9195	251	0	2	2	1	2	2	3
m.9200	158	1	0	0	0	1	1	0
m.9206	260	0	0	1	1	0	0	0
m.9224	322	2	3	4	4	4	6	4
m.9226	462	9	11	17	10	9	15	13
m.923	391	1	1	1	1	1	2	0
m.924	786	5	6	10	8	7	6	8
m.12790	138	2	2	3	1	1	4	5
m.9242	256	2	1	2	0	2	2	2
m.9253	509	1	1	2	3	1	1	1
m.9267	132	0	0	0	0	0	0	1
m.9284	447	19	21	20	17	15	18	15
m.9295	226	1	2	5	3	4	4	4
m.9312	311	0	0	0	0	0	0	1
m.9319	314	3	3	4	2	3	2	3
m.12795	196	1	1	1	2	2	1	2
m.9322	625	5	4	7	7	6	7	8
m.9331	568	0	0	0	0	0	0	1
m.9340	260	1	1	1	1	2	1	1
m.9341	306	1	0	2	1	2	3	2
m.9342	193	6	6	8	7	5	8	6
m.9366	437	2	0	1	0	1	1	0
m.9386	745	2	0	1	2	0	0	0
m.9389	756	0	0	0	1	0	0	0
m.9399	268	6	7	11	7	7	7	11
m.12796	156	2	3	5	5	8	4	6
m.940	484	2	1	5	4	2	2	4
m.9408	224	1	3	4	2	5	4	4
m.9411	328	8	7	10	5	8	6	9
m.9432	802	4	1	4	2	2	2	3
m.9443	895	0	0	2	1	1	0	1
m.9447	704	6	6	7	6	5	6	6
m.9474	609	1	1	1	2	2	1	1
m.9478	1342	12	11	24	17	14	20	19
m.948	269	4	5	4	5	8	6	3
m.1281	317	0	0	0	0	0	0	1
m.949	153	6	4	6	6	7	9	10
m.9498	636	0	0	0	0	0	1	0
m.9510	372	0	0	1	0	0	0	0
m.9511	681	6	8	10	8	11	10	10
m.9524	422	5	4	3	1	1	2	1
m.9527	577	3	2	1	2	1	1	1
m.9546	175	2	2	4	4	4	4	4
m.9560	412	2	1	2	5	2	3	2
m.9561	429	5	4	9	7	5	7	3
m.9566	251	0	1	0	2	0	1	1
m.12810	529	7	6	6	4	3	6	7
m.9578	173	16	15	15	18	20	22	34
m.9587	410	1	1	0	1	0	0	0
m.9595	223	28	24	29	24	31	33	34
m.9596	217	0	0	1	1	1	2	1
m.9604	530	1	0	1	1	0	2	1
m.9628	960	1	0	3	1	3	1	1
m.965	551	11	13	9	10	11	14	12
m.10146	361	1	0	1	1	0	0	0
m.12818	193	4	6	8	6	7	9	10
m.9652	236	9	7	6	8	8	9	11
m.9654	1097	0	0	0	1	0	0	1
m.9689	170	7	5	10	6	4	8	7
m.9699	450	27	25	30	28	25	33	33
m.9734	585	0	1	2	2	1	1	1
m.9740	719	0	1	0	0	0	0	0
m.9753	748	7	6	11	6	8	7	5
m.9756	182	4	4	4	5	4	7	4
m.9774	382	2	2	2	2	3	3	4
m.12824	377	14	12	16	8	8	14	15
m.9778	264	3	2	1	1	2	1	2
m.9816	202	2	0	1	2	2	1	2
m.983	610	1	1	1	1	0	1	1
m.9837	123	0	1	1	1	0	0	0
m.985	403	0	1	0	1	0	0	0
m.9853	405	0	0	3	3	1	1	2
m.9873	222	3	3	4	4	5	3	4
m.9880	463	0	0	1	0	0	0	1
m.9886	890	1	0	1	3	1	1	0
m.12825	688	0	0	0	1	0	0	0
m.9891	150	8	5	9	11	6	10	7
m.9912	268	0	1	0	0	0	1	0
m.9935	160	2	1	2	3	3	3	2
m.9939	196	1	2	3	3	3	2	2
m.9956	418	2	1	2	1	1	1	1
m.9972	351	3	4	5	5	5	6	5
m.9986	274	4	2	4	5	1	6	4
m.9987	752	1	0	0	1	0	0	0
m.12826	335	0	0	1	0	0	0	1
symbB1.EST_k37c20_10192|m.23590	575	15	12	17	12	14	8	10
symbB1.EST_k37c20_10199|m.23603	313	2	2	2	2	2	0	1
symbB1.EST_k37c20_1036|m.2331	146	2	2	2	2	2	2	2
symbB1.EST_k37c20_10952|m.25393	404	5	3	2	3	0	0	1
symbB1.EST_k37c20_11005|m.25482	479	1	1	2	1	0	0	1
symbB1.EST_k37c20_11157|m.25744	424	1	0	1	0	0	1	0
symbB1.EST_k37c20_1169|m.2671	307	7	7	10	9	7	7	5
m.12829	263	0	0	1	0	1	0	0
symbB1.EST_k37c20_12472|m.28674	778	1	0	0	0	0	0	0
symbB1.EST_k37c20_12680|m.29198	525	0	1	1	0	0	0	0
symbB1.EST_k37c20_12825|m.29527	152	0	0	1	0	1	0	1
symbB1.EST_k37c20_13424|m.30860	415	0	0	1	1	1	0	1
symbB1.EST_k37c20_1348|m.3129	292	1	1	1	1	1	1	2
symbB1.EST_k37c20_1369|m.3168	235	1	1	2	2	0	0	0
symbB1.EST_k37c20_13945|m.31959	330	1	0	0	0	1	0	1
symbB1.EST_k37c20_14340|m.32799	3845	1	1	1	2	2	1	1
symbB1.EST_k37c20_151|m.344	204	1	1	1	2	1	0	0
symbB1.EST_k37c20_15413|m.35140	461	1	1	1	0	1	0	0
m.1283	112	1	1	3	2	2	2	2
symbB1.EST_k37c20_15530|m.35382	544	0	0	0	0	1	0	0
symbB1.EST_k37c20_16090|m.36633	157	1	1	2	2	1	0	1
symbB1.EST_k37c20_169|m.386	471	1	1	0	0	0	0	0
symbB1.EST_k37c20_17439|m.39726	295	1	1	1	0	0	0	1
symbB1.EST_k37c20_17557|m.39981	1210	1	1	1	1	1	0	1
symbB1.EST_k37c20_1763|m.4228	127	3	4	4	4	4	2	4
symbB1.EST_k37c20_17886|m.40673	796	1	0	1	0	0	1	1
symbB1.EST_k37c20_18007|m.40947	262	3	4	3	3	3	3	3
symbB1.EST_k37c20_1807|m.4315	605	1	1	1	1	1	0	1
symbB1.EST_k37c20_18914|m.42831	363	1	1	1	1	0	0	1
m.12839	312	1	1	0	1	0	0	0
symbB1.EST_k37c20_1935|m.4600	892	5	3	3	1	4	1	2
symbB1.EST_k37c20_2060|m.4873	147	6	4	4	3	3	2	2
symbB1.EST_k37c20_2071|m.4896	126	4	4	6	4	3	3	2
symbB1.EST_k37c20_20726|m.46522	157	3	3	4	2	2	3	3
symbB1.EST_k37c20_21115|m.47298	616	1	0	0	0	0	0	0
symbB1.EST_k37c20_21614|m.48388	335	0	0	1	2	2	0	0
symbB1.EST_k37c20_22246|m.49646	473	1	1	0	1	1	0	0
symbB1.EST_k37c20_2316|m.5488	344	0	0	1	0	0	0	0
symbB1.EST_k37c20_24260|m.53662	192	1	0	0	0	0	0	0
m.12859	409	1	1	1	2	0	0	1
symbB1.EST_k37c20_2548|m.6110	212	5	6	6	3	7	4	4
symbB1.EST_k37c20_262|m.561	1089	7	5	6	5	6	4	4
symbB1.EST_k37c20_27166|m.59212	346	2	2	3	2	2	2	1
symbB1.EST_k37c20_2835|m.6680	165	2	1	2	1	2	1	1
symbB1.EST_k37c20_2873|m.6770	351	2	4	2	1	2	2	1
symbB1.EST_k37c20_30052|m.64411	370	1	1	2	2	0	1	1
symbB1.EST_k37c20_3045|m.7223	570	1	4	2	2	1	1	1
symbB1.EST_k37c20_3137|m.7441	137	0	1	1	0	0	1	0
m.1286	2829	266	275	300	275	268	322	335
symbB1.EST_k37c20_3194|m.7561	532	1	1	2	0	2	0	0
symbB1.EST_k37c20_319|m.681	429	1	2	2	0	0	0	0
symbB1.EST_k37c20_3367|m.8026	143	2	2	4	2	2	1	1
symbB1.EST_k37c20_34811|m.72609	265	1	0	1	1	0	0	1
symbB1.EST_k37c20_3550|m.8423	118	1	1	0	0	0	0	0
symbB1.EST_k37c20_3763|m.8967	138	5	5	6	5	5	4	6
symbB1.EST_k37c20_40880|m.81403	200	2	1	1	2	2	2	2
symbB1.EST_k37c20_4454|m.10626	401	0	1	0	0	0	0	0
symbB1.EST_k37c20_4530|m.10835	1086	3	1	4	2	3	1	1
symbB1.EST_k37c20_4585|m.10961	135	5	5	5	3	4	4	4
m.12872	385	2	2	3	4	4	7	5
symbB1.EST_k37c20_47047|m.87468	188	1	1	1	1	0	1	0
symbB1.EST_k37c20_47631|m.87845	639	0	1	0	1	0	0	0
symbB1.EST_k37c20_47633|m.87846	268	1	1	0	1	0	0	0
symbB1.EST_k37c20_47646|m.87855	135	1	3	4	2	1	3	3
symbB1.EST_k37c20_48001|m.88307	156	2	1	3	2	0	2	1
symbB1.EST_k37c20_48025|m.88342	199	1	2	4	0	0	0	0
symbB1.EST_k37c20_48387|m.88800	121	1	0	2	1	0	0	0
symbB1.EST_k37c20_4866|m.11610	391	3	2	4	1	2	2	2
symbB1.EST_k37c20_48819|m.89293	326	1	1	1	1	1	1	1
symbB1.EST_k37c20_5116|m.12234	365	0	0	1	0	0	0	0
m.12887	415	0	0	1	2	1	0	1
symbB1.EST_k37c20_55677|m.94421	130	2	2	0	0	0	0	1
symbB1.EST_k37c20_5771|m.13757	265	2	1	4	1	0	1	1
symbB1.EST_k37c20_59568|m.96245	208	2	2	2	1	2	2	1
symbB1.EST_k37c20_6130|m.14576	559	1	0	1	0	1	0	0
symbB1.EST_k37c20_6155|m.14644	880	1	1	1	2	2	2	0
symbB1.EST_k37c20_6169|m.14671	436	0	1	1	1	1	1	0
symbB1.EST_k37c20_6258|m.14822	332	0	0	1	1	1	0	0
symbB1.EST_k37c20_6575|m.15589	213	4	2	2	2	1	1	2
m.129	503	1	0	1	0	1	1	1
symbB1.EST_k37c20_6593|m.15621	461	0	1	1	0	0	0	0
symbB1.EST_k37c20_679|m.1487	246	2	2	2	2	1	1	1
symbB1.EST_k37c20_6866|m.16214	439	1	0	0	0	0	0	0
symbB1.EST_k37c20_753|m.1636	362	3	1	2	0	2	2	1
symbB1.EST_k37c20_7975|m.18657	473	0	1	1	1	1	0	1
symbB1.EST_k37c20_8373|m.19579	378	4	4	8	4	3	2	1
symbB1.EST_k37c20_8896|m.20721	588	2	3	2	1	1	2	1
m.12917	415	5	4	5	4	6	8	9
symbB1.EST_k37c20_9275|m.21620	2120	0	1	1	0	0	1	1
symbB1.EST_k37c20_9362|m.21825	318	1	3	3	1	3	2	1
m.10061	510	2	0	6	2	3	2	1
m.10199	219	4	5	5	5	5	7	6
m.10324	680	3	1	4	4	1	1	1
m.1036	1192	2	0	1	0	0	1	0
m.12941	323	3	2	5	3	5	3	5
m.10603	487	1	0	0	1	0	0	0
m.10605	698	1	1	2	1	1	0	2
m.10713	218	8	6	9	8	9	8	8
m.12813	219	6	5	6	5	5	7	5
symbB1.EST_k37c20_37952|m.77340	217	1	1	1	1	1	1	1
m.10928	723	4	4	5	4	4	8	5
m.11115	300	2	2	1	1	1	2	1
m.21828	279	1	1	1	1	1	2	1
m.2713	305	1	1	1	1	1	1	1
m.19703	231	0	0	0	0	1	0	0
m.113	378	42	38	46	43	38	44	45
symbB1.EST_k37c20_41902|m.82682	468	15	17	15	19	17	15	14
m.31439	231	5	7	8	8	5	6	4
m.11458	213	3	2	2	3	2	5	4
m.11995	326	2	2	2	5	3	5	5
m.31539	379	1	2	2	2	1	3	4
m.14932	175	0	1	1	3	1	1	2
m.5696	189	3	5	5	6	5	6	8
m.12129	447	80	75	99	82	88	89	89
m.29835	460	74	70	89	76	80	80	81
m.30405	235	49	43	62	52	55	55	51
m.2128	233	35	31	45	32	38	38	37
m.28478	448	26	27	31	31	28	22	25
m.36059	184	15	17	15	17	17	16	18
symbB1.EST_k37c20_23066|m.51297	469	23	23	28	26	24	20	22
m.12942	291	1	0	1	0	1	1	0
m.1245	204	18	22	22	21	23	18	21
m.15067	179	4	5	5	3	5	4	4
m.10914	217	4	4	4	3	5	3	5
m.17885	208	2	4	2	2	4	2	2
m.12699	199	8	10	9	10	10	10	9
m.14255	219	3	3	6	3	4	4	4
m.1509	223	3	4	3	2	3	3	3
m.18748	201	6	7	6	7	7	6	6
m.1242	255	2	3	2	2	4	3	2
symbB1.EST_k37c20_46370|m.87062	230	2	3	2	2	3	2	2
m.7341	237	2	3	2	2	3	2	2
symbB1.EST_k37c20_56818|m.95252	228	6	6	6	6	6	6	6
m.12659	176	0	0	0	1	0	1	0
m.12690	150	0	1	0	0	0	0	0
m.12709	550	3	4	5	4	5	6	8
m.12711	510	2	2	3	3	3	3	4
m.12724	296	1	0	2	0	2	1	2
m.12733	700	6	8	11	7	4	5	7
m.12781	500	0	0	0	0	0	1	1
m.12890	232	1	0	1	0	0	0	0
m.12970	372	3	1	4	3	4	4	4
m.12945	765	0	0	0	0	1	0	0
m.13047	186	2	3	5	6	4	5	7
m.26081	187	6	4	6	8	6	7	8
m.13119	549	4	4	6	4	4	5	6
m.1334	391	1	1	1	1	1	0	1
m.13436	653	5	6	7	5	7	7	5
m.13638	869	0	1	0	0	0	0	0
m.13659	548	1	1	1	1	0	1	1
m.13801	461	0	0	0	0	1	0	0
m.1390	448	5	5	8	5	5	5	6
m.1396	509	0	0	2	0	1	1	1
m.13574	515	0	0	2	0	1	1	1
m.1296	468	3	2	4	2	3	2	1
m.145	467	2	0	1	1	1	0	0
m.1493	232	3	2	2	3	7	4	5
m.15139	435	39	39	41	38	33	45	46
symbB1.EST_k37c20_26730|m.58389	993	3	1	4	3	0	2	3
symbB1.EST_k37c20_1952|m.4632	728	2	1	4	3	0	2	3
symbB1.EST_k37c20_7002|m.16520	790	5	5	6	5	3	5	6
m.15220	508	2	3	4	6	6	6	7
m.15426	1113	1	2	3	2	2	1	4
m.15462	185	1	2	2	3	2	3	3
m.15831	119	0	0	1	0	0	0	1
m.12976	264	2	2	4	2	3	2	4
m.16008	262	1	0	1	2	2	2	2
m.16090	446	11	14	17	14	14	12	14
m.16351	226	7	4	4	6	7	6	4
m.16371	297	2	1	3	0	0	1	1
m.16813	293	0	1	1	1	1	1	1
m.17239	445	1	1	2	1	2	1	1
m.173	389	150	148	185	160	174	194	212
m.184	376	164	159	196	171	180	202	229
m.278	253	93	97	121	101	108	115	125
m.26952	376	37	33	40	41	42	40	49
m.17435	484	12	17	15	15	18	19	18
m.17469	174	2	2	2	2	2	2	2
m.12991	100	22	18	30	24	23	28	26
m.17967	175	4	4	3	2	3	3	4
m.6185	175	5	4	3	2	3	3	4
m.1806	594	0	1	1	1	1	1	1
m.18179	295	2	3	3	3	3	4	5
m.26302	181	0	2	0	1	3	3	3
m.18366	538	1	1	2	2	1	2	2
m.18373	191	0	0	0	0	1	0	0
m.11555	111	0	0	0	0	1	0	0
m.18767	961	4	2	2	3	3	1	2
m.1911	462	0	2	2	0	2	1	1
m.1884	645	1	1	2	1	2	1	1
symbB1.EST_k37c20_26089|m.57196	562	0	0	0	1	1	0	0
symbB1.EST_k37c20_41705|m.82450	593	0	0	0	0	1	0	0
m.19242	719	3	4	6	7	5	5	5
m.19535	181	0	1	2	0	0	1	2
m.19661	333	5	3	5	4	4	6	4
m.12999	500	0	0	0	1	0	0	0
m.19674	317	2	2	4	3	4	4	4
m.19764	354	1	1	2	2	2	2	2
m.21346	340	1	1	3	3	3	3	3
m.16676	336	0	1	3	2	3	2	1
m.20126	239	1	1	1	1	1	3	3
m.5042	675	1	1	1	1	1	2	2
m.20952	109	3	0	0	0	0	0	0
m.20957	639	3	3	4	2	3	4	5
m.14998	1027	1	0	0	0	0	1	1
m.21013	777	2	1	1	0	0	1	0
m.18548	223	1	1	0	0	0	1	0
m.21153	225	1	0	2	1	2	2	3
m.21390	125	12	12	10	12	9	12	10
m.21690	240	0	0	1	0	0	0	0
m.218	310	7	7	13	11	11	11	9
m.22339	1615	0	0	0	1	3	0	1
m.10183	616	1	1	0	0	0	0	1
m.22940	466	7	10	12	10	10	8	12
m.232	1282	4	2	2	5	2	9	5
m.23328	172	0	0	2	1	0	1	0
m.23454	187	17	17	22	15	13	15	14
m.23900	193	1	2	3	2	2	2	2
m.24137	338	1	0	0	0	0	0	0
m.24851	900	10	11	12	13	10	14	11
m.24983	433	1	3	4	1	3	4	5
m.25258	278	1	0	1	3	2	3	2
m.25369	237	2	1	0	1	0	0	2
m.25835	116	2	2	2	0	0	1	0
m.25985	421	9	10	15	15	12	14	16
m.26956	495	8	9	11	13	12	11	9
m.27117	475	2	2	5	2	3	3	4
m.2752	168	9	7	7	8	7	9	6
m.27687	497	2	2	3	2	2	1	3
m.27757	157	2	1	2	2	1	2	1
m.27890	192	0	0	0	0	1	0	0
m.2792	427	0	1	1	1	1	2	1
m.2030	436	2	2	2	3	2	3	2
m.13026	699	1	1	0	1	0	0	0
m.28159	179	0	0	0	0	0	1	0
m.28444	404	5	3	6	4	4	4	5
m.13796	395	1	0	0	0	0	0	1
m.2848	287	2	3	3	2	3	4	3
m.28480	131	1	0	1	1	0	0	0
m.18341	246	1	0	2	1	1	1	0
m.28687	461	0	0	2	1	0	1	1
m.2908	2325	3	1	1	1	1	2	0
symbB1.EST_k37c20_4259|m.10144	2381	3	2	1	1	2	3	1
m.29808	242	7	6	8	7	6	8	10
m.20285	293	3	2	2	2	2	3	3
m.29813	455	4	4	4	2	1	2	3
m.30980	429	3	2	4	3	2	4	2
m.13131	436	2	2	3	3	2	4	2
m.15859	410	2	3	5	7	3	5	4
m.12982	418	1	0	4	2	2	2	2
symbB1.EST_k37c20_6773|m.16013	432	2	1	3	2	1	2	2
m.3079	696	17	11	21	16	16	22	22
m.2150	326	2	2	2	3	2	2	3
m.31093	201	1	0	0	0	0	0	0
m.13039	212	3	1	3	2	3	2	3
m.31593	374	0	1	0	0	1	1	1
m.32004	521	8	5	6	8	8	9	5
m.32539	222	0	1	1	0	0	1	1
m.6240	289	0	0	0	0	0	0	1
m.33135	103	33	32	44	30	31	41	43
m.33500	300	9	8	10	11	9	10	14
m.34165	271	2	0	2	2	0	1	2
m.3494	2140	105	105	128	115	121	123	131
m.13041	309	0	0	0	1	0	2	0
m.36049	334	0	2	2	1	3	3	3
m.13050	236	0	0	0	0	1	1	0
m.36534	1157	3	1	8	5	3	4	5
m.37637	179	4	5	1	4	2	3	6
m.38282	359	5	4	6	6	5	4	4
m.17520	299	4	4	5	6	5	4	4
m.3835	317	1	1	1	1	1	1	0
m.3844	610	34	32	42	49	46	53	54
m.9144	101	11	9	8	14	11	10	9
m.38633	275	8	8	10	10	12	11	12
m.3872	704	0	2	2	1	2	2	2
m.392	136	18	20	21	19	19	22	21
m.4330	257	0	0	1	0	0	0	0
m.44	328	2	2	5	3	4	4	5
m.22336	329	3	3	6	4	4	6	7
m.449	162	5	5	7	3	5	5	5
m.4781	617	5	5	14	9	9	4	6
m.4865	531	9	8	8	9	4	6	8
m.4884	253	16	14	21	13	15	19	17
m.4960	840	19	25	31	27	23	21	24
symbB1.EST_k37c20_2962|m.7004	867	1	2	2	2	1	1	1
m.5030	279	8	8	13	12	11	14	11
m.13075	235	0	0	1	0	0	0	0
m.506	193	5	3	2	3	4	4	4
m.5087	320	1	1	2	1	1	1	1
m.5096	1402	0	3	3	2	1	2	2
m.5098	411	1	0	0	1	1	3	1
m.29201	116	2	0	1	1	1	2	0
m.32422	236	0	0	0	0	0	1	0
m.5115	549	5	4	6	6	6	6	7
m.5317	354	7	7	10	7	6	8	9
m.5270	380	3	4	4	4	2	5	3
m.5328	257	2	1	4	4	3	3	3
symbB1.EST_k37c20_745|m.1617	448	1	1	3	3	3	2	2
m.5347	415	5	7	9	5	7	9	8
m.537	304	2	1	1	2	2	3	1
m.5384	568	1	2	1	0	1	0	1
m.13076	445	4	3	0	4	4	2	3
m.5440	160	40	51	60	32	45	79	87
m.19482	215	33	45	53	25	40	70	78
symbB1.EST_k37c20_660|m.1437	241	33	45	53	25	40	70	78
m.5463	882	56	57	67	61	66	62	72
m.5486	109	1	1	1	1	1	3	2
m.5510	229	3	3	1	2	3	2	3
m.5513	246	7	3	3	5	3	3	3
m.5546	1101	8	8	12	9	8	8	8
m.5582	258	2	3	5	4	2	3	2
m.5619	199	2	3	3	2	4	4	4
m.5634	149	23	27	27	17	12	31	26
m.13401	174	17	18	20	14	9	21	18
m.5689	476	2	2	4	4	2	4	3
m.13085	424	0	1	1	1	2	0	2
m.5712	270	2	2	3	1	1	1	1
m.5746	161	9	10	10	10	9	11	9
m.5747	202	2	2	3	3	1	1	3
m.17615	183	1	1	1	2	1	1	1
m.20628	112	1	1	2	1	0	0	1
m.5828	1791	2	1	1	0	2	2	0
m.5839	328	1	2	3	2	2	3	3
m.5881	363	6	8	8	5	4	3	3
m.5892	125	5	3	3	3	3	4	4
m.5919	327	0	1	1	1	0	0	1
m.898	376	0	1	1	1	0	0	1
m.6100	310	24	25	28	17	16	16	16
m.6106	1183	1	1	3	6	2	2	4
m.612	679	44	42	47	50	40	46	48
m.20930	647	23	22	28	22	23	23	30
m.8917	676	27	32	37	29	32	34	42
symbB1.EST_k37c20_680|m.1491	353	7	10	11	5	4	6	9
m.7437	674	6	7	8	5	5	6	8
symbB1.EST_k37c20_10470|m.24210	575	5	8	9	5	6	6	8
m.616	1072	23	24	27	16	16	15	18
m.6180	693	37	33	46	36	41	35	35
symbB1.EST_k37c20_3735|m.8908	705	7	5	8	6	4	3	3
m.6186	860	1	0	0	0	0	0	0
m.6203	143	3	5	8	5	8	7	6
m.644	181	8	12	10	11	12	12	13
m.401	181	11	12	12	14	13	14	13
m.32417	162	4	6	6	6	4	5	4
m.8903	180	11	11	11	12	11	13	11
m.6453	159	1	0	2	2	1	0	0
m.6463	6996	9	9	14	12	8	11	10
m.19708	361	1	3	3	3	2	4	3
m.9401	449	0	1	1	2	0	1	0
m.31478	374	0	1	1	2	0	1	0
m.6490	438	5	9	12	12	12	10	12
m.6499	297	12	14	14	12	12	15	12
m.10194	572	13	16	16	17	15	17	17
m.13090	174	1	1	1	1	1	1	1
m.6517	538	6	7	13	9	6	12	10
m.6593	1058	16	18	26	22	19	16	16
m.6627	1941	142	130	149	162	165	157	152
m.6659	223	0	4	5	2	4	4	4
m.25093	208	0	2	2	1	2	2	3
m.6713	259	0	0	1	1	1	0	0
m.25763	303	0	0	1	1	1	0	0
m.697	208	3	1	4	2	2	1	1
m.6977	342	0	1	2	0	1	0	0
m.7051	436	3	5	4	5	4	4	5
m.7209	320	4	4	5	3	2	2	2
m.7374	436	4	3	6	4	2	4	3
m.13091	557	1	1	2	0	0	0	1
m.7527	791	0	0	1	0	0	2	0
m.760	542	4	2	7	1	4	2	4
m.8211	367	1	2	2	1	3	2	2
m.6492	285	1	2	2	1	2	2	2
m.858	537	2	3	4	3	2	3	3
m.8669	206	1	1	3	3	1	2	2
m.8927	151	4	10	11	8	10	10	9
m.8932	510	7	8	10	7	10	7	10
m.8978	174	1	1	1	0	0	1	0
m.899	700	1	0	1	3	1	1	2
m.13094	265	1	1	3	3	2	2	3
m.900	248	37	30	39	38	41	39	40
m.5108	251	43	37	42	46	47	46	47
m.29219	277	26	22	26	26	23	31	30
m.5025	257	17	15	16	17	17	19	19
m.15022	221	15	11	17	17	14	19	18
m.19033	252	20	14	20	19	17	23	21
symbB1.EST_k37c20_6450|m.15307	248	17	12	15	17	14	17	17
symbB1.EST_k37c20_18328|m.41616	239	16	11	13	16	13	16	16
m.9188	352	3	2	5	3	4	5	4
m.22448	329	1	1	1	1	2	1	1
m.925	826	24	24	32	24	27	31	29
symbB1.EST_k37c20_12707|m.29253	798	2	1	3	1	1	1	1
m.9279	376	2	3	4	2	4	3	4
m.60	320	4	4	5	4	4	4	5
m.20	400	0	0	0	0	1	0	0
m.9299	205	17	14	19	14	14	12	17
m.9330	588	5	3	5	7	6	9	8
m.9424	545	48	52	62	53	48	58	58
symbB1.EST_k37c20_18731|m.42470	511	13	14	15	13	12	15	11
m.9738	222	19	23	28	23	24	26	27
m.9119	158	11	15	15	14	12	16	15
m.13107	529	0	1	1	1	0	1	1
m.9807	393	11	9	11	11	11	13	10
m.9855	546	10	11	12	9	11	12	12
m.9865	419	4	4	5	9	6	13	9
m.9957	415	16	16	23	23	18	28	22
symbB1.EST_k37c20_2976|m.7040	656	1	0	0	1	0	1	1
symbB1.EST_k37c20_16196|m.36863	687	4	2	3	3	3	5	4
symbB1.EST_k37c20_10706|m.24774	508	5	5	7	3	3	3	4
symbB1.EST_k37c20_2935|m.6930	230	2	2	4	0	1	0	2
symbB1.EST_k37c20_2935|m.6931	199	2	2	2	2	2	2	1
symbB1.EST_k37c20_9582|m.22271	1052	4	4	5	2	4	2	3
symbB1.EST_k37c20_1113|m.2530	766	0	0	0	1	0	0	0
symbB1.EST_k37c20_11246|m.25932	1508	0	1	1	0	0	0	0
symbB1.EST_k37c20_11748|m.27081	218	2	1	2	2	2	2	2
symbB1.EST_k37c20_1214|m.2760	628	0	1	0	0	0	0	0
symbB1.EST_k37c20_12867|m.29616	484	0	0	0	0	0	1	0
m.13133	304	8	6	10	10	6	11	10
symbB1.EST_k37c20_14283|m.32649	470	1	1	1	2	0	0	0
symbB1.EST_k37c20_1455|m.3360	395	9	8	10	8	7	4	3
symbB1.EST_k37c20_4529|m.10833	454	6	5	6	5	6	3	3
symbB1.EST_k37c20_149|m.340	412	8	8	8	8	6	2	6
symbB1.EST_k37c20_5213|m.12433	322	6	6	6	5	5	1	4
symbB1.EST_k37c20_1567|m.3635	725	11	15	16	13	10	8	11
symbB1.EST_k37c20_17098|m.38976	241	2	1	3	1	1	0	0
symbB1.EST_k37c20_17467|m.39790	676	8	6	10	11	7	7	5
symbB1.EST_k37c20_3155|m.7489	688	8	6	11	10	7	7	5
m.13136	222	0	1	1	0	1	0	0
symbB1.EST_k37c20_184|m.421	116	2	1	4	3	2	2	2
symbB1.EST_k37c20_1987|m.4708	533	0	2	3	0	0	0	1
symbB1.EST_k37c20_2023|m.4784	188	1	1	2	1	1	1	1
symbB1.EST_k37c20_2081|m.4909	358	4	5	4	3	4	1	4
symbB1.EST_k37c20_2140|m.5027	307	0	0	0	0	0	0	1
symbB1.EST_k37c20_2164|m.5076	4652	0	0	0	0	0	0	1
symbB1.EST_k37c20_2245|m.5304	469	6	7	9	5	8	3	6
symbB1.EST_k37c20_902|m.2067	270	3	4	7	5	6	3	5
symbB1.EST_k37c20_6038|m.14360	104	7	7	8	6	7	6	6
symbB1.EST_k37c20_23101|m.51379	247	0	1	3	2	1	2	0
m.13137	647	1	1	1	0	0	0	1
symbB1.EST_k37c20_2414|m.5716	453	1	2	2	0	1	0	1
symbB1.EST_k37c20_2817|m.6645	354	4	5	7	4	5	4	4
symbB1.EST_k37c20_11023|m.25500	171	16	16	14	13	10	9	9
m.38041	516	6	10	10	6	3	1	2
symbB1.EST_k37c20_4845|m.11546	980	6	7	5	6	5	2	3
symbB1.EST_k37c20_11022|m.25497	783	5	6	4	6	5	2	2
symbB1.EST_k37c20_21946|m.49032	657	3	7	6	5	5	3	1
symbB1.EST_k37c20_642|m.1388	170	4	6	3	2	1	1	1
symbB1.EST_k37c20_14788|m.33784	437	1	1	1	4	3	1	1
symbB1.EST_k37c20_2583|m.6170	305	1	2	0	1	0	0	0
symbB1.EST_k37c20_14961|m.34203	355	2	1	2	2	3	2	2
symbB1.EST_k37c20_11532|m.26613	389	0	0	1	1	1	0	0
symbB1.EST_k37c20_877|m.1991	589	5	5	3	5	4	1	1
m.23201	327	2	1	2	2	3	2	2
symbB1.EST_k37c20_28846|m.62323	470	1	0	1	1	0	0	0
symbB1.EST_k37c20_2900|m.6850	320	7	7	6	5	5	5	6
symbB1.EST_k37c20_3028|m.7191	391	7	8	10	7	8	10	13
symbB1.EST_k37c20_3070|m.7296	138	0	1	2	1	1	1	1
symbB1.EST_k37c20_3071|m.7301	172	1	2	1	1	1	1	1
symbB1.EST_k37c20_3138|m.7442	296	2	4	8	4	4	3	3
symbB1.EST_k37c20_3283|m.7800	496	7	6	6	4	5	2	2
symbB1.EST_k37c20_3326|m.7935	316	8	9	7	5	5	4	5
symbB1.EST_k37c20_5221|m.12447	319	8	8	10	3	4	5	5
symbB1.EST_k37c20_36410|m.75095	380	1	1	3	0	0	0	0
symbB1.EST_k37c20_13594|m.31220	315	2	3	4	2	2	2	2
symbB1.EST_k37c20_3830|m.9127	133	1	1	1	2	2	1	1
symbB1.EST_k37c20_409|m.896	1046	1	1	1	0	0	0	0
symbB1.EST_k37c20_47206|m.87566	331	2	3	1	3	1	0	1
symbB1.EST_k37c20_47208|m.87569	118	1	1	1	0	1	1	1
symbB1.EST_k37c20_475|m.1111	752	2	1	3	3	3	1	1
m.34954	142	1	1	2	1	2	0	0
symbB1.EST_k37c20_4774|m.11339	320	3	4	5	4	4	4	3
symbB1.EST_k37c20_49226|m.89774	737	2	2	4	2	3	2	1
symbB1.EST_k37c20_521|m.1204	664	1	1	2	0	0	0	0
symbB1.EST_k37c20_5269|m.12556	4620	2	1	1	1	0	2	1
symbB1.EST_k37c20_3669|m.8636	4548	1	0	1	0	0	1	1
symbB1.EST_k37c20_12291|m.28283	3958	1	0	1	0	0	1	1
symbB1.EST_k37c20_48143|m.88480	266	0	0	1	0	0	0	0
m.13171	608	0	0	1	0	0	0	0
symbB1.EST_k37c20_5933|m.14161	198	1	1	3	1	3	2	3
symbB1.EST_k37c20_6507|m.15457	630	4	2	3	3	1	1	2
symbB1.EST_k37c20_6972|m.16460	195	1	1	3	0	0	1	1
symbB1.EST_k37c20_7183|m.16913	688	0	0	1	1	1	0	0
symbB1.EST_k37c20_7666|m.17974	572	2	1	1	0	0	1	0
symbB1.EST_k37c20_622|m.1334	503	2	2	0	0	0	1	0
symbB1.EST_k37c20_623|m.1338	545	2	2	1	0	0	1	0
symbB1.EST_k37c20_9496|m.22100	2133	1	1	3	4	1	3	3
symbB1.EST_k37c20_1915|m.4556	2152	1	1	1	1	1	1	1
m.1027	157	2	3	3	1	2	1	1
m.10469	238	0	1	1	0	1	0	0
m.13180	357	2	1	1	1	2	4	3
m.10767	590	0	1	1	1	0	0	0
m.10886	397	1	1	0	0	0	1	0
m.1157	147	1	1	3	2	1	3	1
m.12158	191	0	0	2	0	0	0	0
m.12643	211	1	0	0	0	0	0	0
m.1320	427	1	0	0	0	0	0	0
m.14269	430	0	0	1	2	5	3	2
m.14377	379	0	0	1	0	0	1	1
m.15023	141	0	0	1	0	0	0	0
m.15259	327	3	3	3	3	4	3	3
m.15388	345	0	0	1	0	0	0	1
m.15422	456	0	1	1	1	0	0	0
m.13193	278	0	0	1	0	0	0	0
m.16861	197	0	0	0	0	0	0	1
m.16864	208	0	0	0	0	0	1	0
m.20814	538	0	0	0	0	0	0	1
m.2094	592	0	1	0	0	0	0	0
m.2198	339	0	0	0	0	0	1	0
m.22426	144	0	0	1	0	0	0	0
m.13197	189	4	4	4	3	3	5	3
m.23204	134	4	4	3	3	4	2	3
m.24306	306	0	0	1	0	1	0	1
m.24810	159	1	0	0	2	0	0	1
m.25802	790	0	1	0	0	0	0	0
m.132	146	4	3	6	3	2	4	4
m.260	236	0	0	0	1	1	1	1
m.26433	413	0	0	0	0	0	1	1
m.30054	147	1	0	1	1	1	2	2
m.3031	463	3	2	0	3	1	2	2
m.13206	240	1	0	2	0	1	0	0
m.32275	204	0	1	1	0	0	1	0
m.32280	100	0	0	0	0	0	1	0
m.32419	128	0	0	0	0	0	0	1
m.32790	184	0	0	0	0	1	0	0
m.36055	147	0	0	1	2	1	1	1
m.3747	251	1	1	1	0	1	1	2
m.4790	759	0	0	0	1	0	1	2
m.13222	200	4	3	4	1	2	5	4
m.5439	531	0	0	1	0	0	0	1
m.5448	204	0	0	0	0	0	1	0
m.5534	255	0	0	1	0	1	0	1
m.559	466	0	0	0	0	0	1	0
m.5791	301	0	0	0	0	0	1	0
m.7304	285	0	0	1	0	0	0	0
m.8231	396	0	0	1	0	1	0	0
m.8454	243	1	1	1	0	0	1	2
m.8791	125	1	0	1	1	0	0	0
m.8809	274	0	0	1	0	0	0	0
m.8880	300	2	2	2	2	2	3	2
m.9062	253	1	1	1	2	1	1	1
m.9611	446	0	1	2	0	0	0	0
symbB1.EST_k37c20_13957|m.31989	701	2	0	0	1	0	0	0
symbB1.EST_k37c20_14815|m.33870	1477	2	0	0	2	2	3	1
m.13226	326	3	2	3	2	2	3	4
symbB1.EST_k37c20_16474|m.37535	172	0	1	0	0	1	0	1
symbB1.EST_k37c20_24934|m.54977	285	0	0	1	0	0	0	0
symbB1.EST_k37c20_37403|m.76597	647	4	3	2	3	3	3	3
symbB1.EST_k37c20_42278|m.83126	244	2	2	2	2	2	3	3
symbB1.EST_k37c20_8675|m.20239	134	0	0	1	1	1	0	0
m.13240	197	1	2	2	1	3	1	1
m.10342	512	0	0	0	0	0	1	0
symbB1.EST_k37c20_10759|m.24902	986	2	0	1	0	0	1	1
symbB1.EST_k37c20_11223|m.25887	300	2	2	3	2	2	1	1
symbB1.EST_k37c20_5636|m.13449	465	0	1	1	0	0	0	0
m.12204	184	1	0	1	1	1	1	1
m.15145	279	0	0	1	1	0	0	1
m.15779	427	0	0	1	0	0	0	0
m.16303	320	1	0	0	0	0	0	0
m.1809	261	0	0	0	0	0	0	1
m.19423	152	0	0	1	0	1	1	1
m.10239	279	0	0	1	0	0	0	0
m.13278	257	1	0	1	1	1	3	1
m.22490	163	0	0	1	0	0	1	1
m.28497	512	0	0	0	0	1	0	0
m.3406	975	0	0	0	0	1	2	0
m.3433	518	0	0	1	0	1	0	0
m.1328	203	0	0	0	0	1	0	0
m.3942	152	0	0	1	1	0	1	0
m.3958	820	0	0	0	0	0	1	1
m.4719	628	0	2	1	1	0	0	0
m.548	221	1	0	1	0	1	1	0
m.6121	222	0	0	0	1	0	1	0
m.6171	973	1	0	2	0	1	0	0
m.13288	883	0	0	0	0	1	0	1
symbB1.EST_k37c20_1107|m.2509	910	1	1	0	1	1	0	0
symbB1.EST_k37c20_26417|m.57788	642	1	1	1	1	1	1	1
m.28490	201	1	1	0	0	0	0	0
symbB1.EST_k37c20_24898|m.54900	840	0	0	1	0	0	0	0
symbB1.EST_k37c20_3711|m.8852	350	1	2	3	0	3	1	2
m.11167	387	0	0	1	1	0	0	0
m.11237	275	1	0	0	0	0	0	0
m.13295	297	0	1	1	1	1	1	0
m.21863	436	0	0	0	0	1	0	0
m.22934	136	0	0	1	0	0	0	1
m.38421	218	0	0	1	1	0	0	1
m.13314	295	3	4	4	5	2	2	5
m.5372	300	0	1	2	1	1	1	0
m.7032	375	1	1	0	1	0	2	1
m.8882	347	0	0	2	0	0	0	0
m.9648	303	0	0	1	0	0	0	0
symbB1.EST_k37c20_16307|m.37144	383	2	1	1	1	1	0	0
symbB1.EST_k37c20_16682|m.38041	281	2	3	3	2	2	2	1
symbB1.EST_k37c20_19065|m.43125	627	0	0	0	0	1	0	0
m.13356	586	0	0	0	1	0	0	0
symbB1.EST_k37c20_3717|m.8859	492	1	0	0	1	1	2	1
symbB1.EST_k37c20_47040|m.87462	229	0	0	1	0	0	0	0
m.20249	222	1	0	0	0	0	0	0
symbB1.EST_k37c20_15345|m.34993	197	1	1	2	2	1	1	1
m.13078	280	4	4	0	3	2	1	1
m.13371	1200	8	7	9	5	4	4	5
m.17390	576	1	0	0	0	1	1	0
m.28539	199	0	1	0	2	0	2	1
m.33243	759	1	1	1	2	1	1	1
m.1339	464	18	16	20	15	17	15	18
m.9274	131	0	0	1	0	0	0	0
symbB1.EST_k37c20_22419|m.50026	1501	1	1	1	0	1	1	1
m.1145	390	0	0	0	0	0	1	0
m.18621	247	1	0	0	0	0	0	0
m.19106	321	0	0	1	0	0	0	0
m.13423	531	3	3	1	2	2	1	4
m.29890	126	0	0	0	1	0	1	2
m.35539	566	0	0	1	1	0	1	1
m.9470	281	0	0	0	0	1	0	0
symbB1.EST_k37c20_43079|m.84058	495	1	1	3	2	1	1	2
symbB1.EST_k37c20_6001|m.14297	612	0	0	1	0	0	0	0
m.22827	185	0	0	0	1	0	0	0
m.13425	114	0	1	0	0	0	0	1
m.13303	395	0	0	1	0	0	0	0
m.21278	311	0	0	0	1	0	1	0
m.26791	181	0	0	0	1	0	0	0
m.3052	140	0	0	2	0	0	0	0
m.4094	218	1	0	1	1	1	0	0
m.5411	316	0	1	1	1	0	0	1
m.8629	370	0	0	0	0	0	1	0
m.9925	1408	0	0	2	0	1	0	0
m.10289	705	0	1	0	0	0	0	0
m.13427	257	1	0	0	0	0	0	0
symbB1.EST_k37c20_4968|m.11868	359	2	3	2	2	3	3	4
m.29582	292	0	0	0	0	0	1	1
m.32269	102	1	0	0	0	0	0	0
m.4359	370	0	0	1	1	0	0	0
m.5815	262	1	0	0	1	1	1	0
symbB1.EST_k37c20_7251|m.17057	1438	2	2	1	2	4	2	2
m.25343	331	0	0	0	0	2	0	0
symbB1.EST_k37c20_17410|m.39673	708	0	0	0	0	1	1	0
m.3392	310	0	0	0	0	0	1	0
symbB1.EST_k37c20_1477|m.3395	2273	1	1	1	1	1	0	1
m.13442	270	0	0	3	0	1	0	1
symbB1.EST_k37c20_8208|m.19231	2104	3	3	3	3	4	2	4
m.30950	171	0	0	0	1	0	0	0
m.16396	363	1	0	1	0	0	0	0
m.22947	323	0	0	1	0	1	0	1
m.24982	193	1	2	2	1	1	2	2
m.13443	372	21	21	23	15	19	19	19
m.450	995	1	1	1	1	1	1	1
symbB1.EST_k37c20_15697|m.35743	248	0	0	0	0	1	0	0
symbB1.EST_k37c20_29069|m.62725	664	0	1	0	0	0	0	0
m.13444	605	3	1	2	2	2	1	1
m.12364	195	0	0	0	0	0	0	1
m.2997	222	0	0	0	0	1	0	1
m.37919	181	0	0	1	1	0	0	0
m.9103	276	0	0	0	0	0	1	0
m.9624	266	1	0	3	0	0	0	0
m.13448	293	1	0	1	1	2	1	1
symbB1.EST_k37c20_15400|m.35107	584	1	0	1	0	0	0	0
m.20986	292	0	1	1	0	2	1	1
m.19310	151	1	1	2	2	2	1	0
m.20818	279	0	0	0	0	0	1	0
m.1346	158	8	6	10	7	8	9	9
m.22619	255	1	1	1	1	1	1	1
m.26096	232	1	1	0	0	0	2	1
m.27731	112	0	1	0	0	0	0	0
m.37897	102	0	0	1	1	0	0	0
m.6009	1126	0	0	1	0	0	0	0
m.6781	483	0	0	1	0	0	1	0
symbB1.EST_k37c20_12955|m.29796	346	1	1	1	1	1	1	2
symbB1.EST_k37c20_19619|m.44232	603	0	2	0	0	0	0	1
m.13471	151	1	0	2	5	2	1	2
symbB1.EST_k37c20_23403|m.51979	420	0	1	0	0	1	0	0
symbB1.EST_k37c20_6753|m.15979	351	1	0	1	1	1	1	0
m.11820	1432	0	0	1	0	0	0	0
m.13475	469	0	0	0	1	0	1	0
m.4879	605	1	0	1	1	2	1	1
m.13476	183	2	1	0	1	2	2	2
m.7317	1692	1	0	0	0	0	0	0
m.24162	164	0	1	0	0	0	0	0
symbB1.EST_k37c20_30360|m.65003	1124	0	2	0	1	0	0	0
m.10304	278	3	3	3	3	4	4	3
m.13486	292	12	13	11	8	13	14	17
m.20391	377	0	0	0	0	0	1	0
m.35586	136	0	0	0	0	0	1	1
m.3827	229	0	0	0	0	0	0	1
m.3720	243	0	0	0	0	0	1	0
m.13488	163	0	0	1	0	0	0	1
m.5908	242	1	1	1	2	2	1	1
m.599	163	0	0	0	0	0	1	0
m.1763	638	1	0	0	0	0	0	0
m.26381	192	0	0	0	0	0	0	1
symbB1.EST_k37c20_26748|m.58435	134	1	1	2	1	2	2	2
m.13490	255	1	0	2	3	2	3	2
m.29599	227	1	1	1	0	0	1	0
m.13514	432	1	0	2	0	0	0	0
symbB1.EST_k37c20_15198|m.34678	996	0	0	1	0	0	0	0
symbB1.EST_k37c20_22896|m.50938	501	1	1	1	1	1	0	1
m.19148	194	1	0	1	0	0	0	0
m.1875	114	0	0	0	0	0	1	0
m.13516	189	5	7	7	8	6	9	7
symbB1.EST_k37c20_19602|m.44199	473	1	1	1	0	0	1	1
m.1355	1555	3	4	6	2	4	5	5
m.13552	557	1	1	0	0	0	0	0
m.22417	185	0	0	0	1	0	0	0
symbB1.EST_k37c20_28718|m.62075	479	13	6	1	6	7	8	10
m.11482	410	0	0	0	0	0	1	0
m.1813	275	0	0	0	1	0	0	0
m.13557	339	2	1	1	2	2	2	1
m.25982	154	2	1	1	1	1	1	1
m.21583	404	0	0	0	0	1	0	0
m.16169	177	0	0	1	0	0	0	0
symbB1.EST_k37c20_7154|m.16857	620	1	1	0	0	0	2	0
m.13590	549	14	11	14	20	14	17	16
m.6225	650	1	0	0	0	0	0	0
symbB1.EST_k37c20_1842|m.4423	1008	1	1	1	1	2	1	1
m.8021	276	0	1	0	0	0	0	0
m.136	295	0	0	1	0	0	0	0
m.25379	155	0	0	1	0	0	1	0
m.10327	1122	0	0	3	2	0	1	1
m.13617	393	0	1	0	2	0	2	1
m.16099	216	0	0	0	0	1	0	0
m.288	547	0	0	0	0	0	0	1
m.13680	770	0	1	1	0	1	0	0
m.22843	793	0	0	0	2	1	1	1
m.29431	334	1	1	1	1	0	0	0
symbB1.EST_k37c20_6952|m.16418	513	0	0	1	0	0	0	0
m.1369	374	43	45	58	48	46	55	55
m.38627	122	0	0	0	0	0	1	0
m.13710	208	1	0	1	1	0	0	0
m.1190	1519	0	0	0	1	1	0	0
m.15620	573	0	0	2	1	1	1	0
symbB1.EST_k37c20_22445|m.50090	1279	1	1	0	1	0	0	0
m.16534	278	0	0	0	1	0	0	0
m.13720	455	0	0	0	1	0	1	0
m.7273	883	1	0	1	1	1	1	1
m.31335	295	1	1	1	1	1	1	1
symbB1.EST_k37c20_9128|m.21252	672	1	1	2	0	0	0	0
m.13743	311	7	3	4	5	5	5	4
m.27716	303	0	0	0	1	0	0	0
m.13744	138	1	2	2	0	1	4	3
m.22122	295	0	0	0	0	1	0	0
symbB1.EST_k37c20_24096|m.53328	290	1	0	0	0	0	0	0
m.13753	335	1	0	1	2	0	2	1
m.7201	1122	0	0	0	0	1	0	0
symbB1.EST_k37c20_16704|m.38084	422	0	1	1	0	1	2	3
m.10346	250	2	0	2	2	0	2	1
m.13791	176	1	2	1	0	1	1	0
m.12784	410	0	0	1	1	1	0	1
m.10765	227	3	2	1	2	2	2	2
m.13811	436	1	2	1	2	1	2	2
symbB1.EST_k37c20_34851|m.72677	300	0	0	0	1	0	0	0
m.13833	263	1	0	3	0	2	1	1
symbB1.EST_k37c20_45956|m.86783	429	1	1	2	1	0	1	1
m.14949	162	0	0	1	1	0	0	0
symbB1.EST_k37c20_8055|m.18877	1017	0	0	1	0	0	0	0
m.13842	680	10	8	13	14	12	14	13
symbB1.EST_k37c20_22916|m.50972	768	2	2	2	2	2	2	2
m.19692	606	1	0	1	0	0	0	0
m.13862	447	0	0	1	2	1	0	3
symbB1.EST_k37c20_55947|m.94652	326	0	0	0	1	0	1	0
m.13863	1106	3	2	5	5	3	7	9
m.139	190	2	3	3	2	2	2	2
m.13977	445	16	11	16	17	15	19	18
m.1408	226	3	5	6	7	4	5	4
m.14083	1506	1	0	1	0	0	2	0
m.10360	636	1	1	0	1	1	2	2
m.141	436	27	31	34	28	31	30	27
m.14108	268	0	0	1	0	1	1	0
m.14109	662	1	1	3	3	3	4	3
m.14128	211	11	10	9	13	12	14	14
m.1413	338	7	5	9	7	8	6	6
m.14152	569	0	0	1	0	0	0	0
m.14201	145	0	0	0	1	1	0	0
m.14213	220	0	0	1	1	2	2	3
m.14297	518	1	0	1	1	1	1	3
m.10378	725	1	1	1	0	0	0	1
m.14312	960	6	5	19	10	14	14	17
m.14349	643	0	0	0	0	0	1	1
m.14355	846	11	14	21	15	15	17	18
m.1436	550	21	20	26	30	28	34	34
m.1437	515	0	1	1	1	2	1	0
m.14375	119	0	0	1	1	0	1	2
m.1440	833	2	0	2	0	2	2	1
m.14422	417	1	0	2	2	1	0	1
m.14458	126	4	4	4	4	4	4	4
m.1038	113	3	1	4	4	4	4	4
m.14465	536	0	0	4	0	1	1	1
m.1447	450	0	1	1	0	2	0	0
m.14490	140	3	2	2	1	1	4	2
m.1454	475	3	4	5	5	4	3	3
m.14543	392	1	0	1	2	0	1	1
m.1456	431	2	2	3	3	1	1	2
m.14575	826	0	0	0	1	0	1	0
m.1461	469	0	0	1	1	1	0	2
m.1463	394	2	2	4	3	1	3	4
m.14712	256	0	2	2	1	1	1	1
m.10387	484	2	4	5	6	8	7	3
m.1472	277	1	3	3	3	4	5	4
m.1473	555	7	6	11	9	5	8	9
m.14738	152	3	2	2	2	3	3	1
m.14739	401	1	1	1	4	2	1	1
m.14754	356	2	3	5	5	5	3	3
m.14756	396	4	2	5	4	4	2	3
m.14765	420	0	0	1	0	1	0	0
m.1478	617	2	1	2	3	1	0	0
m.14813	275	0	0	2	0	1	1	1
symbB1.EST_k37c20_34449|m.71982	525	0	0	0	1	1	0	0
m.1485	256	3	1	1	4	4	5	4
m.104	1674	48	56	66	53	60	52	58
m.14875	111	1	2	1	1	2	1	1
m.14897	346	0	0	2	1	0	0	1
m.14910	573	4	4	5	0	1	2	3
m.14914	470	1	3	1	2	1	1	2
m.14915	293	30	29	36	32	29	39	33
m.14918	406	2	1	2	1	1	2	1
m.3719	533	0	0	0	1	0	1	0
m.14920	231	0	0	0	0	0	1	0
m.14923	328	4	3	4	3	3	4	4
m.14938	965	1	3	3	1	1	3	0
m.14952	249	2	3	8	4	5	3	3
m.1041	396	2	2	4	0	3	1	2
m.14963	1061	14	16	18	17	13	12	15
m.14967	111	0	0	1	0	0	1	1
m.14975	171	0	1	2	0	0	0	1
m.17308	285	0	1	0	1	1	1	0
m.14983	218	3	2	4	2	4	4	3
m.14984	440	3	3	4	4	5	10	11
m.14985	790	2	1	3	3	3	2	1
m.14987	313	0	0	0	1	0	0	0
m.14994	562	1	1	1	0	0	0	1
m.14999	503	68	74	79	79	79	77	83
m.1042	331	1	2	2	2	2	2	3
m.1500	101	1	1	3	2	3	2	2
symbB1.EST_k37c20_17187|m.39173	946	0	0	0	1	0	0	0
m.15018	456	9	8	9	10	9	7	8
m.15026	538	0	0	0	1	0	1	0
m.1504	136	1	1	2	1	0	2	1
m.15047	323	10	12	15	12	11	13	11
m.1505	423	0	3	3	3	3	1	3
m.15054	242	16	14	12	20	18	15	15
m.15063	195	1	0	2	0	2	1	0
m.15079	260	11	14	15	12	15	11	12
m.15083	267	0	0	1	0	1	1	1
m.15096	468	0	0	1	1	1	2	1
m.15098	368	2	3	4	3	3	5	4
m.151	201	1	0	2	1	1	1	1
m.15111	545	19	16	19	22	22	25	23
m.15114	369	1	3	2	4	2	5	3
m.15121	194	0	0	1	0	0	0	0
m.15126	176	1	0	1	0	0	0	0
m.15134	1205	0	0	1	0	1	0	0
m.10457	752	0	0	0	1	0	0	0
m.15141	227	6	4	6	1	3	5	5
m.15155	891	1	1	1	1	1	2	1
m.15158	259	0	1	0	0	0	1	1
m.15162	152	12	15	16	12	14	14	14
m.15166	611	3	3	6	4	4	5	6
m.15170	715	5	6	8	5	6	7	5
m.15172	116	2	2	2	1	2	1	2
m.15175	266	3	4	5	2	5	2	3
m.15185	362	18	18	25	21	22	24	24
m.10463	220	0	0	0	0	0	1	1
m.15196	185	0	0	1	0	0	0	0
m.152	115	4	3	5	6	4	5	5
m.15200	788	2	4	6	3	4	7	6
m.15204	648	12	14	15	18	18	19	20
m.15205	198	0	0	0	0	0	1	2
m.1522	770	0	0	1	1	1	0	0
m.15241	654	4	6	5	7	5	9	6
m.15244	481	1	1	2	1	1	0	1
m.10468	320	4	4	9	8	8	6	5
m.15247	289	2	3	5	3	3	4	5
m.1527	299	12	7	10	9	12	13	11
m.15279	668	1	1	1	1	1	1	0
m.15280	205	2	1	2	0	2	2	3
m.15290	959	4	3	9	7	9	5	6
m.153	398	0	2	2	2	3	3	3
m.1530	391	3	4	4	5	4	5	5
m.15306	507	0	0	0	0	1	0	0
m.28786	108	1	1	1	0	0	0	2
m.15316	161	1	1	2	2	1	1	0
m.10472	547	3	3	4	3	1	2	1
m.15323	305	2	5	8	3	5	9	7
m.15325	4828	0	1	0	0	0	0	0
m.15331	209	3	2	2	1	1	3	2
m.15370	180	22	23	26	22	20	26	27
m.15377	555	12	12	17	15	18	20	23
m.15396	329	3	2	4	1	3	2	3
m.15400	429	5	4	4	5	4	6	4
m.15409	308	0	0	0	1	0	0	0
m.15449	425	1	0	3	1	2	3	3
m.15457	489	1	1	2	0	0	1	1
m.10484	222	0	0	0	0	1	0	1
m.1547	193	4	4	4	5	3	5	4
m.15471	509	5	3	7	6	4	3	4
m.15491	328	0	0	1	0	0	0	0
m.15526	304	3	1	3	1	2	2	4
m.15544	155	1	1	2	0	2	2	1
m.15573	170	1	2	2	0	0	3	3
m.15586	275	7	5	6	7	6	7	5
m.1560	548	8	9	11	8	8	8	10
m.15618	675	0	0	1	1	0	2	0
m.10496	298	7	7	11	7	7	4	6
m.15633	448	31	29	37	32	29	34	39
m.15646	189	2	0	0	0	0	0	0
m.15686	206	3	3	2	3	2	2	2
m.15693	310	6	2	6	7	4	2	7
m.15700	399	2	5	5	1	4	3	2
m.15722	235	15	9	9	13	14	15	16
m.15724	695	3	2	2	2	3	1	2
m.1576	513	6	6	7	6	6	7	6
m.10499	214	2	1	0	0	0	0	0
m.15763	343	0	0	1	1	0	0	0
m.15764	225	3	1	2	4	2	3	3
m.15803	206	1	0	1	0	0	1	0
m.1582	284	1	2	2	1	1	2	2
m.15822	319	0	0	0	1	0	1	0
m.1583	327	3	3	5	5	3	4	5
m.15839	183	5	6	6	5	5	6	4
m.15850	195	0	0	1	0	0	0	0
m.15857	420	4	2	3	1	2	3	4
m.15862	387	0	0	0	0	0	0	1
m.1054	285	3	3	6	3	3	2	3
m.15899	456	2	2	1	0	0	1	0
m.1592	810	0	1	1	1	1	1	1
m.15923	2429	7	5	8	10	12	13	12
m.15941	522	0	0	1	0	0	0	0
m.15962	187	0	0	0	1	0	0	0
m.16005	488	1	0	1	0	0	1	0
m.16009	808	4	3	3	4	3	4	4
m.16036	305	1	1	2	1	3	3	3
m.10558	176	1	1	2	2	0	1	2
m.16060	768	0	0	0	1	1	0	1
m.16119	234	0	0	1	0	2	0	1
m.16132	345	0	0	2	1	1	2	2
m.16180	508	1	1	2	1	1	2	1
m.16222	296	0	1	2	0	0	1	1
m.16226	279	2	1	2	3	3	2	1
m.16233	161	3	4	4	6	5	7	3
m.16246	388	1	2	2	0	1	1	2
m.10560	427	5	7	9	9	9	6	9
m.1626	326	3	3	5	4	3	4	3
m.16276	140	0	0	0	0	0	1	0
m.16281	177	1	0	1	0	0	0	0
m.16282	297	0	0	1	1	1	1	1
m.16309	388	1	0	0	0	0	2	0
m.16319	224	0	1	1	1	0	1	1
m.16423	301	0	0	1	1	0	0	0
m.16425	264	0	0	0	0	0	1	0
m.16449	935	8	8	11	9	5	10	7
m.1652	495	19	20	25	25	24	25	24
m.16526	293	0	0	0	1	0	1	1
m.1655	411	3	2	3	3	3	2	2
m.16552	236	1	2	1	2	0	2	0
m.16570	215	0	0	1	0	0	1	1
m.16591	233	2	2	2	1	2	2	1
m.16598	409	1	1	1	1	2	1	0
m.166	168	0	1	0	0	1	1	0
m.1664	421	1	0	0	0	0	1	0
m.16651	319	3	2	1	2	1	1	1
m.10575	652	0	1	2	0	1	0	1
m.16692	411	7	5	8	6	5	6	9
m.16730	536	0	0	0	0	1	0	0
m.16736	134	0	0	1	1	0	1	1
m.1680	375	1	2	1	1	1	1	1
m.16859	1199	1	1	3	5	4	3	1
m.1688	655	1	3	3	3	2	2	2
m.1	362	1	0	0	1	1	0	0
m.16910	2217	5	5	9	11	8	11	10
m.16923	260	1	1	1	1	0	0	0
m.16994	221	6	7	7	6	8	7	8
m.16997	579	27	23	36	27	29	36	33
m.17002	969	0	0	1	1	1	0	1
m.17007	211	0	0	2	3	0	0	1
m.17032	119	0	1	2	1	1	1	2
m.1706	388	1	0	0	1	1	2	2
m.17099	205	2	1	3	1	2	2	2
m.171	2522	0	1	0	0	1	0	0
m.1060	147	2	1	4	2	1	2	1
m.17101	439	4	5	7	7	5	6	4
m.17110	253	0	0	0	0	0	0	1
m.17128	1219	0	0	2	1	0	0	0
m.1714	264	0	0	2	1	1	1	2
m.17144	187	0	0	2	0	1	0	1
m.17166	360	0	0	0	0	1	1	0
m.17237	424	0	0	1	0	1	1	0
m.1729	398	1	1	3	2	1	2	1
m.17323	421	21	15	21	21	21	23	24
m.10621	420	2	4	3	4	4	2	2
m.17346	797	0	0	2	2	0	0	0
m.17427	215	2	2	4	2	2	7	5
m.17452	658	0	1	0	0	2	0	0
m.17466	666	16	13	18	14	15	17	16
m.17476	386	2	2	2	1	3	2	1
m.17491	193	1	5	3	2	2	2	1
m.17496	405	4	4	4	6	5	5	4
m.17509	429	0	0	1	1	1	2	1
m.17514	369	1	1	3	1	2	2	1
m.17521	185	11	8	10	12	7	11	13
m.17527	348	2	0	1	1	1	3	2
m.17538	642	1	0	0	0	0	0	0
m.17547	505	3	3	3	4	4	5	4
m.17553	123	3	2	3	2	2	2	1
m.17560	348	2	2	6	2	3	3	3
m.17572	133	1	2	5	4	3	4	4
m.1069	424	0	2	1	4	3	4	2
m.17582	562	6	6	5	4	4	8	6
m.17587	233	1	1	1	0	0	1	1
m.17594	254	1	1	0	0	1	0	0
m.17595	424	7	6	5	6	5	8	5
m.17609	155	1	3	2	2	2	1	2
m.1761	2437	6	5	9	3	9	7	6
m.17619	306	0	0	0	0	0	0	2
m.17634	303	0	0	1	0	0	0	0
m.17635	354	0	1	1	1	0	1	1
m.17642	405	2	1	2	1	1	1	2
m.10693	451	0	0	1	0	1	1	2
m.17653	215	4	6	6	5	5	4	7
m.17655	964	3	3	9	8	7	7	5
m.17662	137	5	3	5	4	2	5	6
m.17682	122	1	1	1	1	1	1	1
m.17683	465	0	1	2	1	0	1	0
m.17686	418	2	2	1	1	1	1	1
m.17718	670	6	6	4	8	4	6	5
m.17739	255	9	11	11	10	9	9	10
m.17769	574	2	1	3	1	0	0	1
m.107	99	5	5	7	4	5	5	6
m.1777	810	0	0	1	0	0	1	0
m.17776	322	2	3	5	2	3	4	3
m.17794	846	10	9	11	8	10	8	12
m.17804	580	5	4	8	8	6	9	8
m.17812	263	0	0	0	0	0	0	1
m.17821	322	25	28	27	24	28	33	34
m.17836	548	1	0	1	0	1	0	0
m.17853	531	0	0	0	0	0	0	1
m.10714	429	2	3	5	5	5	3	2
m.17857	135	0	1	2	0	1	1	2
m.17859	221	1	1	2	0	0	1	1
m.17886	251	0	0	1	0	0	0	0
m.17895	500	1	2	5	2	4	3	3
m.17897	385	2	3	5	3	4	4	5
m.17910	625	1	1	1	1	1	0	1
m.1793	310	2	3	3	1	2	3	2
m.1796	557	7	6	9	8	8	7	6
m.10723	443	0	0	1	1	1	1	0
m.17962	105	1	0	0	1	0	1	1
m.17970	233	0	0	1	1	3	1	2
m.17977	658	0	1	1	0	0	0	1
m.17984	639	11	9	12	9	9	10	10
m.17992	724	4	5	8	7	6	7	8
m.180	623	0	0	1	2	1	1	2
m.18001	225	0	0	1	1	1	0	1
m.18009	870	1	1	0	0	0	0	0
m.1802	545	0	0	1	0	0	0	0
m.18040	327	4	6	6	7	8	8	4
m.10726	1630	4	4	5	5	6	6	7
m.18048	376	6	7	11	7	7	11	11
m.18060	194	3	1	2	3	2	3	1
m.18062	181	5	6	4	5	8	6	8
m.18064	292	1	1	0	0	1	0	0
m.18070	421	3	4	3	3	3	3	4
m.1811	272	0	1	1	1	0	1	1
m.18144	177	2	1	2	3	1	2	2
m.18155	470	2	3	4	6	3	4	3
m.18216	767	1	4	2	0	0	1	1
m.1000	214	19	21	23	19	20	19	20
m.1073	371	2	1	3	4	2	2	2
m.18280	786	0	0	0	0	2	0	0
m.18336	196	0	0	0	0	1	0	0
m.1834	596	3	4	5	6	7	6	8
m.18355	140	1	3	4	3	5	4	5
m.18359	423	1	2	3	2	2	3	1
m.18362	249	2	4	3	2	4	5	2
m.18370	247	0	0	1	0	1	1	2
m.18387	243	1	0	1	1	1	2	1
m.18428	171	1	0	0	1	0	0	0
m.18439	485	0	0	1	0	1	1	0
m.1074	292	1	0	0	0	0	1	1
m.18470	326	1	0	5	1	1	2	4
m.18493	251	2	2	3	1	2	2	2
m.1850	391	3	1	2	3	1	3	3
m.18531	393	0	0	0	1	0	1	0
m.18550	321	2	2	3	2	0	2	3
m.18553	252	11	9	16	15	14	14	10
m.18556	357	9	9	9	13	9	14	14
m.18584	365	1	1	3	2	1	1	1
m.18586	202	1	1	2	2	2	1	1
m.10744	282	2	1	3	4	4	4	4
m.18614	518	0	0	0	1	1	0	0
m.1862	270	1	1	0	0	0	0	0
m.1866	1135	4	3	6	3	3	3	2
m.1881	292	14	14	15	15	15	19	20
m.18818	131	1	0	0	0	0	1	1
m.18819	1444	21	17	22	20	22	17	17
m.18825	839	30	33	35	29	28	38	33
m.18834	354	5	6	6	8	6	8	8
m.18862	137	3	1	4	3	3	3	4
m.10763	330	0	0	0	0	1	0	0
m.1889	383	0	0	2	1	1	0	1
m.18969	102	2	0	1	1	2	1	1
m.1897	265	0	1	1	1	2	4	2
m.1903	378	1	2	1	2	4	3	3
m.19079	424	0	0	0	1	0	0	0
m.19080	266	0	0	2	1	1	2	1
m.19151	186	10	9	12	11	10	15	14
m.1916	493	0	0	1	0	0	0	0
m.19161	269	1	1	1	0	0	1	1
m.19191	287	0	0	1	0	0	0	0
m.19195	126	1	2	2	2	0	0	1
m.19225	469	1	2	3	2	1	1	2
m.1925	184	0	0	0	0	0	0	1
m.1936	223	1	0	1	0	0	0	1
m.19365	277	3	4	5	2	4	5	4
m.19407	438	0	0	0	0	1	0	0
m.19416	143	5	6	5	6	6	6	5
m.19419	213	1	0	2	1	1	0	0
m.19446	282	0	0	2	0	1	0	2
m.10807	572	19	15	32	27	29	27	27
m.19455	354	1	0	0	1	1	2	0
m.19460	144	1	1	1	0	1	1	1
m.19487	501	1	1	2	2	1	3	2
m.19494	241	0	1	1	0	0	1	0
m.19495	508	6	6	4	7	2	6	5
m.1950	311	0	1	1	2	1	0	0
m.19503	183	0	1	0	1	0	0	0
m.19504	313	0	0	0	1	0	0	0
m.19510	516	17	21	28	20	21	23	24
m.19514	1648	0	0	0	2	2	2	1
m.10812	189	2	3	2	1	2	2	3
m.19534	303	0	0	2	0	0	1	1
m.19543	104	0	1	3	0	2	3	2
m.19558	268	0	1	1	0	0	0	1
m.19580	222	1	1	1	2	2	2	2
m.19592	449	0	0	0	1	0	0	0
m.19597	531	7	7	10	6	6	6	7
m.19598	1537	2	0	2	1	1	0	1
m.196	258	1	0	2	1	1	0	1
m.19610	677	3	3	5	4	5	5	3
m.19621	362	0	0	1	0	0	1	0
m.10817	422	0	0	0	0	0	0	1
m.19657	547	1	0	1	1	1	1	1
m.19685	242	2	3	3	2	3	3	3
m.19688	311	0	0	0	0	1	0	0
m.19704	127	1	3	3	1	2	2	4
m.19726	448	2	1	1	0	1	0	0
m.19748	107	0	1	1	1	1	1	1
m.19768	178	2	1	1	1	1	2	2
m.19805	110	4	4	4	5	5	5	4
m.10818	372	0	1	1	1	1	2	2
m.1981	122	0	1	1	0	0	1	0
m.19866	117	0	0	0	0	0	1	0
m.19871	271	0	0	1	0	0	0	0
m.19899	782	1	1	4	2	1	2	1
m.19927	386	0	0	1	1	1	1	1
m.19949	302	0	1	1	0	1	0	0
m.1996	868	8	10	16	7	11	17	13
m.19966	302	5	5	5	6	8	6	8
m.19978	746	4	6	6	4	4	2	5
m.10831	206	1	0	1	3	1	1	3
m.19983	183	2	2	4	3	4	4	3
m.19991	861	8	9	10	9	9	11	9
m.19993	588	1	0	0	0	1	0	1
m.2	157	4	6	4	1	2	3	3
m.200	1142	17	13	22	18	19	23	22
m.20013	565	11	14	15	12	13	10	10
m.20024	272	0	0	0	1	0	2	0
m.20030	173	1	3	2	2	2	4	3
m.20041	230	15	13	9	13	16	15	17
m.10009	206	4	2	4	2	3	5	4
m.10852	208	0	1	2	1	2	0	0
m.20048	384	5	3	3	5	2	2	2
m.20062	124	1	1	1	1	0	1	1
m.20081	531	0	2	2	0	1	5	5
m.2012	191	0	0	1	0	0	0	1
m.20145	264	0	1	2	0	1	1	1
m.20155	114	0	1	1	1	2	1	1
m.20175	165	1	1	3	1	0	1	1
m.10862	241	0	0	0	0	0	1	1
m.20195	410	0	0	1	0	0	0	1
m.2022	539	1	2	0	0	0	0	0
m.20253	281	4	4	3	3	3	4	4
m.2026	290	0	1	1	1	1	1	1
m.2032	373	5	3	9	6	9	8	9
m.20374	285	0	2	1	2	1	1	1
m.20468	481	1	1	2	1	0	0	0
m.10883	471	3	1	7	9	4	6	6
m.20487	290	0	0	1	0	0	0	0
m.2050	233	1	0	1	2	1	1	1
m.20509	361	2	1	1	4	2	1	1
m.20599	102	2	3	0	2	1	2	1
m.20656	236	0	0	0	0	0	1	4
m.2067	217	1	0	4	2	3	2	3
m.20828	231	0	0	2	0	2	0	1
m.20898	435	3	1	1	1	0	3	2
m.20916	317	4	5	5	3	3	6	4
m.1089	117	5	4	6	6	6	6	6
m.20918	315	1	2	0	1	1	3	2
m.20924	380	5	4	8	7	7	7	10
m.20941	628	1	1	2	1	1	1	2
m.20945	770	0	1	1	1	0	1	1
m.20951	166	5	3	4	4	3	3	4
m.20959	229	4	4	6	7	6	6	4
m.20967	304	0	0	0	0	0	0	2
m.20978	138	4	6	7	6	6	7	7
m.21	461	27	24	38	27	22	33	35
m.10893	298	19	21	15	20	21	17	21
m.21000	372	2	3	5	2	4	4	5
m.21002	259	0	0	0	1	0	0	0
m.21023	149	1	1	2	0	0	3	3
m.21046	141	0	0	1	0	0	0	0
m.21047	294	2	0	2	2	0	2	1
m.21049	288	0	0	0	0	1	0	0
m.21056	322	1	1	1	0	1	0	1
m.10905	398	3	3	6	4	5	4	4
m.2107	529	6	5	5	6	3	7	5
m.21070	221	0	0	1	1	0	1	1
m.21074	449	7	4	5	6	6	4	8
m.21131	238	1	0	0	1	0	1	1
m.21152	377	0	0	3	2	2	1	1
m.21179	265	4	8	7	4	6	4	6
m.21180	384	1	1	1	2	0	1	1
m.212	347	0	0	1	1	1	0	0
m.21240	415	1	0	4	2	3	1	1
m.21267	565	0	0	1	0	0	0	0
m.21268	784	0	0	0	0	1	0	0
m.21313	552	6	5	7	5	5	8	6
m.2136	361	0	0	3	0	0	0	0
m.21372	330	1	0	0	0	0	1	1
m.21379	246	4	5	8	6	6	8	6
m.21388	376	0	0	0	0	0	0	1
m.10938	346	0	3	5	1	2	2	3
m.21438	701	4	2	5	6	5	6	5
m.21457	115	4	5	6	5	5	5	4
m.2146	314	1	1	2	2	0	0	1
m.2147	314	1	1	2	2	1	3	3
m.21474	364	0	0	0	2	0	0	0
m.215	195	7	7	10	7	6	9	10
m.21521	685	1	0	2	1	1	1	0
m.21529	322	0	0	0	0	0	1	1
m.21538	175	1	0	2	1	1	2	2
m.21596	525	10	9	8	11	9	11	11
m.10944	532	0	0	1	0	0	0	0
m.2164	240	1	1	1	2	1	2	2
m.21654	118	4	1	2	3	2	4	3
m.21674	280	0	1	0	0	0	1	1
m.21683	274	0	0	1	1	1	0	0
m.217	121	7	9	10	9	11	11	7
m.21702	178	1	0	0	1	1	2	1
m.2171	309	0	0	0	0	1	0	0
m.21710	219	1	0	0	1	0	0	1
m.21798	281	0	0	0	0	2	1	2
m.10974	566	2	0	5	3	4	2	4
m.21812	233	0	0	0	0	1	1	0
m.21819	1189	0	0	1	0	0	0	0
m.21842	395	9	11	13	11	17	12	16
m.2185	737	0	1	1	0	0	2	0
m.21939	120	2	3	3	2	2	3	3
m.21954	305	1	1	3	3	4	2	2
m.22085	331	2	3	3	4	2	3	3
m.2212	675	0	0	0	1	1	0	0
m.10015	205	5	5	6	4	3	5	3
m.10998	251	0	0	0	0	0	0	1
m.22127	173	1	2	2	1	0	2	1
m.22180	238	1	1	2	1	2	2	2
m.22205	653	1	1	2	4	3	5	4
m.22274	438	3	4	5	6	4	5	3
m.22282	310	7	7	7	10	10	12	10
m.22295	361	0	0	1	0	0	0	0
m.223	287	4	3	4	4	2	4	3
m.22300	797	0	0	2	1	1	0	0
m.22307	275	4	6	8	2	5	6	7
m.110	1165	25	28	33	35	35	33	37
m.22365	587	2	1	3	1	1	1	2
m.22392	222	9	9	8	11	11	11	8
m.22394	559	5	5	4	8	8	6	7
m.22405	246	4	4	5	4	3	6	4
m.2241	107	4	3	4	4	3	2	2
m.22412	708	1	1	3	1	2	2	1
m.22416	142	0	1	1	1	0	0	0
m.22424	314	4	4	7	3	4	7	7
m.22427	401	0	0	0	2	1	0	0
m.22434	265	0	0	2	2	0	2	0
m.1100	513	2	3	1	4	2	2	2
m.2244	1940	0	0	3	1	2	2	3
m.22447	261	2	0	2	0	1	1	1
m.2249	195	1	1	2	1	1	2	1
m.22518	514	1	0	0	0	0	0	1
m.22539	256	1	0	1	1	1	0	0
m.22542	615	68	58	77	82	69	90	82
m.22547	139	3	3	2	3	3	3	4
m.22549	514	0	0	0	1	1	1	0
m.1103	1107	0	1	2	0	2	1	1
m.22580	202	0	1	3	3	0	1	2
m.22589	501	0	1	0	0	1	0	0
m.22603	222	0	0	1	0	0	0	0
m.2262	545	1	0	0	1	0	0	1
m.22620	173	0	0	0	0	0	0	1
m.22659	359	0	0	0	0	0	0	1
m.22676	166	0	0	1	1	2	1	1
m.22691	209	0	0	1	2	0	0	0
m.227	359	8	7	10	9	7	8	5
m.22707	617	1	2	1	2	3	1	3
m.11035	299	2	1	3	4	4	2	3
m.2278	237	1	1	0	1	1	0	0
m.22782	553	8	8	10	12	10	15	14
m.22799	396	0	1	1	0	1	0	1
m.22810	245	1	1	2	2	1	1	2
m.22904	580	6	5	6	3	3	5	6
m.22921	1220	1	0	0	0	0	0	0
m.22944	994	11	7	13	14	10	10	15
m.22952	530	3	1	2	4	5	5	4
m.11045	121	1	1	2	1	1	1	1
m.22977	195	0	0	1	0	1	0	1
m.230	211	5	9	8	6	6	7	9
m.23037	263	5	7	13	12	10	10	10
m.23042	858	2	3	5	3	4	3	5
m.23072	302	2	3	6	5	3	3	2
m.23079	454	1	0	0	1	0	1	0
m.2309	217	0	1	0	0	0	0	0
m.23101	403	0	1	1	0	0	2	1
m.23103	397	0	0	0	0	1	0	0
m.23134	126	1	0	2	2	2	3	4
m.11093	943	0	1	0	1	0	0	0
m.2316	597	1	1	1	0	0	1	1
m.2317	307	0	1	2	0	1	1	3
m.23218	266	0	1	1	0	0	0	0
m.23233	725	1	1	3	2	0	2	4
m.23247	172	1	1	1	1	1	1	1
m.23275	219	0	0	1	0	1	2	1
m.23281	165	0	0	0	0	1	0	0
m.23371	196	0	1	0	0	1	2	1
m.23377	644	1	1	1	1	1	1	1
m.11100	1144	4	5	5	5	6	4	4
m.23397	127	3	2	3	3	3	1	4
m.23436	547	1	0	0	1	2	2	1
m.2349	652	1	0	1	1	1	1	1
m.2353	1773	3	2	4	3	2	2	2
m.23560	575	4	3	3	2	2	1	0
m.23572	144	1	0	1	0	0	0	0
m.23575	291	2	1	1	0	0	0	0
m.23588	389	4	1	4	0	1	2	2
m.23599	895	46	41	57	42	52	49	55
m.2360	1533	8	7	13	11	5	10	13
m.11107	150	8	5	8	3	6	6	6
m.23602	166	2	2	2	2	2	3	2
m.23607	647	9	11	14	10	11	12	11
m.23611	241	9	9	10	7	9	10	10
m.23613	106	0	0	1	1	2	2	1
m.23626	176	1	1	1	3	4	2	3
m.23629	351	2	1	4	3	4	3	1
m.23632	169	3	1	1	2	1	2	2
m.23661	550	0	1	1	1	0	1	1
m.23671	219	5	5	7	9	7	7	7
m.11149	227	6	3	9	7	7	8	9
m.23676	166	2	2	3	2	3	2	2
m.23685	446	25	25	32	29	29	34	34
m.23699	552	7	9	13	11	12	9	10
m.23708	164	1	1	1	3	2	1	1
m.23716	147	6	7	7	7	8	7	8
m.23728	760	2	1	3	2	2	3	3
m.23737	412	6	5	6	7	4	5	4
m.23776	270	2	5	3	3	1	3	3
m.1002	498	0	0	0	0	0	1	1
m.23795	157	0	0	0	0	0	1	0
m.23814	289	0	2	2	1	2	1	1
m.23817	738	2	0	1	0	1	1	1
m.23821	306	17	17	17	18	18	22	17
m.23824	188	2	2	2	2	1	1	3
m.23856	894	0	0	0	1	0	0	0
m.23859	213	0	0	0	0	0	1	1
m.23867	427	0	0	0	0	0	1	0
m.23918	356	0	0	2	0	0	0	1
m.23926	521	0	1	4	1	2	1	1
m.11180	213	0	0	1	0	1	0	1
m.23962	496	1	1	2	1	1	2	1
m.23996	320	0	1	2	1	0	0	1
m.23997	257	1	1	2	2	1	1	1
m.24011	345	0	1	2	2	2	1	2
m.24029	442	0	1	2	1	1	1	1
m.24046	310	1	0	1	1	0	1	1
m.24081	202	2	1	2	1	0	2	1
m.24092	176	3	2	3	2	1	4	3
m.24113	335	0	0	3	1	2	1	1
m.2412	527	0	1	1	0	1	0	1
m.11210	170	1	0	2	0	0	1	1
m.24170	270	0	0	3	0	0	1	0
m.24183	283	1	1	0	0	1	0	1
m.24205	912	1	1	1	1	1	2	2
m.24219	687	3	3	4	4	5	4	4
m.24221	132	2	2	3	2	2	2	2
m.2423	566	1	0	1	1	0	0	0
m.24247	254	1	0	2	2	0	1	0
m.24266	335	0	0	0	0	0	1	0
m.24267	357	0	0	1	0	0	1	0
m.1126	148	3	5	5	3	4	4	3
m.24308	388	0	0	0	0	0	1	0
m.24310	205	2	1	1	1	0	1	1
m.24316	262	1	0	0	1	1	1	0
m.2433	832	3	1	4	2	1	3	2
m.24351	185	1	0	0	0	0	1	1
m.24356	255	1	2	1	1	2	3	3
m.2438	9514	10	9	20	10	14	16	13
m.24423	342	1	2	2	2	2	3	3
m.24437	139	0	0	0	0	1	0	0
m.24493	298	1	0	1	1	1	1	1
m.11265	213	2	2	2	2	2	2	2
m.245	272	0	0	0	0	0	1	0
m.24569	99	0	0	0	1	0	2	0
m.24620	241	10	9	12	16	10	23	16
m.247	406	1	1	1	0	0	1	0
m.24718	184	1	1	0	1	1	1	1
m.24722	174	0	0	0	0	2	2	1
m.2473	459	1	0	1	0	0	1	0
m.24916	265	0	0	1	0	0	0	1
m.24936	844	0	1	3	1	0	0	0
m.24947	295	8	5	6	6	5	4	5
m.11289	232	1	0	1	1	0	0	1
m.24948	811	1	2	3	2	1	1	2
m.24964	992	4	4	5	5	6	6	6
m.24975	251	3	4	5	4	4	4	2
m.2503	175	0	1	3	1	3	2	2
m.25033	304	0	0	0	1	2	0	0
m.25041	188	1	0	0	1	0	0	0
m.25047	221	1	1	4	0	3	1	2
m.25060	237	0	0	2	0	1	1	1
m.251	263	11	10	8	14	13	10	15
m.11298	283	0	0	1	2	0	1	2
m.25100	471	1	2	4	2	4	3	3
m.25115	481	0	0	3	2	0	1	1
m.25121	520	0	0	0	0	1	1	0
m.25136	500	2	1	1	0	2	1	1
m.25139	549	3	1	4	1	2	2	3
m.25151	247	1	0	0	0	0	0	0
m.25153	155	2	2	1	2	3	3	2
m.25176	115	1	2	3	2	2	1	2
m.25195	896	1	1	3	2	3	0	1
m.11307	740	1	1	1	0	1	0	1
m.2520	559	2	3	4	1	2	1	3
m.25218	280	4	5	10	6	6	6	10
m.25233	301	1	1	1	1	1	2	2
m.25244	393	0	2	2	3	1	3	2
m.25260	257	1	1	1	0	1	1	1
m.25270	173	2	0	1	1	1	1	1
m.2531	239	7	8	10	8	9	9	10
m.25376	167	2	3	2	2	1	1	2
m.2539	1354	0	0	2	1	1	3	1
m.25410	350	6	8	9	4	7	6	9
m.2542	649	5	10	9	10	9	7	9
m.25447	912	2	5	9	5	4	4	4
m.25449	552	1	0	0	0	0	0	1
m.25457	512	0	0	2	0	2	2	0
m.255	815	7	8	11	7	7	6	8
m.25538	553	1	1	1	0	1	2	1
m.25546	453	3	6	4	3	4	6	6
m.25564	220	1	1	2	0	1	0	0
m.2558	405	1	0	1	0	0	1	0
m.25638	115	0	1	1	1	1	1	1
m.25678	189	9	8	10	10	9	8	9
m.25703	334	0	1	0	0	0	0	0
m.25727	713	0	0	0	2	0	1	0
m.25798	273	1	1	0	0	0	0	0
m.25801	239	6	8	8	3	3	5	8
