PROTID	PROTLEN	0	0	0	0	1	1	1	1
m.10038	212	1	1	0	0	2	1	3	1
m.11340	155	2	2	1	1	1	2	3	2
m.25826	146	10	13	10	13	15	13	17	10
m.25869	277	2	2	0	0	3	2	4	3
m.25878	131	0	0	0	0	0	3	1	3
m.25912	450	1	0	0	0	0	2	0	2
m.25930	109	1	1	0	0	3	1	2	0
m.25949	781	3	2	0	0	1	1	1	1
m.2600	343	5	5	3	3	5	5	4	3
m.26006	448	55	57	38	38	68	60	70	71
m.26013	535	1	2	0	0	1	0	0	0
m.26049	373	1	1	0	0	0	0	1	1
m.1135	538	7	10	5	3	6	9	7	9
m.26080	182	0	2	0	1	1	0	0	1
m.2609	814	3	3	2	2	2	1	3	3
m.26093	209	2	2	3	2	2	2	2	3
m.2611	732	6	6	1	1	5	7	8	9
m.26158	399	5	5	1	3	6	4	5	6
m.26179	500	2	1	0	0	2	2	2	1
m.26235	513	2	2	1	1	2	2	2	2
m.26261	222	2	3	0	1	2	2	3	1
m.26278	149	1	0	1	2	1	1	1	0
m.2633	542	0	0	1	0	0	0	0	0
m.11354	351	3	2	1	2	2	6	4	4
m.26336	389	2	3	1	2	3	2	3	4
m.26339	197	1	3	0	2	2	0	1	2
m.26379	171	3	4	1	1	4	3	3	2
m.26409	122	2	2	1	1	3	3	3	1
m.26466	184	3	2	0	0	5	3	5	3
m.26519	179	1	1	0	0	0	0	1	0
m.2654	386	0	0	0	0	0	2	0	0
m.2655	450	2	4	1	3	5	6	6	4
m.266	1469	5	2	0	0	2	4	3	3
m.26602	100	2	2	0	0	2	2	2	2
m.11369	202	2	3	2	2	2	2	2	2
m.26650	151	1	0	1	0	0	2	1	0
m.26683	335	1	2	0	1	0	1	1	1
m.267	1212	1	1	0	0	0	1	0	0
m.26709	377	1	2	1	1	1	0	1	0
m.26751	180	3	2	0	1	2	2	2	1
m.2677	291	1	3	1	1	2	3	2	3
m.26788	760	6	6	2	1	6	5	6	6
m.26871	106	2	1	3	3	3	3	3	3
m.26880	126	5	5	2	1	4	5	4	5
m.11382	877	1	1	0	0	0	1	1	0
m.26907	311	11	9	5	6	14	13	15	13
m.26926	313	6	6	4	2	9	6	8	7
m.26933	140	4	6	3	3	4	4	4	6
m.26940	335	5	6	0	0	7	9	6	7
m.26970	515	1	1	0	0	0	0	0	0
m.26981	281	6	4	1	3	6	9	4	9
m.2705	268	11	13	6	8	15	14	13	12
m.27078	180	7	7	5	5	8	10	10	9
m.27110	419	2	1	0	0	2	2	2	1
m.1141	910	2	1	0	0	4	1	1	0
m.27111	329	0	2	1	1	1	3	2	1
m.27125	414	1	0	0	0	0	1	1	0
m.2715	610	19	19	8	8	22	25	17	25
m.27183	206	1	1	1	1	1	0	1	1
m.27197	142	3	3	3	3	3	2	4	3
m.2723	969	0	0	0	0	0	1	1	0
m.27234	308	16	16	8	6	17	20	16	19
m.27301	1031	0	1	0	0	0	0	0	1
m.11430	456	0	1	1	1	0	0	1	1
m.27343	272	1	1	1	0	1	3	2	0
m.27366	279	1	1	0	1	2	1	2	2
m.2737	226	0	1	0	0	2	1	1	1
m.27407	217	1	1	0	0	0	0	0	0
m.2744	660	0	0	0	0	2	0	1	0
m.27472	139	0	0	0	0	1	0	1	0
m.27519	235	3	3	2	2	3	3	3	3
m.2758	817	0	0	0	0	1	0	1	0
m.27586	330	4	5	0	0	9	7	9	6
m.27605	263	4	4	1	1	3	3	2	2
m.11472	334	2	4	0	0	2	3	2	2
m.27613	234	3	3	1	1	3	3	3	4
m.27614	142	5	6	1	1	5	6	6	5
m.27625	216	0	1	0	1	0	0	0	0
m.27628	467	1	2	0	1	1	0	1	0
m.2764	1523	1	1	0	0	0	0	1	0
m.27646	180	5	5	3	2	5	4	6	4
m.2765	1329	2	2	2	1	2	2	2	3
m.27658	363	0	1	1	1	0	1	1	2
m.27664	165	4	4	2	2	6	4	4	3
m.27700	104	5	6	3	4	5	6	5	8
m.1149	736	1	1	1	1	1	1	1	2
m.27714	423	2	0	0	0	1	2	0	0
m.27772	428	3	3	1	1	1	2	2	3
m.27778	204	2	2	0	1	1	2	1	1
m.27791	585	10	8	3	5	10	7	7	5
m.27802	451	0	2	0	0	0	2	1	1
m.27813	362	2	1	1	2	2	2	2	1
m.27871	99	3	3	0	0	1	2	1	3
m.2794	658	30	32	15	12	35	30	36	28
m.27948	285	2	4	2	1	3	3	4	3
m.27998	400	4	3	1	2	4	6	5	4
m.115	216	9	9	2	3	9	7	9	9
m.28013	833	2	3	1	1	1	2	5	1
m.28097	108	2	3	1	2	3	5	3	5
m.28137	274	3	4	2	2	3	1	2	3
m.28144	117	0	0	0	1	0	0	0	1
m.28154	158	1	1	0	0	1	1	1	1
m.2824	459	4	3	0	1	7	4	4	6
m.28256	203	2	3	4	3	3	5	3	4
m.28278	688	3	3	1	2	3	1	2	4
m.28313	382	0	1	0	0	1	0	1	2
m.1005	498	16	14	4	5	11	16	10	16
m.1152	2284	1	0	0	0	1	0	0	0
m.284	444	5	7	1	3	5	4	6	7
m.2841	371	2	2	0	0	2	2	2	2
m.28413	203	1	3	2	3	3	3	2	4
m.28419	437	4	3	3	2	4	2	4	3
m.28422	153	0	0	0	0	0	1	0	2
m.28430	410	4	3	2	3	4	4	4	4
m.28435	230	5	6	2	2	7	10	4	9
m.28438	291	3	4	1	0	3	4	3	2
m.28488	234	0	1	0	0	0	1	0	1
m.285	338	2	1	0	0	1	1	1	1
m.11543	385	10	8	4	8	6	7	7	7
m.28519	329	6	5	4	4	4	7	5	7
m.2853	518	3	2	1	2	4	2	2	3
m.28534	505	4	3	4	7	4	6	3	5
m.28537	125	1	1	0	0	1	2	1	1
m.28546	235	23	24	9	12	27	20	26	23
m.2856	532	24	21	10	8	16	18	16	17
m.2860	768	12	15	10	9	19	16	22	18
m.28620	138	1	1	0	0	1	1	0	0
m.28662	374	8	7	5	5	9	9	12	10
m.28742	295	3	3	2	2	2	2	2	3
m.11553	214	8	9	3	2	6	6	8	8
m.28770	229	2	2	1	0	2	1	3	2
m.2878	281	8	9	2	3	12	8	10	9
m.28820	245	9	9	1	4	11	9	9	8
m.28880	200	1	0	0	0	1	0	0	0
m.28999	107	2	2	0	0	0	1	0	1
m.29	104	4	4	4	5	5	4	4	5
m.29084	160	2	4	2	2	4	2	2	3
m.29137	625	2	3	1	2	2	0	2	3
m.29142	223	4	3	2	3	2	3	2	2
m.29240	253	8	9	3	5	5	6	7	6
m.11561	392	1	1	0	0	0	0	0	0
m.2928	364	1	2	0	0	1	0	1	0
m.29291	227	1	1	0	1	0	2	2	1
m.29299	328	6	4	2	2	3	1	2	1
m.29350	356	1	0	0	0	0	0	1	1
m.29428	193	11	10	8	9	11	11	13	11
m.295	166	8	8	1	2	7	9	9	10
m.29523	191	11	10	10	9	11	10	14	9
m.29527	167	0	0	0	0	1	0	1	0
m.29546	408	0	0	0	1	0	1	0	0
m.11603	537	1	1	0	0	1	1	1	1
m.29573	135	5	4	3	4	6	4	4	4
m.29601	249	1	2	0	2	2	2	2	2
m.29602	100	3	1	0	0	2	2	1	2
m.29606	138	1	1	1	1	1	1	1	1
m.29634	1184	0	0	0	0	0	0	1	1
m.297	271	1	1	0	0	1	2	2	2
m.2970	816	5	4	0	0	7	4	5	2
m.2971	483	2	2	1	1	1	2	2	3
m.29844	459	2	2	1	1	2	3	2	3
m.29861	185	12	10	10	6	12	17	11	16
m.1163	121	3	3	2	3	3	2	2	3
m.29888	284	7	4	4	2	6	8	7	4
m.29952	124	3	5	1	2	4	4	3	4
m.29972	1069	7	7	2	1	3	4	5	4
m.3004	377	1	2	0	0	2	3	1	3
m.3005	453	24	19	2	3	15	22	17	23
m.30104	442	11	11	7	9	10	9	10	9
m.3013	523	0	0	1	0	1	0	0	0
m.30171	172	1	1	0	0	1	1	1	1
m.30203	117	5	5	3	3	4	4	5	4
m.11636	357	1	1	0	0	1	0	3	0
m.3027	702	0	1	0	0	2	0	2	2
m.3029	290	1	2	0	0	1	3	1	1
m.30295	390	9	10	11	9	12	12	13	10
m.30322	115	0	1	1	1	1	1	1	1
m.3037	1596	1	1	0	0	1	0	2	1
m.30396	488	30	28	18	20	27	30	32	31
m.304	134	2	4	1	2	2	2	3	3
m.30404	107	3	2	1	2	2	3	1	2
m.30436	263	1	1	0	0	1	0	2	0
m.11687	197	0	0	1	0	0	1	1	0
m.3049	769	0	1	0	0	0	0	0	0
m.30492	247	9	9	4	4	5	5	7	7
m.30496	451	10	9	7	5	12	15	9	11
m.30517	248	6	7	3	4	9	8	9	7
m.30602	306	5	3	2	1	3	4	4	2
m.3061	248	4	4	3	3	4	3	4	4
m.30649	133	8	8	5	3	6	7	5	8
m.308	201	3	4	2	1	1	5	2	4
m.3082	374	3	2	1	1	2	1	2	2
m.11700	147	5	5	2	3	6	4	7	4
m.3090	880	5	6	3	2	7	6	4	6
m.30904	460	1	0	3	3	2	0	1	0
m.30909	383	1	0	0	0	1	0	0	0
m.30917	239	3	1	0	0	2	1	1	2
m.30927	172	26	25	16	20	27	30	28	31
m.30955	229	11	13	6	6	9	14	10	13
m.30957	121	0	0	0	0	2	1	0	1
m.30965	169	3	2	1	1	3	2	3	2
m.30968	150	5	5	4	4	4	4	5	5
m.3100	352	6	3	6	5	6	5	3	6
m.11721	335	0	1	0	0	2	0	1	0
m.31184	221	3	3	3	4	6	6	8	8
m.3130	1155	5	6	3	3	4	7	6	5
m.31300	423	2	3	2	3	5	5	3	6
m.3134	211	1	0	1	0	2	1	0	0
m.31437	438	2	2	1	1	7	5	5	3
m.31443	176	2	2	1	2	1	2	2	2
m.3146	160	4	3	1	1	3	6	4	5
m.31460	197	3	4	3	1	5	3	5	1
m.31506	166	0	0	0	1	1	0	0	0
m.1007	159	1	1	0	1	1	2	1	0
m.11724	829	6	6	4	2	5	8	6	7
m.3153	509	3	5	0	2	4	2	4	2
m.316	240	4	3	2	1	3	5	5	5
m.31623	358	4	3	2	2	2	4	4	4
m.31625	195	3	2	2	3	4	2	2	1
m.3167	409	2	0	0	0	2	1	0	0
m.3168	200	0	0	0	0	0	0	1	0
m.317	569	1	3	0	1	2	0	2	0
m.31712	115	6	5	0	0	6	5	4	6
m.3172	280	1	2	2	2	2	1	3	2
m.11725	118	1	1	0	0	0	1	1	1
m.31755	194	1	1	1	0	1	0	0	0
m.3177	109	0	1	0	0	1	0	0	0
m.3187	131	5	4	2	1	4	4	6	7
m.31925	182	1	1	0	0	1	0	1	0
m.31948	99	1	1	1	1	2	2	2	0
m.31989	241	6	8	4	6	9	8	7	8
m.32071	562	2	2	0	1	3	2	2	3
m.32074	263	0	2	0	0	0	0	1	0
m.32095	297	2	3	1	1	2	1	1	1
m.32107	309	3	2	0	0	3	2	3	1
m.11740	629	1	0	1	1	1	1	0	1
m.32183	330	1	1	0	0	1	1	0	1
m.3220	414	6	6	1	2	2	3	4	3
m.3221	325	4	6	2	4	7	8	5	7
m.32284	203	1	1	1	1	1	1	0	1
m.323	492	4	5	1	1	5	4	6	3
m.32350	106	1	0	0	1	1	0	0	0
m.32357	153	1	2	0	0	3	2	3	2
m.32358	194	0	0	0	0	1	1	0	2
m.32359	150	1	1	2	2	1	0	0	0
m.32372	367	0	1	0	0	2	0	2	0
m.11744	384	1	1	0	0	2	1	1	1
m.32400	152	12	13	9	7	10	11	9	10
m.32403	306	1	1	1	0	2	3	2	1
m.32424	125	0	0	1	1	0	0	1	0
m.32437	322	6	4	5	6	10	7	6	4
m.32472	518	0	0	0	0	1	0	0	0
m.3251	282	1	1	0	1	0	0	3	2
m.3255	868	5	4	1	1	4	5	4	4
m.32551	99	0	1	1	2	0	3	0	2
m.32564	491	1	0	0	0	0	0	0	0
m.32621	249	2	1	0	1	1	2	1	1
m.11754	237	4	5	2	4	3	3	3	5
m.32635	153	4	6	3	3	5	5	4	5
m.32645	340	0	1	0	0	1	0	0	0
m.3273	568	1	2	0	0	0	0	0	0
m.3276	306	0	0	0	0	1	0	0	0
m.32828	176	9	8	9	11	12	11	12	9
m.32831	225	4	4	2	3	11	5	9	4
m.32846	176	1	1	1	0	2	2	1	0
m.32852	395	4	4	0	2	3	3	1	1
m.33026	112	4	6	2	2	4	4	3	4
m.33059	120	1	2	0	0	2	1	1	1
m.33136	368	1	2	1	0	1	1	1	1
m.33160	897	2	2	0	0	1	0	0	0
m.332	282	53	52	54	47	65	54	64	60
m.33261	166	0	0	0	0	0	2	0	1
m.33410	147	1	1	1	0	1	0	1	1
m.33455	109	4	4	2	2	7	7	6	7
m.3347	452	0	1	0	0	0	0	1	1
m.33471	155	1	2	0	0	1	1	3	2
m.33472	425	3	4	2	1	6	5	6	5
m.33492	113	2	1	1	1	1	1	1	1
m.33503	162	3	2	0	0	1	1	2	3
m.33514	310	3	4	2	3	4	3	2	2
m.33520	102	0	0	0	0	3	1	3	0
m.33573	158	1	2	1	1	0	0	0	1
m.33585	222	3	4	0	0	5	3	7	3
m.33765	180	0	0	0	0	1	1	0	0
m.3377	199	5	5	4	4	6	5	5	6
m.33823	263	13	8	4	5	6	9	10	10
m.11786	188	5	4	0	0	5	4	3	6
m.33851	449	0	0	0	0	0	0	1	0
m.33885	143	1	2	0	0	0	1	0	0
m.33899	140	2	1	1	1	2	1	1	2
m.34056	168	4	4	1	1	4	5	6	6
m.34074	300	0	0	2	1	1	1	1	1
m.3410	419	3	4	1	0	2	4	2	3
m.34124	301	2	2	0	0	0	1	1	1
m.34153	162	1	1	0	1	2	2	2	2
m.34157	102	12	15	10	10	14	14	15	12
m.34189	296	7	5	0	1	4	3	4	4
m.11819	281	2	1	2	1	1	2	1	2
m.342	284	11	13	6	5	18	17	16	17
m.3422	302	1	2	2	2	2	1	2	1
m.34230	432	1	2	0	1	1	1	2	0
m.3426	883	1	0	0	0	0	0	1	0
m.34307	327	3	2	0	0	3	3	3	1
m.34320	345	6	5	1	1	5	5	4	4
m.34388	510	2	2	0	0	2	1	2	2
m.34425	200	5	5	2	1	2	2	2	2
m.3444	334	3	1	1	1	3	3	1	2
m.34462	419	6	8	5	3	8	9	9	8
m.11826	566	4	2	0	1	2	4	5	5
m.34493	172	9	11	3	3	7	7	8	7
m.34529	167	0	0	0	0	0	2	0	2
m.34604	140	1	1	0	0	3	2	1	2
m.34605	160	0	1	0	0	1	1	0	1
m.3462	8400	20	16	5	6	18	11	19	15
m.3463	3039	8	12	5	4	9	12	11	9
m.34688	318	1	1	0	0	0	2	2	3
m.34690	147	1	3	1	0	2	1	1	1
m.347	455	37	37	16	20	48	42	51	44
m.34713	109	1	1	0	0	1	1	1	1
m.10080	526	17	16	15	17	14	13	16	16
m.11831	212	1	2	1	1	1	1	2	0
m.3477	1085	22	20	8	5	21	25	19	21
m.34772	240	1	1	1	1	2	1	2	2
m.34789	370	0	1	0	0	1	0	0	0
m.348	295	5	4	4	4	8	7	9	9
m.34960	270	0	0	0	0	1	2	1	0
m.34980	153	1	1	1	1	1	1	1	1
m.34991	288	2	2	1	0	4	4	5	4
m.34996	174	1	0	0	0	1	1	1	1
m.35068	261	2	2	2	1	2	4	2	4
m.11832	897	7	7	6	8	7	10	8	9
m.35071	140	2	3	1	1	2	2	2	4
m.35100	307	0	0	0	0	0	1	0	0
m.35136	334	2	2	1	1	3	5	4	2
m.35147	172	1	1	0	0	1	1	2	2
m.35243	207	0	1	0	0	0	0	1	1
m.35307	214	1	1	0	0	0	0	1	1
m.3535	553	0	0	0	0	0	0	1	1
m.3543	203	1	1	1	0	1	0	0	1
m.3547	337	1	1	0	1	0	0	0	3
m.3549	388	1	1	0	0	0	1	0	1
m.1184	205	0	1	0	0	0	2	0	0
m.355	256	31	34	17	18	30	35	32	32
m.35511	123	1	1	1	0	1	2	1	1
m.35564	204	1	3	0	1	1	3	2	2
m.3565	211	1	2	1	0	3	6	3	5
m.357	733	0	0	0	1	0	0	0	0
m.35843	140	1	3	2	1	2	2	1	1
m.35895	213	1	1	0	0	1	2	1	1
m.35911	133	7	12	4	4	8	7	11	10
m.36003	135	2	2	4	3	4	3	3	3
m.11842	252	2	2	3	3	4	3	3	3
m.3601	988	1	0	0	0	0	1	0	0
m.36024	385	15	15	10	10	16	16	17	14
m.36124	147	3	3	2	2	3	3	2	2
m.3619	642	1	1	1	0	0	2	0	1
m.362	112	1	0	0	0	1	1	2	0
m.3621	404	1	1	1	1	2	1	1	1
m.36235	154	4	5	1	1	5	6	5	5
m.3627	290	3	5	2	3	3	4	4	3
m.36293	247	0	1	0	0	2	0	4	0
m.36294	179	1	0	1	0	1	1	2	0
m.11876	224	2	2	1	1	1	1	1	2
m.36295	190	1	1	0	0	0	0	0	0
m.36305	120	0	1	0	0	0	1	2	0
m.36358	231	2	2	0	0	2	1	0	2
m.36412	362	1	1	0	0	1	0	1	3
m.365	460	26	27	21	19	38	28	37	27
m.36655	249	1	1	0	0	2	3	2	2
m.36657	206	7	7	5	4	5	6	6	7
m.36658	156	7	8	5	6	4	6	6	7
m.36659	126	2	2	0	0	1	3	1	3
m.3666	213	33	34	14	16	21	34	29	34
m.1188	293	6	5	5	5	7	6	5	5
m.36673	175	1	0	0	0	0	2	0	3
m.36731	170	5	6	3	3	4	6	3	4
m.3675	482	2	5	2	1	8	4	6	5
m.3689	731	4	3	2	2	3	4	3	3
m.3691	708	1	0	0	0	2	2	1	1
m.37180	248	4	3	0	0	0	2	0	4
m.37188	283	0	0	0	0	0	1	0	1
m.3723	105	1	2	1	1	2	1	2	0
m.37396	133	5	5	5	5	6	6	6	5
m.37474	159	11	13	8	11	12	5	9	6
m.11907	647	1	2	0	0	0	0	0	0
m.3760	164	1	1	0	0	2	1	1	1
m.37732	163	1	1	1	1	0	1	0	1
m.37794	114	0	0	0	0	1	0	1	1
m.378	200	12	12	6	8	13	14	13	14
m.37833	126	8	8	6	6	8	7	7	7
m.37922	139	2	2	1	1	2	2	2	2
m.37941	99	1	1	0	0	0	0	0	1
m.11921	315	5	6	4	3	7	9	7	10
m.37962	437	2	2	0	0	3	3	3	4
m.37963	226	2	2	2	2	1	1	2	1
m.38034	178	0	1	0	0	1	0	1	1
m.38037	198	9	10	5	7	12	10	7	9
m.38038	462	7	7	3	3	9	6	10	7
m.38073	190	3	4	3	3	2	4	3	3
m.3808	609	22	20	12	12	25	27	25	27
m.3817	410	1	1	0	0	1	1	1	1
m.38264	113	1	1	0	1	2	1	1	1
m.38396	326	1	1	0	0	0	0	0	0
m.11924	283	0	1	0	0	1	0	0	0
m.384	422	83	89	69	72	102	96	100	93
m.38468	195	4	4	0	1	1	4	5	4
m.38478	153	1	1	0	0	1	0	0	2
m.38537	209	1	1	0	1	1	1	1	1
m.38555	178	1	0	0	0	1	2	0	1
m.38571	236	0	1	0	0	1	1	0	1
m.386	335	7	7	2	2	4	10	7	10
m.3861	463	1	1	0	0	2	1	1	0
m.38692	194	3	2	1	0	3	3	2	2
m.3871	422	1	1	0	0	1	1	0	2
m.38847	116	2	0	0	0	0	0	1	0
m.39	352	0	0	0	1	1	0	0	0
m.3914	142	3	3	3	3	3	2	3	2
m.3929	668	0	1	1	0	0	1	1	1
m.3936	244	4	4	3	3	6	5	5	5
m.395	594	6	7	2	1	6	10	6	4
m.3953	259	4	4	2	3	3	3	3	3
m.3970	459	2	3	0	0	1	4	2	4
m.3978	582	7	5	5	4	7	11	9	9
m.3981	180	4	6	1	1	4	2	5	2
m.10093	673	0	1	0	1	1	2	1	0
m.11960	265	1	1	0	0	1	2	1	0
m.3991	359	2	2	1	1	0	2	1	2
m.4	1370	28	34	26	25	28	44	27	45
m.4026	349	1	2	2	2	3	4	3	4
m.405	356	2	2	1	1	4	3	2	4
m.408	537	3	2	2	2	3	2	2	4
m.4092	124	15	16	9	10	19	18	23	19
m.4111	173	1	1	0	0	1	0	1	1
m.4131	303	2	2	2	1	1	2	2	1
m.416	307	3	5	1	0	5	7	5	6
m.4166	132	1	0	1	0	0	0	0	0
m.11993	245	1	1	0	0	2	1	2	1
m.4186	1024	1	0	0	0	2	0	0	0
m.4192	379	4	3	2	2	4	2	2	3
m.4199	411	2	0	1	0	3	4	2	2
m.4212	929	17	19	10	11	20	24	24	30
m.4224	397	12	11	4	2	7	10	7	12
m.4229	273	5	5	3	2	4	5	4	5
m.423	229	9	8	6	7	8	8	9	9
m.4233	452	2	2	0	0	2	2	3	2
m.4250	288	20	19	14	15	17	19	21	20
m.426	811	12	9	7	5	10	7	10	6
m.12002	156	1	1	0	0	1	1	2	1
m.4268	630	0	1	0	0	2	2	1	2
m.427	250	3	3	1	1	1	1	2	2
m.4279	306	0	0	0	0	0	1	0	1
m.428	332	3	3	0	0	4	5	3	4
m.43	257	1	2	0	0	0	0	0	0
m.4304	248	1	2	0	0	2	1	1	2
m.4309	396	0	0	0	0	0	0	1	0
m.431	153	1	1	0	0	2	1	1	1
m.4326	136	3	2	1	2	3	3	2	3
m.12007	433	5	8	6	6	7	7	9	7
m.4327	322	0	0	3	1	2	2	3	0
m.4353	392	5	6	1	4	5	5	6	4
m.4356	640	7	6	3	4	6	10	7	8
m.4358	403	4	4	2	1	2	1	4	4
m.437	429	3	3	0	1	1	3	1	2
m.4371	294	0	0	0	0	0	0	0	1
m.4377	263	0	1	0	0	1	3	1	1
m.4386	383	2	4	0	1	3	3	3	2
m.4387	576	0	1	0	0	0	1	0	2
m.4396	851	1	1	0	0	0	2	1	0
m.12009	511	3	1	0	0	0	0	2	0
m.4397	158	0	0	0	0	1	1	0	0
m.441	423	15	15	9	10	14	14	14	14
m.4416	678	1	0	2	0	1	1	0	0
m.443	202	1	1	0	0	3	2	2	2
m.444	342	0	0	0	0	1	0	0	1
m.4453	365	3	2	1	1	1	2	3	4
m.4511	317	1	0	0	0	1	2	1	0
m.4533	744	2	1	0	0	1	1	0	1
m.454	722	2	2	0	1	1	1	2	1
m.12035	180	2	3	0	0	3	1	4	2
m.4541	228	0	1	0	1	1	0	0	0
m.4567	294	1	1	0	0	2	2	1	1
m.4575	193	1	1	0	0	1	1	2	2
m.458	572	1	1	0	0	0	1	0	2
m.459	339	5	4	3	4	6	9	7	10
m.4593	1009	5	7	2	3	4	5	5	3
m.460	402	12	13	5	6	10	14	12	15
m.461	891	0	1	0	0	1	2	1	2
m.4616	493	3	3	0	0	2	2	3	2
m.462	353	5	5	1	2	5	6	6	4
m.12048	569	10	11	5	2	10	13	13	14
m.4637	291	0	0	0	0	1	1	1	1
m.4641	249	1	0	1	1	0	0	1	0
m.4645	459	1	0	0	0	0	0	0	0
m.4694	414	13	11	8	8	12	11	13	11
m.47	1132	0	2	0	0	0	0	0	0
m.471	360	0	0	0	0	0	1	1	0
m.4728	213	8	9	2	2	6	4	5	4
m.473	628	9	9	5	6	9	11	11	9
m.4733	390	0	0	0	0	2	1	0	2
m.474	402	1	1	1	1	1	2	1	1
m.12056	309	3	3	0	1	4	5	4	1
m.4747	349	8	9	5	4	7	10	7	11
m.4759	223	4	3	0	0	6	7	3	6
m.4808	367	0	0	0	1	0	0	0	0
m.481	1150	11	15	4	3	18	11	17	13
m.4845	303	0	2	0	0	0	0	0	0
m.4855	1250	0	0	1	0	0	0	0	2
m.4863	154	0	1	0	0	0	0	1	0
m.4876	497	10	12	7	10	9	11	9	9
m.4878	331	21	21	9	10	21	23	25	23
m.12069	191	0	0	0	0	0	1	0	0
m.4883	240	3	3	1	2	2	1	2	2
m.4889	468	4	3	2	0	3	2	2	3
m.4892	422	2	1	0	0	1	2	1	2
m.4894	508	1	0	0	1	1	2	1	1
m.4897	319	9	14	3	3	15	14	18	13
m.4900	202	6	6	1	1	4	5	5	5
m.4903	2982	2	1	1	2	0	2	0	2
m.491	248	12	13	3	2	13	14	11	11
m.4911	552	63	65	37	35	77	72	72	73
m.4921	158	12	9	5	5	11	13	10	12
m.12097	491	0	1	0	1	0	0	0	1
m.4923	315	16	16	8	7	15	17	14	11
m.494	400	5	7	4	4	5	8	4	6
m.4943	647	43	37	21	19	40	44	47	41
m.4946	322	1	1	0	0	1	2	2	1
m.4958	221	1	0	1	1	0	1	0	0
m.4968	676	1	2	0	0	0	0	0	2
m.4969	645	0	1	0	0	0	1	0	0
m.4974	208	3	1	1	2	3	3	2	4
m.4978	368	29	32	19	19	31	30	30	33
m.4988	204	5	4	1	2	4	5	4	4
m.10111	222	3	1	0	0	2	0	1	0
m.1215	381	3	5	1	1	8	8	8	6
m.4990	351	1	2	1	1	4	0	5	0
m.4998	325	2	2	2	2	3	3	3	2
m.500	227	1	0	0	0	0	0	1	1
m.5005	481	26	24	13	13	27	27	27	25
m.5012	2350	82	81	50	60	82	87	88	86
m.5020	224	9	10	4	3	6	8	8	9
m.5022	151	13	14	7	8	13	12	14	12
m.5026	617	1	0	0	0	0	0	0	0
m.5028	1007	24	22	10	9	29	25	24	24
m.12175	403	7	6	1	1	6	6	5	7
m.5036	327	2	0	1	1	0	2	0	0
m.5038	1493	2	0	0	0	0	0	1	2
m.5056	403	3	3	1	2	5	4	4	4
m.5061	506	12	13	8	7	14	15	17	14
m.5062	346	13	11	12	11	16	17	13	13
m.5064	342	12	13	4	4	10	6	10	7
m.5076	1105	5	5	4	3	6	4	4	5
m.508	371	5	7	1	2	6	6	5	7
m.5080	107	4	4	2	0	5	3	7	3
m.5081	198	4	7	2	2	7	4	9	5
m.12185	535	4	3	2	2	2	1	2	1
m.5109	131	1	1	0	0	1	1	1	1
m.5113	272	8	8	4	4	8	9	8	8
m.5116	342	1	0	0	0	0	1	0	0
m.5120	694	23	20	12	12	21	24	24	25
m.5128	376	3	3	4	3	4	3	3	5
m.5142	151	7	6	5	6	4	4	6	6
m.5146	126	7	6	2	3	7	4	7	7
m.5147	416	14	12	4	7	13	13	15	13
m.5148	167	3	3	3	3	3	3	3	4
m.515	303	2	3	2	1	3	2	3	4
m.12229	471	24	27	17	14	28	25	29	26
m.5150	488	2	4	1	3	3	3	3	2
m.5161	451	5	3	1	2	4	5	5	6
m.5172	212	1	1	0	0	0	0	0	1
m.5182	409	11	10	3	3	10	10	11	13
m.5185	122	2	2	0	0	3	1	2	2
m.5186	242	39	40	33	31	37	44	41	44
m.519	515	10	11	5	6	15	12	14	7
m.5191	2106	8	9	3	1	16	12	10	12
m.5199	639	4	4	0	2	4	2	4	2
m.1223	739	2	3	3	2	3	2	2	4
m.5203	1963	2	3	0	0	1	2	1	0
m.5212	302	2	3	0	0	1	2	1	1
m.5216	1018	1	1	2	1	0	2	0	2
m.5248	375	0	1	0	0	1	2	1	1
m.5250	227	2	2	3	3	3	3	3	3
m.5253	335	29	29	18	14	30	29	27	31
m.5256	138	5	6	5	4	4	4	7	4
m.5258	222	3	5	2	1	2	2	1	1
m.5266	746	1	0	0	0	1	2	1	1
m.5277	148	1	2	0	0	1	2	2	2
m.12238	232	15	19	9	10	16	18	16	19
m.5288	344	3	2	0	0	3	1	1	0
m.5290	1690	22	26	15	14	19	24	27	24
m.5296	670	0	1	1	2	0	0	0	0
m.5305	270	2	2	0	0	2	5	2	3
m.5309	1972	135	137	97	106	140	146	148	144
m.531	580	16	18	8	9	17	15	17	13
m.5315	882	8	8	2	3	9	9	8	10
m.532	113	5	5	1	2	5	3	4	4
m.534	225	15	16	6	6	16	13	16	15
m.5346	119	2	1	0	0	2	1	1	2
m.1225	1047	1	0	0	0	0	0	0	1
m.5352	328	1	0	0	1	2	1	2	0
m.5354	547	12	12	3	5	14	14	14	15
m.5364	172	8	9	7	5	8	8	8	8
m.5369	500	3	2	1	3	2	3	3	6
m.5376	135	0	0	0	0	1	0	1	1
m.5382	195	3	3	4	3	3	3	3	4
m.5390	842	5	5	4	5	10	7	8	4
m.5398	324	1	0	0	0	0	0	0	0
m.5400	164	4	4	2	1	3	5	3	4
m.12306	644	3	1	0	0	0	2	1	1
m.5401	114	0	1	0	0	0	0	1	0
m.5403	461	18	16	8	7	20	19	20	19
m.5407	595	9	7	2	5	5	5	8	7
m.5413	216	2	2	0	1	1	1	2	1
m.5415	188	4	4	0	1	2	4	3	4
m.5416	476	3	3	0	0	4	4	3	3
m.5422	1121	6	7	2	2	10	8	7	7
m.5425	415	34	36	19	19	41	41	45	43
m.5441	307	4	2	2	4	1	3	2	3
m.5442	167	13	13	12	11	12	12	15	15
m.12334	1458	1	1	0	1	2	2	2	1
m.5457	390	0	0	0	0	1	0	0	1
m.5459	641	0	0	0	0	0	1	0	1
m.5465	622	9	12	6	7	10	11	10	10
m.5473	170	5	4	1	2	4	5	6	5
m.5478	219	2	1	0	0	0	1	0	1
m.5484	707	2	1	0	0	1	4	2	3
m.5487	105	3	2	0	1	4	4	6	5
m.550	489	29	32	17	23	35	30	31	34
m.5507	231	4	1	2	2	3	2	3	2
m.1235	511	3	2	1	0	1	0	1	1
m.5516	387	4	4	1	1	4	3	4	4
m.552	338	6	2	0	2	5	3	6	7
m.5522	429	5	3	2	3	5	3	4	4
m.5525	456	11	11	9	10	16	10	12	13
m.5528	192	4	4	2	2	3	4	3	4
m.5538	480	12	11	8	7	12	14	11	10
m.5566	116	2	2	1	1	1	1	1	2
m.5581	320	1	1	0	0	0	1	0	1
m.5583	175	4	4	2	4	4	3	3	5
m.5593	175	1	1	2	2	2	1	3	2
m.1013	969	0	0	0	0	0	0	1	0
m.12366	358	0	1	1	1	1	0	0	0
m.56	236	8	8	3	5	8	9	8	8
m.5603	203	3	6	1	1	2	1	3	3
m.5605	166	6	6	4	5	7	5	5	7
m.5606	190	4	2	0	0	5	7	4	8
m.5611	317	14	14	4	6	15	11	13	13
m.5613	134	3	6	2	2	3	4	5	5
m.5618	330	3	4	0	0	5	10	7	13
m.5620	959	4	3	2	1	5	3	3	2
m.5624	813	16	16	5	7	13	13	14	14
m.5628	431	25	28	15	13	20	24	21	25
m.1238	450	4	2	2	1	4	4	2	6
m.5643	338	4	4	0	1	3	3	4	3
m.5644	430	11	13	12	10	14	16	15	14
m.5659	127	5	5	1	1	6	3	4	6
m.5664	242	17	10	7	10	11	11	14	14
m.5665	346	7	9	6	5	8	9	9	9
m.5672	207	0	2	0	0	1	0	0	0
m.5676	297	2	2	0	0	4	3	3	2
m.5677	398	7	10	6	4	7	7	5	9
m.12417	694	2	1	0	0	2	1	2	2
m.5686	252	1	0	1	1	0	1	0	1
m.5692	394	0	1	1	0	1	1	1	1
m.5724	205	5	5	0	0	11	9	12	6
m.5735	289	0	1	0	0	0	1	1	2
m.5752	384	0	1	0	0	1	0	0	0
m.5753	396	3	0	1	1	1	2	2	4
m.5755	241	2	3	0	1	2	2	3	2
m.578	416	0	0	0	0	1	0	0	1
m.579	570	20	19	15	16	24	23	23	23
m.580	344	20	20	10	10	21	19	19	22
m.1249	263	4	11	1	2	16	9	15	9
m.5803	326	1	0	0	0	2	0	0	0
m.5804	1293	13	12	4	1	9	11	9	13
m.5811	486	18	19	8	8	18	20	21	19
m.5859	199	5	3	5	4	5	3	3	4
m.5862	284	2	3	2	3	2	3	2	4
m.5867	472	1	3	2	1	5	7	8	4
m.5868	232	0	1	0	0	2	0	0	1
m.5869	404	3	3	3	2	2	1	2	2
m.5870	1080	14	14	7	9	12	15	11	11
m.5891	357	3	2	1	1	3	2	3	2
m.12517	148	2	2	0	0	1	1	2	0
m.5898	324	1	0	1	1	2	1	1	1
m.5900	332	2	4	1	1	1	2	1	2
m.592	568	1	3	0	0	3	2	2	1
m.5924	163	3	3	3	2	3	4	3	4
m.5940	470	14	12	8	6	17	15	18	13
m.5946	412	3	4	1	0	3	4	3	3
m.5947	328	1	0	1	1	2	3	2	4
m.595	591	9	10	5	4	7	11	6	7
m.5953	1295	31	35	12	15	41	37	41	43
m.5958	540	0	0	0	1	0	1	1	0
m.12521	914	20	19	11	7	17	17	17	18
m.5961	726	44	40	19	21	42	49	47	52
m.5976	440	3	2	2	0	1	4	1	3
m.5981	145	3	2	3	3	4	5	4	6
m.6000	281	7	9	7	6	10	11	12	11
m.6006	339	25	25	14	14	24	33	28	28
m.6024	399	3	3	2	2	4	4	4	4
m.6025	191	4	4	2	2	16	6	16	7
m.604	626	10	9	6	6	11	12	7	11
m.6042	807	1	0	1	0	1	1	2	0
m.6043	332	0	0	0	0	1	0	1	0
m.12550	201	2	5	4	3	5	5	3	5
m.6046	318	1	1	0	0	2	3	2	1
m.6058	1126	1	0	0	1	1	0	1	0
m.606	401	16	16	15	16	17	15	20	19
m.6062	535	5	7	3	3	11	9	9	9
m.6067	290	2	1	0	0	1	1	3	2
m.6076	413	0	0	0	0	0	0	0	1
m.6093	277	2	0	0	0	1	1	1	1
m.611	550	4	4	1	0	3	5	3	4
m.6130	287	14	13	9	9	18	15	16	14
m.12589	426	3	3	3	2	4	4	3	4
m.6137	829	2	1	1	1	1	2	0	0
m.6149	834	10	13	6	5	8	9	7	11
m.6153	459	3	4	2	1	3	3	2	4
m.6160	246	11	12	6	8	12	13	15	11
m.6161	297	4	2	0	0	1	2	0	3
m.6174	243	16	18	12	8	21	19	19	20
m.6192	463	18	19	10	11	12	11	12	14
m.6207	485	0	1	0	0	1	0	1	1
m.6212	640	26	32	13	13	31	32	38	31
m.12606	311	1	1	1	1	1	0	2	1
m.6219	1290	1	4	1	2	3	2	2	2
m.6233	239	2	2	1	2	5	5	5	5
m.6235	1030	0	2	0	0	2	2	0	3
m.6244	213	0	1	0	0	0	1	0	1
m.6258	470	4	3	3	3	4	4	2	3
m.6266	564	24	19	11	8	14	16	13	14
m.628	379	3	3	0	0	3	3	3	3
m.1261	196	0	0	0	0	1	1	0	1
m.6338	688	0	0	0	0	2	0	0	0
m.6354	185	3	3	3	2	2	5	3	3
m.6361	1066	17	16	5	5	18	20	17	17
m.6363	693	6	4	3	1	4	2	3	4
m.637	726	6	5	2	4	2	4	3	4
m.6370	313	15	18	10	9	13	16	15	17
m.6400	282	2	2	1	0	1	1	1	2
m.6404	402	2	1	0	1	1	1	1	1
m.6408	422	0	1	0	0	0	1	0	1
m.10132	182	0	2	1	1	2	2	1	1
m.6410	391	2	1	2	1	1	2	1	2
m.6414	454	4	4	2	2	6	3	6	4
m.6495	278	2	3	1	1	2	3	2	3
m.650	554	3	4	1	2	3	6	7	5
m.6505	217	0	1	1	1	2	2	0	0
m.651	113	4	7	2	2	6	7	7	7
m.6511	281	7	5	5	5	10	8	10	7
m.6516	603	1	1	0	0	3	3	3	1
m.6522	302	10	10	7	6	18	19	15	24
m.12642	195	27	31	14	15	29	25	30	28
m.6524	587	18	23	14	15	19	23	22	28
m.6525	168	2	2	0	0	3	3	2	2
m.6534	473	1	0	0	1	1	0	0	0
m.6554	533	10	12	7	9	23	14	23	13
m.6562	225	3	2	1	1	4	3	4	2
m.657	677	8	10	2	4	7	4	8	9
m.6574	602	8	10	3	2	12	14	9	11
m.6603	632	6	5	2	2	5	3	3	3
m.6613	526	0	0	1	0	1	0	0	0
m.6614	1203	4	6	3	1	9	6	11	7
m.12648	162	1	0	0	0	1	1	1	0
m.6620	708	1	1	0	0	2	3	3	1
m.6630	215	2	0	0	0	1	0	0	1
m.6645	175	2	3	0	0	2	1	1	1
m.6650	137	1	1	0	0	1	1	1	1
m.6654	227	5	5	2	3	4	3	5	5
m.6678	2678	4	2	3	2	2	3	2	3
m.6688	381	3	3	1	1	3	2	2	1
m.6690	123	2	1	1	1	3	3	2	4
m.6698	487	32	28	12	15	33	37	29	39
m.6700	483	0	0	0	0	0	1	0	0
m.1265	381	0	0	0	0	0	1	0	1
m.6705	727	16	18	7	9	20	15	21	17
m.671	663	2	2	0	0	1	2	2	1
m.6724	676	14	16	6	8	21	21	18	21
m.673	891	1	2	0	0	0	0	0	1
m.6735	993	2	2	0	0	0	2	0	0
m.6750	260	10	7	2	2	10	11	7	9
m.6751	684	1	1	0	1	2	1	1	2
m.6756	433	0	1	0	0	0	0	0	0
m.6764	636	5	5	0	2	3	5	5	5
m.6777	271	3	2	0	0	2	2	1	1
m.12662	470	15	13	13	13	13	13	12	14
m.6795	338	3	3	1	0	3	3	2	3
m.681	2015	73	72	38	43	74	73	78	73
m.6816	173	2	1	0	0	1	0	2	1
m.6822	465	2	2	1	2	3	2	2	1
m.6835	423	3	3	0	0	3	3	3	3
m.6844	389	15	12	5	9	15	10	18	12
m.6864	607	1	1	1	1	2	0	3	1
m.6865	1038	3	3	1	1	3	1	4	2
m.6868	946	7	7	4	3	13	10	7	12
m.6883	567	11	12	6	6	13	12	11	11
m.12676	293	1	1	1	0	2	1	2	1
m.6915	184	1	1	0	0	1	1	1	0
m.694	857	9	5	2	2	3	4	2	3
m.6949	182	1	1	1	1	2	3	3	2
m.6956	142	1	0	0	0	0	0	0	0
m.6968	331	2	0	0	0	0	0	0	0
m.6975	388	3	2	1	1	1	2	2	1
m.698	256	1	1	1	1	0	1	1	1
m.6987	527	0	0	0	0	1	1	1	1
m.6990	479	2	5	2	2	1	4	3	3
m.6999	171	2	1	1	0	1	2	1	1
m.12686	459	2	1	1	1	3	4	4	3
m.70	207	2	1	1	1	4	2	3	3
m.7005	1086	32	35	13	14	37	43	40	40
m.707	329	2	1	0	0	2	2	0	2
m.7103	496	1	1	0	0	2	1	2	2
m.7107	168	1	1	0	0	1	0	1	0
m.711	289	0	0	0	0	1	0	0	0
m.7111	267	2	2	0	0	1	2	1	1
m.7115	1367	7	8	3	1	11	8	8	6
m.7131	978	4	3	4	4	4	5	3	4
m.7138	221	1	0	1	1	0	0	0	0
m.12693	1749	6	10	6	6	12	3	16	3
m.7140	275	6	6	4	5	8	11	8	10
m.7154	627	0	2	1	0	2	0	0	0
m.7159	1549	2	0	1	0	4	1	4	3
m.720	102	1	1	0	0	1	1	1	1
m.7206	974	4	4	2	3	4	6	8	6
m.721	1283	0	0	0	0	0	1	1	2
m.7211	854	2	2	0	0	1	2	2	2
m.7240	672	1	3	0	0	2	1	2	2
m.7242	348	2	1	0	0	1	1	1	1
m.725	200	0	1	0	0	0	0	0	0
m.12695	530	1	0	0	0	0	0	0	1
m.7262	373	12	14	6	9	14	13	15	13
m.7285	870	0	1	1	2	0	1	0	1
m.7288	361	7	6	1	2	9	9	9	12
m.7296	413	34	38	21	27	40	31	44	30
m.7297	100	6	6	5	6	6	9	8	9
m.733	773	3	5	1	2	8	11	7	10
m.7348	315	12	15	8	7	11	10	9	11
m.7362	351	0	0	0	0	0	1	0	1
m.7372	521	1	0	0	1	0	0	0	1
m.7375	539	1	0	0	0	1	0	0	0
m.12698	142	4	4	4	3	6	5	3	4
m.738	140	8	9	3	5	13	12	15	14
m.7382	319	1	1	1	1	1	0	1	0
m.7404	524	104	108	67	73	107	116	106	121
m.7426	502	29	31	15	15	27	36	30	32
m.745	243	13	11	6	4	11	11	12	11
m.7457	110	9	7	4	4	6	9	5	7
m.7461	430	7	11	4	5	14	13	15	15
m.7469	537	4	2	3	2	5	6	2	3
m.7470	329	1	1	0	0	1	0	0	0
m.10135	467	3	4	2	1	4	3	3	2
m.12707	398	0	0	0	0	0	2	0	3
m.750	800	0	0	0	0	2	0	2	0
m.7509	441	2	2	1	1	2	4	2	3
m.753	343	4	4	2	2	5	4	5	4
m.755	538	1	2	0	0	0	2	1	2
m.7552	386	1	1	0	1	1	1	1	1
m.7561	417	3	4	0	0	2	3	3	3
m.7582	540	3	7	2	3	3	2	4	3
m.7588	415	1	1	0	1	1	1	2	1
m.7592	467	7	7	5	4	13	12	11	10
m.7593	596	4	3	1	1	5	3	1	2
m.12716	167	1	1	0	0	0	1	1	1
m.7595	1291	43	45	26	31	43	41	46	45
m.7600	469	1	0	0	0	0	0	1	1
m.7628	331	0	1	0	0	0	1	0	0
m.7630	342	0	0	0	0	1	0	0	0
m.7637	482	7	8	4	4	4	7	7	8
m.7647	1472	2	5	1	2	2	3	4	4
m.765	688	2	5	1	2	3	2	4	2
m.7658	726	0	1	0	0	0	0	0	0
m.7660	262	0	1	0	0	0	1	0	0
m.12721	179	0	1	1	2	2	1	2	1
m.7663	465	2	2	0	0	2	2	0	1
m.7667	285	6	6	2	5	4	6	5	4
m.7674	481	5	8	3	4	6	7	6	9
m.7691	358	1	2	0	0	1	2	1	2
m.77	597	41	37	28	29	43	46	45	40
m.772	418	19	17	7	7	15	21	21	18
m.7741	384	81	78	47	47	83	85	86	91
m.7744	503	0	0	0	0	0	1	0	1
m.7751	288	13	14	11	8	16	13	17	15
m.7753	1062	1	0	0	0	0	0	1	0
m.12725	224	3	4	2	1	3	4	5	5
m.7798	205	1	1	0	0	1	1	1	0
m.782	388	30	28	10	9	32	31	31	26
m.7834	739	2	2	1	1	1	2	3	2
m.7836	367	1	1	0	0	0	1	1	1
m.784	162	0	0	0	0	0	2	0	2
m.785	233	0	1	0	0	0	0	1	2
m.787	428	30	33	12	13	32	31	30	33
m.789	775	1	3	0	0	0	2	3	1
m.791	133	1	0	0	0	0	1	0	0
m.12732	698	26	24	12	13	33	30	31	25
m.793	584	1	0	0	0	0	1	1	1
m.7945	324	0	1	0	0	2	3	3	0
m.7961	340	1	0	0	0	0	0	0	1
m.7974	155	1	1	0	0	1	1	1	1
m.8003	356	6	2	1	2	5	4	3	4
m.8017	724	4	2	2	2	3	8	2	4
m.8023	472	1	1	1	1	1	1	2	2
m.8059	183	2	2	0	0	0	1	1	1
m.809	141	0	1	0	0	0	1	0	1
m.81	504	16	17	8	10	18	22	16	18
m.12737	490	1	1	1	1	1	0	0	0
m.8149	654	3	4	1	1	4	6	5	5
m.818	312	0	0	0	0	1	0	0	0
m.82	123	1	2	5	4	1	1	2	1
m.8222	467	21	23	14	14	23	23	27	24
m.8227	922	1	1	1	1	3	1	2	1
m.8232	523	1	1	2	0	3	1	3	1
m.8233	1215	25	23	11	12	29	25	26	25
m.8241	512	2	1	0	0	1	1	1	1
m.8246	632	1	0	0	0	0	1	0	1
m.12740	434	6	4	3	4	7	5	7	9
m.8318	815	0	0	0	1	0	0	0	0
m.8342	908	33	39	22	22	43	37	44	37
m.8376	1390	3	2	1	1	2	1	2	2
m.849	171	8	7	5	6	9	11	11	7
m.8553	598	1	0	0	0	0	0	1	1
m.8574	338	0	0	1	0	1	0	0	0
m.8594	352	2	3	1	1	2	3	2	2
m.860	473	8	8	2	3	9	14	9	10
m.8609	175	11	11	9	9	10	10	12	9
m.8622	179	1	1	0	0	2	1	3	2
m.12744	483	2	3	3	3	5	1	2	3
m.8646	552	0	1	1	1	0	1	0	1
m.865	271	11	8	2	2	9	11	9	10
m.8693	201	5	4	4	3	4	4	4	4
m.8696	278	1	1	1	1	0	0	1	1
m.8700	316	1	1	1	0	1	2	1	1
m.8703	160	3	3	0	1	2	3	2	2
m.8709	507	5	2	2	1	4	4	3	3
m.873	140	9	5	3	3	8	7	7	7
m.8730	570	3	3	0	0	3	1	1	2
m.8735	575	1	2	0	0	1	2	1	1
m.12757	255	5	8	4	4	7	6	6	6
m.8756	335	0	0	0	0	0	0	0	1
m.8796	376	7	6	3	3	6	5	6	6
m.8799	389	13	12	4	4	9	14	13	13
m.8820	398	0	0	0	0	1	1	0	1
m.886	1029	1	0	0	0	1	0	0	1
m.8870	312	16	17	7	8	13	17	18	16
m.8872	406	10	9	9	9	9	8	9	6
m.8875	267	7	7	6	4	5	5	5	5
m.8877	241	4	4	2	2	4	4	3	5
m.8885	757	19	20	8	11	25	13	23	12
m.1276	494	1	1	1	0	2	1	1	1
m.8900	399	10	12	10	9	12	12	14	11
m.8901	709	0	0	0	0	0	1	0	0
m.8908	660	3	1	0	0	1	2	0	2
m.8913	420	1	0	1	0	2	1	1	1
m.8914	480	1	1	0	2	1	2	1	0
m.892	692	4	6	1	1	3	4	3	4
m.8928	359	6	8	2	1	8	9	8	8
m.8936	197	3	1	2	2	2	2	3	3
m.8939	146	4	4	1	2	3	1	1	2
m.8941	216	8	7	4	4	10	5	8	6
m.10138	474	4	2	0	1	1	2	2	1
m.12762	252	12	15	12	13	22	18	24	18
m.8943	224	0	0	1	0	1	1	0	1
m.8947	2092	9	6	5	4	6	7	4	5
m.8953	221	6	8	3	2	5	8	5	6
m.8954	500	6	8	2	3	4	5	7	6
m.8957	494	2	3	2	1	1	2	4	2
m.8982	213	6	7	0	1	6	5	6	4
m.8984	345	2	2	1	0	1	0	1	0
m.8991	306	9	11	8	10	15	12	11	13
m.90	277	5	3	1	1	2	4	1	5
m.12764	395	2	4	1	1	5	4	4	2
m.9013	389	9	8	5	8	10	7	10	9
m.9015	170	6	6	2	3	4	6	4	7
m.9022	1133	27	28	14	15	27	29	33	30
m.904	870	7	4	1	1	5	8	3	5
m.9051	213	9	9	7	8	8	10	8	11
m.9052	1364	6	6	2	1	7	6	8	6
m.9058	352	11	10	8	9	14	14	14	12
m.12770	763	3	0	2	1	5	3	3	3
m.9072	179	2	3	0	0	1	4	1	1
m.9073	508	8	6	1	2	10	9	9	11
m.9086	773	20	18	4	8	18	20	15	18
m.9089	726	3	4	4	3	3	3	3	3
m.9097	494	4	3	0	0	4	1	3	3
m.9109	151	2	2	2	3	3	4	1	2
m.911	192	2	2	1	1	0	1	1	1
m.9110	140	3	2	2	4	2	2	2	2
m.912	124	1	0	0	0	0	0	1	0
m.12774	857	0	0	0	0	1	0	0	0
m.9122	382	2	1	1	1	3	1	4	1
m.9133	155	3	3	4	4	8	6	7	8
m.9135	505	3	2	2	2	3	3	3	3
m.9137	549	12	11	7	4	16	15	14	11
m.9141	173	2	2	0	0	3	3	1	1
m.915	457	1	1	1	0	1	0	2	2
m.9151	279	2	3	0	0	3	4	1	4
m.9167	564	14	16	4	6	13	11	13	14
m.9170	543	2	3	0	0	2	3	2	2
m.9176	257	6	5	2	0	4	6	4	5
m.12783	327	2	2	0	0	1	1	2	4
m.918	345	9	8	4	1	8	7	10	7
m.9181	139	3	2	4	3	2	3	3	2
m.9193	136	1	0	0	0	2	1	2	2
m.9195	251	2	2	0	0	1	1	1	2
m.9200	158	1	1	1	1	1	1	1	1
m.9206	260	1	0	0	0	0	0	0	1
m.9224	322	2	5	1	1	7	6	5	6
m.9226	462	17	18	8	8	19	21	22	19
m.923	391	1	0	1	2	1	2	1	1
m.924	786	10	10	5	3	9	10	14	12
m.12790	138	3	5	1	1	4	6	6	3
m.9242	256	3	2	1	2	1	1	2	3
m.9252	695	0	1	0	0	1	0	0	0
m.9253	509	1	1	1	1	1	2	2	1
m.9267	132	0	0	0	0	0	0	0	1
m.9284	447	15	16	8	6	13	17	14	20
m.9290	1260	1	1	0	0	0	0	0	1
m.9295	226	2	2	1	1	3	2	3	2
m.9312	311	1	0	0	1	3	3	3	3
m.9319	314	4	4	1	1	4	4	5	4
m.9320	149	0	0	0	0	2	0	1	1
m.12795	196	2	2	1	1	1	1	2	2
m.9322	625	8	6	3	3	7	7	7	7
m.9331	568	0	0	0	0	2	0	3	0
m.9340	260	3	2	0	2	3	2	4	2
m.9341	306	3	3	3	2	4	4	3	4
m.9342	193	6	11	6	5	11	9	5	6
m.9366	437	1	1	0	0	2	2	1	1
m.9386	745	1	0	0	1	0	0	0	0
m.9389	756	1	1	0	0	1	1	0	0
m.9399	268	8	9	8	7	11	9	13	12
m.12796	156	9	9	5	4	8	10	8	9
m.940	484	7	6	5	2	8	6	4	6
m.9408	224	4	2	1	2	3	3	4	5
m.9411	328	7	12	6	6	11	9	11	11
m.9432	802	7	8	2	1	7	7	5	7
m.9440	538	0	1	1	1	0	2	0	0
m.9443	895	1	1	0	0	1	1	1	1
m.9447	704	6	7	3	5	8	6	8	8
m.9474	609	1	1	1	1	1	1	2	1
m.9478	1342	20	26	6	6	33	25	31	29
m.948	269	4	7	4	6	5	3	3	4
m.1281	317	2	1	0	1	1	0	0	1
m.949	153	7	5	3	5	8	10	7	11
m.9498	636	0	0	0	0	0	0	1	0
m.9510	372	1	0	0	0	0	1	0	1
m.9511	681	11	11	8	5	9	9	9	12
m.9524	422	3	4	2	1	3	3	3	5
m.9527	577	2	1	1	0	2	5	1	2
m.9546	175	5	4	1	2	3	5	4	5
m.9560	412	4	4	3	2	2	2	1	3
m.9561	429	9	8	5	4	9	6	10	4
m.9566	251	2	2	1	2	2	1	1	1
m.12810	529	9	5	0	0	5	9	5	10
m.9578	173	25	26	15	16	50	54	52	56
m.9587	410	0	2	1	1	1	0	0	1
m.9595	223	36	34	23	24	35	36	40	38
m.9596	217	1	2	1	0	1	2	2	2
m.9604	530	2	1	1	0	2	2	2	2
m.9613	714	1	0	0	0	0	0	0	0
m.9621	354	0	0	0	0	1	0	0	0
m.9628	960	2	3	1	1	4	1	2	1
m.965	551	14	11	1	3	16	15	13	16
m.10146	361	1	2	0	1	2	1	3	1
m.12818	193	3	4	4	6	7	4	7	8
m.9652	236	12	11	6	7	10	8	14	12
m.9654	1097	1	1	0	0	0	0	1	2
m.9689	170	10	9	6	5	10	10	9	13
m.9699	450	28	26	17	16	34	36	32	34
m.9734	585	2	1	0	1	2	0	1	1
m.9740	719	1	0	0	1	0	0	0	0
m.9753	748	9	9	6	3	8	10	9	10
m.9756	182	6	5	0	1	7	6	4	5
m.9774	382	4	2	2	4	3	3	3	4
m.12824	377	19	16	8	6	15	17	18	20
m.9778	264	2	2	0	1	3	3	4	3
m.9816	202	1	1	1	0	1	2	1	2
m.983	610	1	1	0	0	1	1	1	1
m.9837	123	0	0	0	1	1	1	1	2
m.985	403	1	0	0	0	0	2	1	2
m.9853	405	2	3	1	1	1	3	1	4
m.9873	222	9	9	4	6	8	5	7	5
m.9880	463	1	1	1	0	2	1	0	2
m.9881	429	0	2	4	2	1	2	1	1
m.9886	890	1	1	0	0	2	2	2	2
m.12825	688	1	0	0	0	1	0	1	0
m.9891	150	8	6	2	2	10	10	9	9
m.9896	824	1	1	0	0	0	0	1	1
m.9912	268	0	1	0	0	1	1	1	0
m.9927	451	0	0	0	0	0	0	0	1
m.9935	160	3	3	2	2	2	3	2	3
m.9939	196	3	2	2	4	2	3	4	2
m.9956	418	3	5	2	0	2	2	2	2
m.9972	351	6	5	3	3	5	6	6	6
m.9986	274	5	2	1	1	5	8	3	6
m.9987	752	0	1	0	0	0	0	0	1
m.12826	335	0	0	0	0	0	0	1	0
symbB1.EST_k37c20_10192|m.23590	575	19	21	5	5	21	20	24	22
symbB1.EST_k37c20_10199|m.23603	313	2	1	1	1	2	3	1	4
symbB1.EST_k37c20_1036|m.2331	146	2	2	0	0	3	3	3	2
symbB1.EST_k37c20_10952|m.25393	404	1	1	0	0	1	5	3	2
symbB1.EST_k37c20_11005|m.25482	479	0	1	0	0	1	1	0	1
symbB1.EST_k37c20_11157|m.25744	424	2	2	0	0	1	3	2	2
symbB1.EST_k37c20_11310|m.26082	319	1	1	0	0	1	1	1	2
symbB1.EST_k37c20_1169|m.2671	307	9	8	5	4	9	10	10	11
symbB1.EST_k37c20_12165|m.28039	1291	0	0	0	0	0	2	0	0
m.12829	263	1	1	0	1	2	2	1	2
symbB1.EST_k37c20_12472|m.28674	778	0	0	0	0	0	1	1	0
symbB1.EST_k37c20_12680|m.29198	525	1	0	0	0	1	1	0	1
symbB1.EST_k37c20_12825|m.29527	152	0	1	0	1	0	1	1	0
symbB1.EST_k37c20_13424|m.30860	415	0	0	0	0	3	1	3	1
symbB1.EST_k37c20_1348|m.3129	292	2	1	1	1	2	1	2	2
symbB1.EST_k37c20_1369|m.3168	235	4	2	1	0	4	5	4	5
symbB1.EST_k37c20_13945|m.31959	330	0	0	1	0	0	0	0	0
symbB1.EST_k37c20_14340|m.32799	3845	2	1	2	3	2	0	0	1
symbB1.EST_k37c20_151|m.344	204	3	2	1	1	4	4	4	4
symbB1.EST_k37c20_15413|m.35140	461	1	1	0	0	1	1	1	1
m.1283	112	3	4	2	2	3	3	3	3
symbB1.EST_k37c20_15530|m.35382	544	0	0	0	0	0	0	0	1
symbB1.EST_k37c20_16090|m.36633	157	0	1	0	0	2	1	1	3
symbB1.EST_k37c20_17439|m.39726	295	1	2	1	1	2	2	1	1
symbB1.EST_k37c20_17557|m.39981	1210	0	1	1	1	1	1	2	0
symbB1.EST_k37c20_1763|m.4228	127	4	4	1	1	4	7	4	7
symbB1.EST_k37c20_17886|m.40673	796	0	0	0	0	0	1	0	1
symbB1.EST_k37c20_18007|m.40947	262	4	3	2	2	3	6	2	5
symbB1.EST_k37c20_1807|m.4315	605	1	1	0	0	1	2	2	2
symbB1.EST_k37c20_18914|m.42831	363	2	2	0	0	4	4	3	2
m.12839	312	2	1	0	0	1	1	2	3
symbB1.EST_k37c20_1935|m.4600	892	3	4	1	1	3	4	3	4
symbB1.EST_k37c20_2060|m.4873	147	2	4	4	4	4	6	3	6
symbB1.EST_k37c20_2071|m.4896	126	6	5	0	0	3	7	4	7
symbB1.EST_k37c20_20726|m.46522	157	4	5	3	4	5	5	3	4
symbB1.EST_k37c20_21115|m.47298	616	0	0	0	0	0	0	1	1
symbB1.EST_k37c20_21614|m.48388	335	1	2	0	1	1	3	2	1
symbB1.EST_k37c20_2316|m.5488	344	0	1	0	0	0	1	0	1
symbB1.EST_k37c20_24260|m.53662	192	0	0	0	0	1	1	0	2
m.12859	409	1	1	0	0	2	2	2	1
symbB1.EST_k37c20_24332|m.53801	388	0	0	0	0	0	0	1	0
symbB1.EST_k37c20_2434|m.5762	166	0	0	1	0	1	0	1	0
symbB1.EST_k37c20_2548|m.6110	212	6	6	5	4	8	5	6	7
symbB1.EST_k37c20_262|m.561	1089	7	5	3	4	8	10	5	8
symbB1.EST_k37c20_27166|m.59212	346	2	2	1	0	3	3	3	2
symbB1.EST_k37c20_2835|m.6680	165	2	2	1	1	2	3	2	3
symbB1.EST_k37c20_2873|m.6770	351	1	3	0	1	1	3	1	3
symbB1.EST_k37c20_30052|m.64411	370	2	2	0	0	2	2	1	2
symbB1.EST_k37c20_3045|m.7223	570	2	2	0	0	4	5	3	8
symbB1.EST_k37c20_3137|m.7441	137	1	1	0	0	3	4	1	3
m.1286	2829	270	269	154	157	252	289	246	304
symbB1.EST_k37c20_3194|m.7561	532	1	1	0	1	3	5	1	6
symbB1.EST_k37c20_319|m.681	429	2	3	0	0	2	7	2	4
symbB1.EST_k37c20_3367|m.8026	143	3	2	0	1	3	4	2	4
symbB1.EST_k37c20_34811|m.72609	265	1	1	0	0	2	1	2	1
symbB1.EST_k37c20_3550|m.8423	118	2	0	0	0	2	2	0	1
symbB1.EST_k37c20_3763|m.8967	138	4	5	1	2	3	5	4	5
symbB1.EST_k37c20_40880|m.81403	200	2	2	2	2	2	2	2	3
symbB1.EST_k37c20_4454|m.10626	401	0	0	0	0	0	1	0	1
symbB1.EST_k37c20_4530|m.10835	1086	3	2	2	1	3	4	2	4
symbB1.EST_k37c20_4585|m.10961	135	4	4	0	0	4	6	5	6
m.12872	385	6	6	3	2	8	11	8	9
symbB1.EST_k37c20_47047|m.87468	188	0	0	1	0	1	2	1	1
symbB1.EST_k37c20_47631|m.87845	639	0	1	0	0	1	4	1	1
symbB1.EST_k37c20_47633|m.87846	268	0	0	0	0	1	1	1	1
symbB1.EST_k37c20_47646|m.87855	135	3	3	2	0	3	5	2	5
symbB1.EST_k37c20_48001|m.88307	156	3	2	1	1	3	3	5	4
symbB1.EST_k37c20_48025|m.88342	199	4	3	1	0	3	3	2	5
symbB1.EST_k37c20_48387|m.88800	121	1	2	0	0	4	1	3	2
symbB1.EST_k37c20_4866|m.11610	391	3	4	3	3	3	5	5	5
symbB1.EST_k37c20_48819|m.89293	326	1	0	0	0	1	2	0	2
symbB1.EST_k37c20_5116|m.12234	365	0	0	0	0	2	2	2	0
m.10164	157	0	1	0	0	0	0	0	0
m.12887	415	1	1	0	0	1	1	1	1
symbB1.EST_k37c20_55677|m.94421	130	0	2	1	0	0	2	1	1
symbB1.EST_k37c20_57176|m.95446	360	0	0	0	0	1	2	2	1
symbB1.EST_k37c20_5771|m.13757	265	3	3	1	1	3	2	3	4
symbB1.EST_k37c20_59568|m.96245	208	3	2	2	3	5	3	5	3
symbB1.EST_k37c20_6130|m.14576	559	1	1	0	0	1	1	2	2
symbB1.EST_k37c20_6155|m.14644	880	1	2	1	0	1	2	1	2
symbB1.EST_k37c20_6169|m.14671	436	2	2	2	2	1	1	1	1
symbB1.EST_k37c20_6258|m.14822	332	1	2	0	0	1	3	2	2
symbB1.EST_k37c20_6575|m.15589	213	4	4	0	0	1	4	1	4
m.129	503	3	3	2	2	3	3	3	2
symbB1.EST_k37c20_6593|m.15621	461	2	1	1	0	2	1	2	2
symbB1.EST_k37c20_6718|m.15903	478	0	0	0	0	1	1	2	0
symbB1.EST_k37c20_679|m.1487	246	1	1	1	1	2	3	0	1
symbB1.EST_k37c20_6866|m.16214	439	0	0	0	0	1	1	0	1
symbB1.EST_k37c20_753|m.1636	362	1	2	1	2	3	5	4	3
symbB1.EST_k37c20_7975|m.18657	473	1	0	0	0	1	1	1	1
symbB1.EST_k37c20_8064|m.18902	416	0	0	0	0	0	2	0	0
symbB1.EST_k37c20_8373|m.19579	378	6	5	3	3	7	6	7	8
symbB1.EST_k37c20_8896|m.20721	588	3	2	0	0	2	2	2	2
m.12917	415	5	5	2	2	8	7	6	8
symbB1.EST_k37c20_9275|m.21620	2120	1	1	0	0	2	3	2	2
symbB1.EST_k37c20_9362|m.21825	318	1	2	0	0	2	5	2	4
m.10061	510	3	6	1	3	5	3	5	3
m.10199	219	7	7	7	5	6	7	9	7
m.10264	203	0	0	0	1	0	0	1	0
m.4337	518	0	0	0	1	0	0	0	0
m.10324	680	2	2	0	0	3	3	4	2
m.1036	1192	2	2	0	1	2	0	1	4
m.12941	323	8	7	2	1	10	6	7	6
m.10517	796	1	1	0	0	1	0	1	0
m.10603	487	0	0	0	0	1	1	0	0
m.10605	698	3	3	1	2	3	2	2	2
m.10713	218	6	8	7	5	5	7	7	9
m.12813	219	6	5	6	4	4	6	6	5
symbB1.EST_k37c20_37952|m.77340	217	0	0	2	1	1	1	0	1
m.10928	723	7	6	3	5	8	8	8	12
m.11115	300	2	2	3	3	2	3	4	3
m.21828	279	1	1	1	1	1	2	2	2
m.2713	305	2	2	1	2	2	2	4	1
m.19703	231	0	0	0	1	1	0	1	0
m.113	378	43	41	28	27	45	50	44	48
symbB1.EST_k37c20_41902|m.82682	468	16	17	11	10	14	20	16	20
m.31439	231	7	6	1	2	5	8	7	8
m.11458	213	3	2	3	2	2	4	1	2
m.11995	326	5	6	4	4	7	6	6	6
m.31539	379	2	4	1	1	4	3	3	4
m.14932	175	1	3	1	1	2	1	1	2
m.5696	189	6	8	4	4	6	5	6	7
m.12129	447	92	101	56	59	108	109	108	107
m.29835	460	87	98	53	57	100	99	100	100
m.30405	235	60	65	41	39	66	70	65	68
m.2128	233	42	47	28	29	51	49	51	48
m.28478	448	27	26	16	15	29	30	29	30
m.36059	184	14	17	11	13	18	18	18	18
symbB1.EST_k37c20_23066|m.51297	469	26	26	15	14	28	30	29	30
m.12942	291	0	0	1	1	0	0	0	0
m.1245	204	24	21	20	18	27	23	22	26
m.15067	179	6	7	6	4	7	6	6	7
m.10914	217	4	6	4	3	5	5	7	5
m.17885	208	3	5	3	4	4	5	3	3
m.12699	199	11	13	10	9	11	11	12	12
m.14255	219	4	6	3	3	5	6	5	8
m.1509	223	5	5	5	3	4	4	5	4
m.18748	201	8	9	6	6	7	9	9	8
m.1242	255	3	4	4	3	4	3	3	4
symbB1.EST_k37c20_46370|m.87062	230	3	4	4	3	3	3	3	3
m.7341	237	3	4	3	3	3	3	3	3
m.22444	205	0	1	0	0	0	1	0	0
symbB1.EST_k37c20_56818|m.95252	228	6	6	5	4	7	7	7	7
m.12659	176	0	0	1	0	1	0	0	0
m.12690	150	1	0	0	0	2	0	2	0
m.12709	550	7	6	3	3	7	6	4	5
m.12711	510	2	2	2	1	6	4	8	4
m.12724	296	3	2	5	6	4	4	6	3
m.12733	700	9	10	5	5	6	8	13	13
m.12781	500	1	1	0	1	2	1	1	1
m.12890	232	2	1	0	0	0	2	1	2
m.12970	372	6	6	1	1	5	6	7	6
m.13047	186	5	6	5	5	7	4	6	5
m.26081	187	5	7	7	8	9	6	7	7
m.13119	549	6	5	1	2	5	8	6	10
m.1334	391	0	0	0	1	1	1	0	2
m.13436	653	2	2	2	1	1	2	2	1
m.13638	869	2	0	1	0	1	2	1	0
m.13659	548	1	1	1	1	1	1	1	1
m.13801	461	0	1	0	0	0	0	0	1
m.1390	448	8	9	3	2	9	5	8	8
m.1391	160	0	1	0	0	0	1	2	0
m.1396	509	2	1	1	0	2	0	0	1
m.13574	515	2	2	1	0	1	2	2	0
m.1296	468	1	2	1	1	2	4	3	2
m.14282	326	2	1	0	1	2	1	1	0
m.145	467	1	0	0	0	1	1	1	2
m.14924	360	1	0	0	0	1	0	0	0
m.1493	232	4	7	2	4	7	5	11	5
m.15139	435	36	29	29	29	48	49	45	46
symbB1.EST_k37c20_26730|m.58389	993	1	1	0	0	7	6	6	4
symbB1.EST_k37c20_1952|m.4632	728	1	1	0	0	4	4	4	3
symbB1.EST_k37c20_7002|m.16520	790	4	4	2	3	6	8	6	7
m.15220	508	9	9	3	5	8	9	12	10
m.15426	1113	4	5	2	3	8	7	5	5
m.15462	185	3	2	0	0	3	4	4	4
m.15831	119	3	2	0	1	2	6	2	6
m.12976	264	3	3	1	2	3	3	4	3
m.16008	262	3	4	3	2	3	3	4	2
m.16090	446	13	14	7	9	21	19	21	18
m.16351	226	10	9	5	6	10	8	6	9
m.16371	297	1	2	1	2	1	0	2	3
m.16813	293	1	1	0	0	0	1	1	1
m.17239	445	2	3	0	0	1	2	1	1
m.173	389	184	176	135	142	186	186	182	170
m.184	376	201	191	152	153	199	203	197	189
m.278	253	124	119	97	94	124	126	127	114
m.26952	376	43	43	41	38	48	51	41	44
m.17435	484	18	21	10	9	16	19	20	16
m.17469	174	2	3	2	2	3	2	3	2
m.12991	100	25	26	16	16	30	34	30	31
m.17967	175	3	4	2	2	2	4	2	4
m.6185	175	3	4	2	2	2	4	2	4
m.1806	594	2	3	0	0	4	2	3	2
m.18179	295	5	6	5	4	6	6	6	7
m.26302	181	2	2	0	1	4	3	6	3
m.18366	538	2	2	1	2	5	4	5	4
m.18373	191	2	2	0	2	4	2	3	2
m.11555	111	1	1	0	1	1	2	1	0
m.18767	961	4	6	3	3	4	3	3	4
m.1911	462	2	6	2	2	1	2	2	4
m.1884	645	3	2	1	2	1	2	2	3
symbB1.EST_k37c20_26089|m.57196	562	0	1	0	2	0	0	0	1
symbB1.EST_k37c20_41705|m.82450	593	0	1	0	1	0	1	0	1
m.19242	719	10	8	4	3	7	9	12	8
m.19535	181	2	2	0	1	1	1	1	2
m.19661	333	5	6	1	1	4	3	5	6
m.12999	500	1	0	0	0	1	0	0	1
m.19674	317	5	3	1	4	6	7	9	5
m.19764	354	4	3	1	2	4	4	4	3
m.21346	340	3	3	3	3	4	5	5	4
m.16676	336	2	2	1	1	2	2	3	2
m.20126	239	2	2	0	1	2	1	2	1
m.5042	675	2	2	0	1	3	1	2	1
m.20952	109	2	2	0	0	1	1	2	2
m.20957	639	6	5	3	4	7	5	6	4
m.14998	1027	0	0	0	0	0	1	0	0
m.21013	777	1	2	1	2	3	3	3	3
m.18548	223	1	1	1	1	1	1	1	1
m.21153	225	1	3	1	2	4	2	3	2
m.21390	125	12	11	9	9	10	13	10	11
m.21690	240	0	1	0	0	1	0	0	0
m.218	310	10	9	11	8	14	11	12	14
m.22339	1615	0	2	0	0	0	1	0	0
m.10183	616	2	0	0	0	0	0	0	0
m.13002	220	1	1	0	0	2	1	2	1
m.22940	466	13	12	8	7	11	12	12	10
m.232	1282	2	3	2	3	3	6	3	5
m.23328	172	1	1	1	1	1	1	1	1
m.23454	187	29	28	18	15	19	27	22	28
m.23900	193	3	2	2	1	3	4	3	2
m.24137	338	0	1	0	1	3	2	1	3
m.24851	900	15	14	2	4	24	17	22	14
m.24952	767	0	0	1	0	0	0	0	0
m.24983	433	2	0	1	0	0	1	0	1
m.25258	278	5	6	4	3	5	3	5	2
m.1301	177	0	1	0	0	1	1	1	0
m.25369	237	1	0	1	0	0	2	1	1
m.25835	116	3	4	2	0	3	4	3	6
m.25985	421	16	18	11	11	18	18	19	17
m.26956	495	15	16	6	5	13	16	15	18
m.27117	475	5	6	1	0	3	5	5	5
m.2752	168	11	10	7	7	11	9	11	9
m.27687	497	3	3	1	0	3	3	3	3
m.27757	157	3	3	3	2	3	3	3	3
m.27890	192	0	0	0	1	4	0	4	0
m.2792	427	1	2	1	1	1	1	2	0
m.2030	436	2	3	2	1	1	2	4	1
m.13026	699	0	0	0	1	0	1	0	0
m.28159	179	0	1	0	0	0	1	1	1
m.28444	404	10	7	3	4	5	5	4	7
m.13796	395	2	1	0	0	1	0	0	1
m.2848	287	3	2	2	3	4	4	4	5
m.28480	131	0	1	0	0	0	1	1	1
m.18341	246	1	1	0	0	0	3	0	3
m.28687	461	0	1	0	0	1	1	0	2
m.2908	2325	2	2	0	0	3	1	2	3
symbB1.EST_k37c20_4259|m.10144	2381	2	2	1	1	1	1	1	2
m.29808	242	8	9	4	4	6	11	5	7
m.20285	293	3	2	2	2	2	2	3	2
m.29813	455	3	3	2	4	4	7	3	5
m.30980	429	3	3	1	2	3	4	3	5
m.13131	436	3	3	3	4	5	2	3	5
m.15859	410	7	4	4	6	6	7	4	7
m.12982	418	5	3	2	1	4	1	4	3
symbB1.EST_k37c20_6773|m.16013	432	2	1	1	2	3	3	3	4
m.3079	696	19	18	9	7	19	23	20	21
m.2150	326	2	2	2	2	2	3	2	2
m.31093	201	1	0	0	0	0	1	0	1
m.13039	212	1	1	2	1	1	4	2	3
m.31593	374	3	1	1	0	0	1	1	0
m.32004	521	9	10	6	7	9	10	11	10
m.32539	222	3	2	2	2	3	4	3	3
m.6240	289	0	1	0	0	0	0	0	0
m.33135	103	35	36	27	25	36	39	36	37
m.33500	300	12	14	17	15	18	14	15	15
m.33850	297	0	0	0	0	0	1	0	0
m.3414	517	0	1	0	0	0	1	0	0
m.34165	271	1	3	0	0	2	1	1	1
m.3494	2140	121	123	76	71	142	132	129	127
m.13041	309	2	2	0	0	0	0	0	1
m.36049	334	3	2	0	1	3	5	4	6
m.13050	236	2	0	0	0	0	0	0	1
m.36534	1157	1	3	1	0	1	0	1	0
m.37637	179	10	10	2	1	13	9	11	13
m.6583	194	0	0	0	0	0	0	0	1
m.38108	101	1	1	0	0	0	2	0	2
m.38282	359	5	4	4	4	5	6	4	7
m.17520	299	4	4	4	4	4	5	4	5
m.3835	317	0	0	0	0	1	3	0	1
m.3844	610	59	60	27	20	60	63	62	59
m.9144	101	11	14	10	11	16	12	15	12
m.38633	275	11	12	3	5	12	13	15	15
m.3872	704	2	3	1	2	3	3	3	3
m.392	136	21	19	16	14	19	21	20	18
m.13061	1080	0	1	0	0	1	0	1	1
m.4330	257	0	0	0	0	1	0	1	0
m.44	328	6	7	3	3	5	6	5	7
m.22336	329	7	6	2	2	8	9	5	8
m.449	162	6	5	4	5	5	6	5	7
m.4530	483	0	0	0	0	0	1	0	2
m.4781	617	11	13	5	5	12	9	12	11
m.4865	531	4	7	2	4	11	10	7	9
m.4884	253	22	20	17	14	18	19	17	17
m.4960	840	31	32	16	21	25	30	33	33
symbB1.EST_k37c20_2962|m.7004	867	3	2	0	0	0	4	1	3
m.498	709	1	0	0	0	0	0	0	0
m.5030	279	11	10	4	3	12	15	11	12
m.13075	235	1	1	1	1	0	1	2	1
m.506	193	3	4	2	2	3	5	4	2
m.5087	320	2	2	2	1	3	3	2	2
m.5096	1402	4	5	0	0	5	6	7	6
m.5098	411	1	1	1	0	1	2	1	1
m.29201	116	2	3	2	1	4	4	2	4
m.22041	329	0	2	0	0	1	1	0	0
m.32422	236	1	1	0	0	1	0	1	0
m.5115	549	8	9	8	3	10	8	10	8
m.5317	354	10	9	5	5	10	9	12	10
m.5270	380	6	6	2	2	6	4	7	4
m.5328	257	4	3	2	3	3	3	4	3
symbB1.EST_k37c20_745|m.1617	448	4	3	1	1	2	2	4	3
m.5347	415	10	10	4	5	9	10	8	9
m.537	304	3	3	2	1	2	2	3	1
m.5384	568	2	2	0	0	3	1	1	1
m.13076	445	5	9	1	2	4	4	3	5
m.5440	160	35	45	28	27	16	42	28	46
m.19482	215	31	37	25	25	13	35	25	40
symbB1.EST_k37c20_660|m.1437	241	31	37	25	25	12	36	25	39
m.5463	882	63	64	41	45	63	73	73	73
m.5486	109	2	2	1	2	2	0	2	2
m.5510	229	2	4	1	1	5	4	5	3
m.5513	246	4	5	2	2	7	4	4	4
m.5546	1101	16	15	10	5	19	13	15	16
m.5582	258	5	5	3	2	7	6	7	5
m.5619	199	5	5	1	1	7	3	5	7
m.5634	149	12	11	9	11	16	24	16	22
m.13401	174	10	11	8	11	13	18	13	15
m.5689	476	9	7	0	2	6	5	8	6
m.13085	424	2	2	2	2	2	2	4	2
m.5712	270	2	3	1	1	0	2	1	2
m.5746	161	11	11	10	8	9	11	9	12
m.5747	202	2	4	2	4	7	2	7	5
m.17615	183	1	1	1	1	1	1	3	1
m.20628	112	0	1	0	1	2	1	2	2
m.5828	1791	2	3	1	2	2	3	3	1
m.5839	328	4	3	4	2	5	4	4	4
m.5881	363	4	4	3	5	3	5	2	4
m.5892	125	6	5	2	3	8	7	8	11
m.5919	327	1	2	0	0	3	1	1	2
m.898	376	1	2	0	0	2	2	1	2
m.6100	310	23	24	16	21	18	26	20	22
m.6106	1183	4	4	1	1	3	3	3	5
m.13089	190	1	1	1	1	1	2	1	1
m.612	679	56	53	29	30	50	65	53	57
m.20930	647	27	30	18	16	38	33	38	30
m.8917	676	39	41	22	22	44	41	47	42
symbB1.EST_k37c20_680|m.1491	353	10	11	3	3	10	13	11	14
m.7437	674	9	8	4	3	7	9	8	11
symbB1.EST_k37c20_10470|m.24210	575	10	9	4	3	7	10	8	11
m.616	1072	26	26	12	15	32	34	29	30
m.6180	693	43	54	32	38	40	43	46	46
symbB1.EST_k37c20_3735|m.8908	705	7	5	5	3	6	9	5	8
m.6186	860	0	0	0	0	0	0	2	0
m.6203	143	9	7	3	3	8	9	7	8
m.644	181	17	14	6	8	15	16	12	14
m.401	181	16	17	6	7	13	16	12	16
m.32417	162	8	6	3	4	7	8	6	8
m.8903	180	15	15	6	7	13	16	12	16
m.6453	159	2	2	0	1	2	1	2	2
m.6463	6996	16	12	5	2	14	13	12	9
m.19708	361	4	3	3	2	4	4	2	2
m.9401	449	2	1	0	0	2	1	0	0
m.31478	374	2	1	0	0	2	1	0	0
m.6490	438	16	17	14	12	14	18	16	15
m.6499	297	15	16	12	11	14	14	13	16
m.10194	572	18	19	11	7	20	22	20	16
m.13090	174	1	1	0	0	1	2	1	1
m.6517	538	14	17	6	4	16	16	15	19
m.6593	1058	19	20	9	9	20	17	23	16
m.6627	1941	141	143	73	78	142	128	134	137
m.6659	223	5	3	3	2	4	4	4	4
m.25093	208	2	1	2	1	2	1	2	2
m.6713	259	2	1	2	2	2	1	1	1
m.25763	303	1	2	1	1	2	2	2	2
m.697	208	2	3	2	3	4	3	4	4
m.6977	342	3	1	1	1	5	3	4	3
m.7051	436	7	9	2	2	5	9	6	7
m.7209	320	6	5	3	1	6	5	6	3
m.7374	436	6	5	0	1	2	5	3	7
m.13091	557	0	1	0	0	1	2	0	1
m.7527	791	4	4	1	1	3	3	2	3
m.760	542	4	7	2	4	5	4	7	5
m.8211	367	2	3	3	3	3	2	3	3
m.6492	285	1	2	2	2	3	2	2	2
m.8509	223	1	0	0	0	0	0	0	0
m.858	537	7	6	4	3	5	5	6	5
m.8669	206	2	1	0	0	2	2	2	2
m.8927	151	11	11	1	0	6	6	8	7
m.8932	510	11	13	1	1	11	13	11	12
m.8978	174	0	0	0	0	0	0	0	1
m.899	700	1	1	2	4	2	2	2	3
m.13094	265	1	2	1	1	2	2	3	3
m.900	248	45	46	32	37	44	39	50	41
m.5108	251	54	53	39	40	50	48	54	47
m.29219	277	33	29	25	23	33	33	33	31
m.5025	257	21	21	12	11	21	20	23	20
m.15022	221	20	18	12	14	24	21	23	19
m.19033	252	23	21	19	17	23	24	24	22
symbB1.EST_k37c20_6450|m.15307	248	18	17	15	15	20	19	21	18
symbB1.EST_k37c20_18328|m.41616	239	17	16	14	13	20	18	19	18
m.9188	352	5	5	2	2	7	5	5	4
m.22448	329	1	1	1	1	1	1	1	1
m.925	826	32	33	17	16	33	36	37	36
symbB1.EST_k37c20_12707|m.29253	798	2	2	1	1	1	2	2	3
m.9279	376	2	4	2	2	1	3	2	3
m.60	320	4	5	2	2	3	5	3	4
m.9299	205	18	20	8	9	25	22	22	21
m.9330	588	4	3	2	1	6	6	8	9
m.9373	1378	0	1	1	0	1	1	3	0
m.9424	545	58	61	30	29	62	72	62	68
symbB1.EST_k37c20_18731|m.42470	511	15	15	8	9	13	19	16	20
m.9431	161	0	1	0	0	1	0	2	0
m.9738	222	34	31	14	15	28	34	33	35
m.9119	158	16	17	7	10	16	20	16	17
m.13107	529	1	1	1	1	1	0	0	1
m.9807	393	11	12	9	8	15	12	14	12
m.9855	546	10	11	5	8	14	16	16	16
m.9865	419	10	9	3	3	9	9	11	9
m.9957	415	27	28	13	13	32	31	28	32
symbB1.EST_k37c20_2976|m.7040	656	1	1	1	0	0	0	0	0
symbB1.EST_k37c20_16196|m.36863	687	5	4	4	4	3	4	4	3
symbB1.EST_k37c20_10706|m.24774	508	5	5	0	1	6	8	6	6
symbB1.EST_k37c20_2935|m.6930	230	3	4	0	1	4	6	6	4
symbB1.EST_k37c20_2935|m.6931	199	3	2	0	0	3	3	2	3
symbB1.EST_k37c20_9582|m.22271	1052	5	5	0	1	5	7	6	5
symbB1.EST_k37c20_1113|m.2530	766	1	1	0	0	1	0	1	1
symbB1.EST_k37c20_11246|m.25932	1508	1	0	0	0	2	1	2	2
m.30676	389	0	1	0	0	0	1	0	0
symbB1.EST_k37c20_11748|m.27081	218	2	2	2	2	2	3	3	3
symbB1.EST_k37c20_1214|m.2760	628	1	1	1	0	0	1	1	3
symbB1.EST_k37c20_10268|m.23756	772	0	1	0	0	0	2	0	1
symbB1.EST_k37c20_12867|m.29616	484	0	0	0	0	0	0	0	1
m.13133	304	10	13	10	13	14	15	16	15
symbB1.EST_k37c20_14283|m.32649	470	1	1	0	0	2	2	2	2
symbB1.EST_k37c20_14475|m.33112	443	1	0	0	0	1	1	1	1
symbB1.EST_k37c20_1455|m.3360	395	9	10	5	6	14	15	16	15
symbB1.EST_k37c20_4529|m.10833	454	9	8	4	6	10	10	10	11
symbB1.EST_k37c20_149|m.340	412	9	10	4	5	8	11	9	9
symbB1.EST_k37c20_5213|m.12433	322	6	8	4	4	7	8	8	8
symbB1.EST_k37c20_1567|m.3635	725	15	15	5	2	17	26	19	24
symbB1.EST_k37c20_17098|m.38976	241	0	1	0	1	0	1	1	2
symbB1.EST_k37c20_17467|m.39790	676	7	10	6	4	16	14	20	14
symbB1.EST_k37c20_3155|m.7489	688	8	10	6	3	15	14	19	13
m.13136	222	0	0	0	0	2	0	1	1
symbB1.EST_k37c20_184|m.421	116	3	2	1	1	2	4	3	4
symbB1.EST_k37c20_1987|m.4708	533	2	3	0	0	2	6	2	6
symbB1.EST_k37c20_2023|m.4784	188	4	4	0	0	3	4	4	5
symbB1.EST_k37c20_2081|m.4909	358	6	6	2	0	8	7	9	7
symbB1.EST_k37c20_21294|m.47669	506	0	0	0	0	0	1	1	1
symbB1.EST_k37c20_2140|m.5027	307	1	0	1	1	0	1	1	0
symbB1.EST_k37c20_2164|m.5076	4652	2	1	2	0	1	1	1	1
symbB1.EST_k37c20_2245|m.5304	469	11	10	4	4	10	9	11	11
symbB1.EST_k37c20_902|m.2067	270	10	9	4	5	8	7	7	9
symbB1.EST_k37c20_6038|m.14360	104	8	7	5	4	7	7	9	10
symbB1.EST_k37c20_23101|m.51379	247	0	2	1	1	2	1	3	2
symbB1.EST_k37c20_23775|m.52673	454	0	0	0	0	0	0	0	1
m.13137	647	1	2	0	0	1	1	1	1
symbB1.EST_k37c20_2414|m.5716	453	3	3	1	1	4	5	3	5
symbB1.EST_k37c20_2817|m.6645	354	5	7	6	6	11	9	10	8
symbB1.EST_k37c20_11023|m.25500	171	12	13	4	4	16	20	16	20
m.38041	516	8	9	6	4	11	14	12	14
symbB1.EST_k37c20_4845|m.11546	980	7	6	6	4	10	11	10	11
symbB1.EST_k37c20_11022|m.25497	783	6	4	4	3	9	10	9	10
symbB1.EST_k37c20_21946|m.49032	657	7	7	4	4	10	11	10	12
symbB1.EST_k37c20_642|m.1388	170	5	3	4	2	3	5	5	5
symbB1.EST_k37c20_14788|m.33784	437	2	3	1	2	4	4	4	3
symbB1.EST_k37c20_2583|m.6170	305	2	2	2	1	2	2	1	3
symbB1.EST_k37c20_14961|m.34203	355	2	3	2	3	3	2	4	4
symbB1.EST_k37c20_11532|m.26613	389	1	0	1	1	1	1	0	1
symbB1.EST_k37c20_877|m.1991	589	4	4	5	4	9	8	7	7
m.23201	327	2	3	2	3	3	3	3	3
symbB1.EST_k37c20_28846|m.62323	470	1	0	1	0	1	2	1	1
symbB1.EST_k37c20_2900|m.6850	320	8	6	4	4	9	10	7	9
symbB1.EST_k37c20_3028|m.7191	391	12	12	11	10	10	12	10	9
symbB1.EST_k37c20_3070|m.7296	138	1	1	0	0	0	1	2	1
symbB1.EST_k37c20_3071|m.7301	172	1	1	0	1	1	2	2	1
symbB1.EST_k37c20_3138|m.7442	296	3	3	2	1	4	8	4	7
symbB1.EST_k37c20_3283|m.7800	496	6	6	4	5	6	8	5	7
symbB1.EST_k37c20_3326|m.7935	316	7	6	2	2	7	7	4	8
symbB1.EST_k37c20_5221|m.12447	319	6	5	2	2	5	9	5	9
symbB1.EST_k37c20_36410|m.75095	380	2	2	0	1	1	4	1	5
symbB1.EST_k37c20_13594|m.31220	315	3	3	2	3	3	4	3	5
m.13144	312	0	1	0	0	1	0	0	0
symbB1.EST_k37c20_3830|m.9127	133	1	1	1	1	2	2	2	2
symbB1.EST_k37c20_409|m.896	1046	0	0	0	0	0	2	0	3
symbB1.EST_k37c20_47206|m.87566	331	2	2	1	1	2	4	1	3
symbB1.EST_k37c20_47208|m.87569	118	2	1	0	1	1	3	2	1
symbB1.EST_k37c20_475|m.1111	752	2	3	1	1	2	2	1	4
m.34954	142	2	1	0	0	1	2	2	2
symbB1.EST_k37c20_4774|m.11339	320	6	6	3	4	8	11	9	7
symbB1.EST_k37c20_49226|m.89774	737	2	2	1	2	3	4	3	4
symbB1.EST_k37c20_521|m.1204	664	0	2	0	0	1	2	1	6
m.21400	524	1	0	0	0	1	0	1	1
symbB1.EST_k37c20_5269|m.12556	4620	2	1	1	0	0	1	1	1
symbB1.EST_k37c20_3669|m.8636	4548	1	0	0	0	0	1	1	1
symbB1.EST_k37c20_12291|m.28283	3958	1	0	0	0	0	1	1	1
symbB1.EST_k37c20_55830|m.94547	266	1	0	0	1	0	1	1	2
symbB1.EST_k37c20_48143|m.88480	266	1	0	0	0	0	1	1	1
symbB1.EST_k37c20_794|m.1769	228	0	0	0	1	1	0	0	0
m.13171	608	1	1	0	0	0	0	1	0
symbB1.EST_k37c20_5933|m.14161	198	4	5	1	1	3	3	3	4
symbB1.EST_k37c20_6507|m.15457	630	3	2	0	1	2	6	4	5
symbB1.EST_k37c20_6972|m.16460	195	1	1	0	0	2	3	2	2
symbB1.EST_k37c20_7183|m.16913	688	0	2	0	0	0	3	1	1
symbB1.EST_k37c20_7666|m.17974	572	1	2	0	0	2	3	2	2
symbB1.EST_k37c20_622|m.1334	503	0	1	0	0	1	3	1	2
symbB1.EST_k37c20_623|m.1338	545	0	1	0	0	2	3	2	3
symbB1.EST_k37c20_9496|m.22100	2133	4	4	1	1	4	6	3	7
symbB1.EST_k37c20_1915|m.4556	2152	2	1	0	0	1	1	1	3
symbB1.EST_k37c20_9115|m.21230	2162	0	0	0	0	0	0	0	1
m.10055	770	0	1	0	0	0	1	1	1
m.1027	157	1	2	1	1	1	2	2	2
m.10469	238	1	1	0	0	1	0	1	0
m.13180	357	3	5	1	2	4	4	3	5
m.10767	590	1	1	0	1	0	1	1	1
m.10886	397	0	0	0	0	0	1	0	0
m.10919	208	1	0	1	0	0	0	0	0
m.1157	147	3	3	2	3	2	3	3	3
m.12769	144	1	2	0	0	0	1	1	1
m.13	994	0	0	0	0	0	0	1	0
m.13014	751	0	0	0	0	2	0	1	0
m.10205	893	0	0	1	0	0	0	0	1
m.13191	264	0	1	0	0	1	0	0	0
m.1320	427	0	1	0	0	0	1	0	0
m.14269	430	5	7	0	2	4	6	5	7
m.14377	379	0	0	0	0	1	0	0	0
m.15259	327	4	4	4	4	3	3	3	3
m.15388	345	1	1	0	0	1	1	1	1
m.15422	456	2	1	0	0	1	0	1	2
m.15837	260	1	0	0	0	1	0	0	1
m.13193	278	1	0	0	0	0	0	0	1
m.16861	197	0	0	0	0	1	0	1	0
m.16864	208	1	1	0	1	2	0	1	1
m.1816	454	0	0	0	0	0	0	1	0
m.20660	110	0	0	0	0	0	1	0	0
m.20814	538	0	0	1	0	0	2	1	0
m.2094	592	0	0	0	1	0	0	0	0
m.21445	216	0	0	0	0	0	1	0	0
m.22426	144	1	0	1	1	0	1	1	0
m.22617	193	0	1	0	0	1	2	1	2
m.13197	189	4	5	2	3	3	5	4	5
m.22958	120	0	1	0	1	1	0	1	0
m.23204	134	4	5	2	3	5	4	5	6
m.23733	129	0	1	0	0	0	0	0	0
m.24306	306	1	1	0	0	2	1	0	1
m.25208	791	1	0	0	0	0	0	1	0
m.25802	790	1	0	0	0	2	1	1	0
m.132	146	3	2	1	1	4	4	4	3
m.260	236	0	1	0	0	0	1	0	1
m.26433	413	0	0	1	0	1	0	1	0
m.30054	147	1	1	0	1	2	1	3	1
m.3031	463	4	2	1	2	2	1	2	3
m.30973	434	1	1	0	0	0	1	0	0
m.32114	195	1	1	0	0	0	0	0	0
m.32224	134	0	0	0	0	0	0	1	0
m.13206	240	5	5	1	2	1	3	4	4
m.32275	204	1	1	0	1	0	1	0	1
m.32280	100	2	3	0	0	2	1	1	0
m.32790	184	0	0	0	0	0	1	0	1
m.36055	147	1	1	1	1	1	0	0	0
m.3747	251	1	2	1	2	1	1	2	2
m.4790	759	0	0	0	0	1	0	0	0
m.4935	224	0	0	0	0	0	1	1	0
m.13222	200	3	2	3	4	5	4	4	5
m.5448	204	0	0	0	0	1	2	1	1
m.5534	255	1	1	1	1	1	1	1	0
m.559	466	0	2	0	0	1	0	1	1
m.5691	711	1	1	0	0	1	1	1	1
m.5791	301	1	1	0	0	1	1	2	1
m.7090	348	0	0	3	3	0	0	0	0
m.7210	168	1	0	0	0	1	1	0	0
m.7304	285	0	0	0	0	1	1	0	0
m.13224	649	1	1	1	0	1	0	1	0
m.8231	396	0	0	0	0	0	0	1	1
m.8325	182	0	1	0	0	0	0	0	0
m.8454	243	0	0	0	0	1	1	0	1
m.8791	125	0	0	0	0	0	1	0	0
m.8880	300	2	2	0	0	2	2	2	2
m.9062	253	1	1	1	0	1	1	1	1
m.9611	446	2	2	0	0	0	1	1	2
symbB1.EST_k37c20_13957|m.31989	701	0	0	1	2	1	1	0	0
symbB1.EST_k37c20_14815|m.33870	1477	2	1	2	3	1	1	2	1
m.13226	326	7	7	2	4	7	4	6	4
symbB1.EST_k37c20_16474|m.37535	172	1	1	1	0	2	0	0	1
symbB1.EST_k37c20_18722|m.42454	780	0	0	1	3	0	0	0	0
symbB1.EST_k37c20_37403|m.76597	647	5	6	6	5	5	3	5	3
symbB1.EST_k37c20_42278|m.83126	244	2	3	2	2	2	2	2	1
symbB1.EST_k37c20_5312|m.12672	147	0	0	0	0	0	1	1	1
symbB1.EST_k37c20_8675|m.20239	134	2	1	0	1	4	3	1	2
m.13240	197	4	4	2	1	3	3	3	3
m.10139	271	0	0	0	0	0	1	0	0
m.10342	512	0	0	0	0	1	1	0	0
symbB1.EST_k37c20_10131|m.23447	349	0	0	0	0	0	0	1	0
symbB1.EST_k37c20_11223|m.25887	300	1	1	0	0	3	3	2	3
symbB1.EST_k37c20_5636|m.13449	465	1	0	0	0	0	1	1	1
m.12204	184	0	0	0	0	1	1	1	0
m.13256	546	0	0	0	0	1	0	0	0
m.15779	427	0	1	0	0	1	0	1	0
m.1809	261	0	0	0	0	0	0	0	1
m.19423	152	1	2	1	1	1	1	2	1
m.20370	1024	0	0	0	0	0	0	1	0
m.21120	689	0	0	0	0	0	1	0	0
m.21223	127	0	0	0	0	0	0	0	1
m.10239	279	1	2	0	0	2	1	0	2
m.13278	257	0	0	0	0	2	2	3	2
m.22490	163	1	1	0	0	1	0	0	2
m.23963	466	0	0	0	0	0	0	0	1
m.2459	906	1	0	0	0	0	0	0	0
m.27134	171	0	1	0	0	0	0	0	0
m.28497	512	0	0	0	0	0	0	1	0
m.3433	518	0	0	0	0	0	0	1	0
m.34511	252	0	0	0	0	1	0	1	0
m.1328	203	2	1	1	1	2	2	1	2
m.3942	152	0	1	0	0	0	0	0	0
m.3958	820	1	1	0	0	0	1	1	0
m.548	221	1	1	1	1	1	1	1	0
m.6121	222	0	0	0	0	0	1	0	1
m.6171	973	0	0	0	0	1	0	1	1
m.13288	883	0	0	0	0	1	0	2	1
symbB1.EST_k37c20_26417|m.57788	642	1	1	1	0	1	2	1	1
m.28490	201	2	1	0	0	2	1	1	1
m.33735	105	0	1	0	0	0	1	1	0
m.3922	691	0	0	2	2	0	0	0	0
symbB1.EST_k37c20_24898|m.54900	840	0	0	1	1	0	0	1	0
symbB1.EST_k37c20_3711|m.8852	350	0	2	1	1	0	0	1	0
m.10586	414	1	1	0	0	1	1	1	1
m.11167	387	2	0	1	0	0	0	1	0
m.13295	297	1	0	0	1	2	4	2	2
m.11916	339	1	1	1	1	0	1	0	1
m.13300	320	0	0	0	0	1	0	0	0
m.13531	269	1	0	0	0	0	1	0	0
m.1360	125	1	0	0	0	0	0	0	0
m.15017	296	0	1	0	0	0	0	0	0
m.22934	136	0	0	0	0	0	1	1	0
m.38421	218	1	1	0	0	1	1	1	0
m.13314	295	6	3	1	1	6	4	3	4
m.5372	300	1	1	0	1	2	1	1	1
m.5646	926	0	0	0	0	0	0	1	1
m.7032	375	0	0	0	0	0	0	0	1
m.8882	347	1	1	0	0	0	1	0	2
m.9648	303	1	1	0	0	1	0	1	0
symbB1.EST_k37c20_16307|m.37144	383	2	2	2	1	2	2	2	2
symbB1.EST_k37c20_16682|m.38041	281	2	2	1	3	3	3	3	3
symbB1.EST_k37c20_19065|m.43125	627	0	0	0	0	0	0	1	1
m.13356	586	1	2	0	0	1	0	1	1
symbB1.EST_k37c20_3717|m.8859	492	1	1	1	1	1	1	1	1
symbB1.EST_k37c20_47040|m.87462	229	1	2	0	0	1	2	1	1
m.20249	222	1	0	0	0	0	1	0	0
symbB1.EST_k37c20_15345|m.34993	197	1	1	0	1	1	1	1	1
m.13078	280	1	1	2	2	1	1	1	1
m.133	397	0	0	0	0	0	0	1	0
m.13371	1200	8	13	7	6	13	8	13	10
m.16490	518	1	0	0	0	0	1	0	0
m.17390	576	1	1	0	0	0	0	0	1
m.27600	192	0	0	0	0	1	0	2	0
m.33243	759	2	2	0	0	1	2	1	2
m.36079	426	0	0	0	0	0	0	1	0
m.4994	274	0	0	0	1	0	1	0	0
m.1339	464	20	19	13	9	17	22	14	21
m.7089	188	1	1	0	0	0	0	0	0
m.9274	131	0	0	0	0	0	1	0	0
symbB1.EST_k37c20_22419|m.50026	1501	1	2	0	0	3	1	1	1
symbB1.EST_k37c20_9603|m.22318	388	0	0	0	1	0	0	0	0
m.10260	232	0	0	0	0	0	0	1	1
m.1145	390	0	0	0	0	0	0	0	1
m.18621	247	0	0	1	1	0	0	0	0
m.13423	531	6	5	4	5	7	6	5	6
m.2975	338	0	0	0	0	0	0	1	1
m.29890	126	0	0	0	0	0	0	1	1
m.35539	566	1	1	0	0	1	1	1	1
symbB1.EST_k37c20_43079|m.84058	495	3	3	2	2	3	3	2	2
m.22827	185	1	0	0	0	1	0	1	0
m.13425	114	1	0	0	0	1	0	0	0
m.13303	395	1	2	0	0	0	1	2	1
m.21278	311	0	0	0	0	0	0	0	1
m.26791	181	0	0	0	1	0	0	0	1
m.4094	218	1	1	0	1	1	1	1	1
m.5411	316	1	1	0	0	1	0	1	1
m.8629	370	0	1	0	0	0	0	1	1
m.9925	1408	0	2	0	0	2	1	1	1
m.10289	705	0	1	0	0	0	0	0	0
m.13427	257	1	1	1	0	0	2	0	2
symbB1.EST_k37c20_4968|m.11868	359	2	4	4	4	4	3	3	3
m.15450	862	1	0	0	0	0	0	0	0
m.1567	309	0	0	0	0	0	1	0	0
m.17710	151	0	0	0	1	0	0	1	0
m.29582	292	0	0	0	0	1	0	0	1
m.32269	102	1	1	0	0	1	1	1	0
m.4359	370	0	1	1	0	0	0	0	0
m.5815	262	0	0	0	0	2	1	1	2
symbB1.EST_k37c20_7251|m.17057	1438	4	3	3	3	2	1	3	1
symbB1.EST_k37c20_17410|m.39673	708	2	2	0	0	0	1	2	2
symbB1.EST_k37c20_1477|m.3395	2273	1	1	0	2	1	0	0	1
m.13442	270	0	0	0	0	1	0	1	0
symbB1.EST_k37c20_8208|m.19231	2104	3	1	3	2	1	2	2	1
m.30950	171	1	1	0	0	1	1	1	0
m.16396	363	0	0	1	0	0	1	0	0
m.22947	323	2	2	0	0	1	1	0	1
m.24982	193	0	1	1	3	2	1	0	1
m.26426	199	0	1	0	0	0	1	0	1
m.13443	372	19	23	11	9	21	23	22	24
symbB1.EST_k37c20_46440|m.87105	143	0	0	0	0	0	2	0	1
m.36120	197	0	1	0	0	0	0	0	0
m.450	995	2	1	0	0	1	1	1	1
symbB1.EST_k37c20_15697|m.35743	248	1	1	0	1	0	1	1	1
symbB1.EST_k37c20_29069|m.62725	664	0	0	1	0	0	0	0	0
symbB1.EST_k37c20_51420|m.91961	492	0	0	0	0	0	1	0	0
m.13444	605	4	1	2	3	0	1	0	1
m.22804	144	0	0	1	2	0	0	0	0
m.2997	222	0	0	0	0	0	0	0	1
m.37919	181	1	1	1	0	0	1	1	0
m.585	748	0	0	0	0	0	0	1	0
m.9103	276	1	1	0	0	1	0	1	1
m.9624	266	0	1	0	0	1	1	1	0
m.13448	293	1	1	0	0	1	1	1	1
symbB1.EST_k37c20_15400|m.35107	584	0	0	0	0	0	1	0	1
m.15778	129	0	1	0	0	1	2	1	2
m.20986	292	1	1	0	1	1	3	2	2
m.17688	106	1	1	1	1	0	1	1	0
m.19310	151	0	1	0	0	1	1	0	0
m.20818	279	0	1	0	0	0	0	0	0
m.1346	158	13	11	10	8	11	12	13	10
m.22619	255	1	0	1	1	1	1	1	1
m.26096	232	0	0	1	1	0	0	0	0
m.27731	112	0	0	0	0	0	1	0	1
m.37897	102	1	1	1	1	0	0	0	0
m.6009	1126	1	1	0	0	1	2	1	1
m.6129	534	0	0	0	1	0	0	0	0
m.6781	483	1	1	0	1	1	0	1	1
symbB1.EST_k37c20_12955|m.29796	346	1	1	2	0	2	2	1	1
m.13471	151	1	2	2	2	3	3	2	3
symbB1.EST_k37c20_29965|m.64279	492	1	0	0	0	0	1	0	1
symbB1.EST_k37c20_23403|m.51979	420	0	1	0	0	0	2	0	1
symbB1.EST_k37c20_6753|m.15979	351	1	1	0	0	0	1	1	1
m.11820	1432	1	1	0	1	0	0	0	1
m.11734	369	0	1	0	0	1	1	0	2
m.13475	469	3	1	1	2	1	2	2	0
m.6936	1201	0	0	0	0	0	1	0	0
symbB1.EST_k37c20_22139|m.49456	187	1	2	0	0	1	1	1	1
symbB1.EST_k37c20_9675|m.22458	434	0	0	0	0	1	0	0	0
m.2749	624	0	1	0	0	0	0	0	0
m.4879	605	0	0	0	0	1	0	0	0
m.13476	183	1	3	1	1	0	1	1	1
symbB1.EST_k37c20_2846|m.6706	695	0	0	0	0	1	0	0	0
m.13551	300	1	1	0	0	0	1	1	1
m.24162	164	1	1	0	0	0	1	2	1
symbB1.EST_k37c20_30360|m.65003	1124	0	0	2	2	0	0	1	0
m.10304	278	3	3	4	5	3	3	5	3
m.13486	292	13	15	6	5	20	15	18	14
m.11277	156	1	1	0	0	1	1	0	1
m.2327	164	0	0	0	0	0	1	1	0
m.35586	136	1	1	1	0	1	0	1	0
m.3827	229	0	0	0	0	0	0	1	1
m.37753	190	0	0	0	0	1	0	1	0
m.3720	243	0	0	1	1	0	1	0	0
m.13488	163	1	2	0	1	0	2	1	2
m.5908	242	2	2	2	1	1	2	2	1
m.599	163	0	0	0	0	0	0	1	0
m.1763	638	0	0	0	0	1	0	0	0
m.26381	192	0	0	0	0	0	0	2	0
symbB1.EST_k37c20_26748|m.58435	134	2	2	2	2	2	1	3	1
m.13490	255	4	3	2	2	3	4	1	1
m.29599	227	1	1	1	1	1	1	1	1
m.6992	516	1	1	0	0	0	0	1	0
m.13514	432	3	2	2	1	1	1	1	0
m.9178	193	0	1	0	0	0	0	1	0
symbB1.EST_k37c20_15198|m.34678	996	0	0	1	0	0	1	0	1
symbB1.EST_k37c20_22896|m.50938	501	2	1	1	1	2	2	1	2
m.19148	194	1	0	0	0	0	0	0	0
m.1875	114	1	0	0	0	1	1	0	0
m.13516	189	12	7	7	4	7	7	7	8
symbB1.EST_k37c20_35327|m.73471	400	0	0	2	2	0	0	0	0
symbB1.EST_k37c20_19602|m.44199	473	0	0	0	0	0	2	0	1
m.1355	1555	4	4	4	3	8	8	6	7
m.1474	312	0	0	0	0	0	1	0	0
m.4498	185	0	1	0	0	0	0	0	0
m.9363	503	1	1	0	0	0	1	0	0
m.23889	612	0	0	0	0	2	0	0	1
m.13552	557	1	1	0	0	1	1	1	1
m.22417	185	0	0	0	0	0	0	1	0
m.3200	260	1	1	0	0	0	0	0	1
m.1813	275	0	0	0	0	0	0	1	0
symbB1.EST_k37c20_51549|m.92078	253	0	0	0	0	0	0	0	1
m.13557	339	4	2	1	2	3	2	3	3
m.25982	154	1	1	1	1	2	2	1	1
m.21583	404	1	0	0	0	0	1	1	0
m.13590	549	22	22	12	13	20	22	21	23
m.6225	650	0	0	0	0	0	1	0	1
symbB1.EST_k37c20_1842|m.4423	1008	2	2	1	0	2	1	2	1
m.25428	275	0	0	0	0	1	0	0	0
m.136	295	0	0	0	0	0	0	0	1
m.25379	155	0	0	0	0	1	0	1	0
m.10327	1122	1	2	0	1	1	2	3	2
m.13617	393	1	0	0	0	0	2	0	1
m.1159	503	0	1	0	0	0	0	0	1
m.16099	216	0	0	0	1	0	0	0	0
m.18307	451	0	0	0	0	0	0	1	0
m.37027	210	0	0	0	0	0	0	1	0
m.13680	770	1	1	1	1	0	2	0	0
m.22843	793	1	0	0	0	1	1	1	0
symbB1.EST_k37c20_6952|m.16418	513	0	0	0	0	0	0	0	1
m.1369	374	47	56	20	20	60	61	60	66
m.9983	124	0	0	0	0	0	0	0	1
m.22472	265	0	0	1	0	1	0	0	0
m.38627	122	1	0	0	0	0	0	0	0
m.13710	208	1	1	0	0	1	2	1	1
m.5774	539	1	0	0	1	0	0	0	0
m.15620	573	0	0	0	0	1	1	0	0
m.1894	197	0	0	1	1	0	0	0	0
symbB1.EST_k37c20_22445|m.50090	1279	0	0	2	2	0	0	0	0
m.13720	455	1	1	0	0	2	0	0	0
symbB1.EST_k37c20_33296|m.70072	438	0	0	0	0	0	0	1	0
m.7273	883	1	2	0	0	2	0	1	0
m.13742	710	0	0	0	0	2	0	1	0
m.31335	295	2	2	2	2	1	1	2	1
m.3502	403	0	0	0	0	1	0	1	0
symbB1.EST_k37c20_9128|m.21252	672	0	1	0	0	0	2	2	2
m.13743	311	7	9	3	2	8	6	8	4
m.5787	463	0	1	0	0	0	0	0	0
m.27716	303	0	0	0	0	0	1	0	0
m.13744	138	0	1	1	1	4	5	1	4
m.8921	707	0	0	0	0	0	0	1	0
symbB1.EST_k37c20_24096|m.53328	290	0	0	0	0	0	1	0	1
m.33479	104	1	0	0	0	0	0	0	0
m.13753	335	1	1	1	0	1	2	2	2
m.7201	1122	0	0	0	0	1	0	0	0
m.4019	977	0	1	0	0	0	0	0	0
symbB1.EST_k37c20_16704|m.38084	422	1	0	0	0	0	0	0	1
m.10346	250	0	0	1	0	4	1	1	1
m.13791	176	1	2	2	2	1	2	1	1
m.12784	410	0	0	0	0	0	0	1	0
m.10765	227	2	2	2	2	2	2	2	2
m.27567	293	0	1	0	1	0	0	1	0
m.13811	436	1	3	1	2	3	2	1	1
m.36274	150	0	0	0	0	1	0	0	0
m.13833	263	0	1	0	0	0	1	1	1
symbB1.EST_k37c20_45956|m.86783	429	1	1	1	1	1	1	1	1
m.14949	162	0	0	0	0	0	1	0	0
m.15074	356	1	0	0	0	0	1	1	0
symbB1.EST_k37c20_8055|m.18877	1017	1	1	0	0	0	1	0	1
m.13842	680	14	15	10	11	13	15	14	13
m.22685	890	1	0	0	0	0	0	0	0
symbB1.EST_k37c20_22916|m.50972	768	1	1	1	1	1	2	2	1
m.1020	1917	0	1	0	0	0	0	1	1
m.19692	606	0	0	0	0	0	1	0	1
m.13862	447	0	0	0	0	2	3	2	1
symbB1.EST_k37c20_55947|m.94652	326	0	0	0	0	1	1	1	0
m.13863	1106	11	12	2	2	8	13	11	14
m.139	190	4	3	2	3	3	3	3	2
symbB1.EST_k37c20_33350|m.70148	510	0	0	1	1	0	1	0	0
m.13977	445	20	17	12	9	22	23	21	22
m.37151	120	0	0	0	0	2	0	1	0
m.31640	155	0	0	0	0	0	0	1	0
m.1408	226	6	8	5	4	9	5	8	5
m.14083	1506	1	3	1	2	0	1	1	0
m.10360	636	1	1	1	1	2	1	1	2
m.141	436	30	37	20	20	28	34	29	31
m.14108	268	1	2	1	2	2	1	3	0
m.14109	662	3	2	1	1	2	3	2	2
m.14128	211	16	16	8	9	16	13	17	17
m.1413	338	7	8	4	3	9	7	10	7
m.14152	569	0	2	0	0	1	3	1	1
m.14201	145	1	1	0	0	2	2	1	0
m.14213	220	2	4	1	2	2	2	1	2
m.14242	428	0	0	0	0	0	1	0	0
m.14297	518	2	0	0	0	0	1	1	2
m.10378	725	1	2	0	0	3	3	2	2
m.14312	960	14	12	4	7	17	17	18	15
m.14349	643	0	1	0	0	1	1	1	1
m.14355	846	19	17	6	7	14	20	15	19
m.1436	550	28	30	23	27	37	37	40	37
m.1437	515	0	0	0	0	1	0	0	0
m.14375	119	3	2	0	0	3	2	2	2
m.1440	833	4	3	0	1	3	1	2	1
symbB1.EST_k37c20_2414|m.5717	326	0	0	0	1	0	0	0	0
m.14422	417	2	2	0	0	2	0	2	1
m.14438	273	0	1	0	1	1	2	1	0
m.14458	126	4	4	2	2	4	4	4	3
m.1038	113	4	5	3	3	4	5	5	4
m.14465	536	3	3	1	1	3	4	2	5
m.1447	450	2	1	0	0	1	1	0	1
m.14490	140	2	2	2	2	2	2	2	1
m.1454	475	6	6	2	2	4	5	4	3
m.14543	392	2	1	0	0	1	1	3	2
m.1456	431	2	2	2	1	2	1	1	1
m.14575	826	0	0	0	0	0	1	0	0
m.1461	469	2	2	0	2	2	2	1	2
m.1463	394	3	3	2	1	4	5	4	4
m.14712	256	1	1	1	1	2	2	2	1
m.10387	484	7	6	2	4	6	7	6	7
m.1472	277	5	6	3	3	5	4	4	3
m.1473	555	8	6	3	3	12	9	12	6
m.14738	152	3	3	4	3	4	4	4	4
m.14739	401	2	2	2	1	1	3	4	5
m.14754	356	5	5	5	2	2	4	3	4
m.14756	396	7	6	1	1	9	7	8	8
m.14765	420	2	2	0	1	2	2	4	1
m.1478	617	0	1	0	0	1	2	1	0
m.14813	275	1	1	0	0	1	1	1	1
symbB1.EST_k37c20_34449|m.71982	525	0	1	2	2	0	0	0	0
m.1485	256	6	5	3	3	5	5	5	4
m.104	1674	60	67	22	26	62	61	66	62
m.14875	111	1	1	1	1	1	1	1	1
m.14897	346	1	1	0	0	1	1	2	3
m.14910	573	2	4	1	1	3	5	3	4
m.14914	470	2	2	2	3	3	3	3	3
m.14915	293	30	30	26	20	35	33	31	37
m.14918	406	5	2	1	1	5	2	4	2
m.14920	231	0	0	0	0	1	0	2	0
m.14923	328	4	5	4	3	6	5	5	5
m.14938	965	4	3	1	1	1	4	1	4
m.14952	249	6	7	2	3	6	3	8	7
m.1041	396	4	2	1	1	4	4	2	5
m.14963	1061	22	18	12	10	22	21	15	19
m.14967	111	0	1	0	0	2	3	3	2
m.33414	147	1	0	0	0	0	0	1	0
m.14975	171	1	1	0	0	0	1	1	2
m.17308	285	0	1	2	1	0	0	1	0
m.14983	218	4	3	2	2	7	5	4	6
m.14984	440	6	5	3	4	8	11	8	9
m.14985	790	2	3	1	1	2	0	2	1
m.14987	313	0	3	0	0	0	0	1	1
m.14994	562	1	1	1	1	0	1	1	3
m.14999	503	74	73	49	56	66	78	72	76
m.1042	331	4	3	1	2	4	3	3	4
m.1500	101	3	3	2	1	2	2	3	2
symbB1.EST_k37c20_17187|m.39173	946	0	0	0	1	0	0	0	0
m.15018	456	9	7	8	7	9	10	7	12
m.15026	538	2	4	1	0	1	2	3	1
m.15038	332	1	2	0	0	2	0	1	1
m.1504	136	2	1	0	0	4	3	4	2
m.15047	323	16	16	5	5	11	13	14	14
m.1505	423	4	5	3	4	4	5	6	7
m.15054	242	11	13	8	11	12	13	15	12
m.15063	195	1	1	0	0	3	1	1	1
m.15079	260	16	17	10	11	14	14	16	16
m.15083	267	2	1	1	1	1	0	1	1
m.15096	468	1	3	0	2	2	3	2	1
m.15098	368	6	5	2	2	4	5	4	2
m.151	201	1	1	0	1	1	1	1	1
m.15111	545	26	26	13	15	35	33	36	38
m.15114	369	3	4	2	1	4	5	3	4
m.15121	194	1	0	1	0	1	1	2	1
m.15126	176	1	1	1	1	0	0	1	0
m.15132	728	0	0	2	3	0	0	0	0
m.15134	1205	1	1	1	1	1	2	1	1
m.10457	752	1	1	0	0	1	1	1	1
m.15141	227	8	8	1	2	9	14	10	11
m.15142	273	1	1	0	0	0	1	1	1
m.15155	891	1	3	1	1	3	2	2	1
m.15158	259	1	1	2	0	1	1	1	1
m.15162	152	19	18	7	8	17	21	20	20
m.15166	611	4	4	2	1	2	1	1	5
m.15170	715	9	8	5	5	10	9	8	9
m.15172	116	0	1	1	1	2	2	1	2
m.15175	266	7	6	6	6	7	4	6	3
m.15185	362	20	22	13	9	23	21	22	23
m.10463	220	0	0	1	1	1	1	1	0
m.15189	147	1	2	0	0	1	1	2	2
m.152	115	4	3	2	2	6	4	5	3
m.15200	788	6	6	4	5	8	6	8	7
m.15204	648	17	21	12	16	24	26	25	21
m.15205	198	1	1	0	0	1	1	2	1
m.1522	770	0	0	0	1	1	1	2	2
m.15241	654	6	4	0	1	6	7	7	5
m.15244	481	1	3	1	1	1	1	2	2
m.10468	320	11	10	4	1	8	8	10	8
m.15247	289	4	3	0	2	3	3	4	3
m.1527	299	16	15	6	5	16	17	16	13
m.15279	668	0	1	0	0	0	2	1	2
m.15280	205	2	4	0	0	1	1	2	2
m.15290	959	11	7	3	5	9	8	10	7
m.153	398	2	1	0	0	2	3	1	3
m.1530	391	5	6	1	1	8	6	9	6
m.15306	507	1	1	0	0	0	0	1	0
m.15314	289	1	1	0	0	1	1	0	1
m.28786	108	0	0	1	1	1	0	0	0
m.15316	161	2	2	1	1	2	3	2	2
m.10472	547	5	3	5	6	4	7	5	8
m.15323	305	6	6	1	1	10	9	8	7
m.15325	4828	2	2	0	0	1	1	1	0
m.15331	209	6	4	0	2	5	7	10	7
m.15370	180	14	19	12	12	12	22	17	20
m.15377	555	21	21	11	14	21	20	20	21
m.15396	329	3	3	1	1	3	3	4	3
m.15400	429	8	6	5	5	7	5	7	6
m.15409	308	1	0	0	1	1	1	1	0
m.15449	425	2	1	0	0	2	2	1	2
m.15457	489	1	3	0	0	3	1	1	3
m.10484	222	1	1	0	0	0	1	0	1
m.1547	193	4	4	2	2	4	4	3	3
m.15471	509	4	4	2	1	5	7	6	7
m.15484	173	0	0	0	0	1	0	1	0
m.15491	328	0	2	0	0	0	1	0	1
m.15526	304	4	4	1	1	4	3	4	4
m.15544	155	2	3	0	0	4	3	4	5
m.15573	170	0	0	0	1	1	1	1	2
m.15586	275	6	5	5	5	7	9	5	7
m.1560	548	10	14	5	4	6	8	7	6
m.15618	675	2	2	0	0	1	2	1	2
m.10496	298	9	10	2	4	5	9	9	8
m.15633	448	37	34	24	26	40	43	46	40
m.15646	189	0	0	0	0	0	2	0	0
m.15686	206	3	3	3	1	3	4	3	3
m.15693	310	3	3	3	4	4	7	5	6
m.15700	399	5	4	2	3	5	6	5	5
m.15722	235	16	17	10	11	20	17	21	17
m.15724	695	4	3	1	1	1	3	2	6
m.15750	815	1	0	0	0	1	0	1	0
m.15756	276	0	0	0	0	0	0	0	1
m.1576	513	7	7	5	5	5	7	7	7
m.10499	214	2	1	0	0	1	1	2	3
m.15763	343	0	0	0	0	3	2	1	2
m.15764	225	5	4	3	2	3	3	4	4
m.15803	206	2	1	0	0	0	3	1	2
m.1582	284	1	2	1	0	2	1	2	2
m.15822	319	0	1	0	0	1	0	1	0
m.1583	327	6	5	4	2	7	6	7	4
m.15839	183	7	6	4	4	7	6	5	4
m.15850	195	1	1	0	0	1	1	1	1
m.15857	420	4	4	1	1	5	3	6	3
m.1054	285	5	9	4	5	5	10	8	9
m.15899	456	1	1	1	0	3	3	1	3
m.1592	810	2	2	1	0	2	0	4	1
m.15923	2429	12	13	5	5	15	23	17	21
m.15941	522	0	3	0	1	1	1	2	1
m.15962	187	1	1	0	0	0	0	0	0
m.1600	347	0	0	0	0	1	0	0	0
m.16005	488	3	3	3	4	2	1	2	2
m.16009	808	2	2	2	1	4	3	2	3
m.16029	467	1	2	0	0	0	0	1	1
m.16036	305	2	5	3	2	2	6	3	4
m.10558	176	2	4	0	0	3	1	2	1
m.16060	768	2	1	0	0	3	1	1	2
m.16119	234	1	1	0	0	1	2	2	1
m.16132	345	2	1	1	1	1	2	0	3
m.16180	508	4	0	1	1	1	1	3	2
m.16211	276	0	0	0	0	0	0	1	1
m.16222	296	1	0	0	0	0	1	2	1
m.16226	279	1	1	2	0	3	2	1	1
m.16233	161	10	8	1	2	7	6	4	6
m.16246	388	2	3	0	1	2	3	0	3
m.16258	131	0	0	0	0	0	1	0	0
m.10560	427	6	7	6	7	9	6	10	7
m.1626	326	5	5	3	3	4	8	5	7
m.16276	140	0	0	0	0	0	1	0	0
m.16281	177	0	1	0	0	1	1	1	1
m.16282	297	2	2	0	0	1	2	2	1
m.16309	388	3	1	2	1	2	3	3	4
m.16319	224	1	1	0	0	0	1	0	0
m.16423	301	1	1	0	0	2	1	1	2
m.16425	264	0	1	0	0	1	1	1	1
m.16446	276	0	0	0	0	1	1	0	1
m.16449	935	12	11	4	2	12	12	12	12
m.1652	495	25	26	11	10	29	26	26	23
m.16526	293	1	1	0	0	1	3	1	2
m.1655	411	4	4	0	0	1	2	4	4
m.16552	236	0	0	0	0	1	0	1	0
m.16570	215	1	1	0	0	1	1	1	1
m.16591	233	4	2	2	2	3	3	2	2
m.16598	409	0	3	0	0	2	2	2	2
m.166	168	1	1	0	0	1	1	1	0
m.1664	421	2	0	0	0	0	0	2	1
m.16651	319	2	1	1	1	2	2	2	2
m.10575	652	1	2	0	1	1	1	1	2
m.16692	411	9	6	3	4	11	12	13	10
m.16730	536	1	1	0	0	0	0	0	0
m.16736	134	2	0	0	0	3	2	3	1
m.1680	375	2	2	1	1	2	3	2	1
m.1685	362	1	0	1	1	1	0	1	0
m.16859	1199	5	5	1	1	1	1	3	2
m.16863	391	0	0	0	0	0	0	0	1
m.1688	655	5	5	2	1	1	2	4	1
m.16887	302	0	0	0	1	0	0	0	0
m.1	362	0	1	0	0	2	0	1	1
m.10597	345	1	1	0	0	0	0	0	0
m.16910	2217	15	19	6	9	16	12	16	17
m.16994	221	14	15	7	9	17	10	13	10
m.16997	579	36	35	16	13	31	38	34	36
m.17002	969	2	3	1	1	1	2	2	0
m.17007	211	1	3	0	0	2	2	1	3
m.17032	119	1	1	0	0	1	3	1	1
m.1706	388	2	2	0	0	2	2	1	1
m.17099	205	3	3	1	1	3	3	4	4
m.171	2522	0	0	1	0	1	1	0	2
m.1060	147	2	2	1	1	3	3	5	2
m.17101	439	7	8	7	4	11	7	8	5
m.17110	253	1	0	0	0	0	0	1	0
m.17128	1219	2	1	0	0	5	2	2	0
m.1714	264	1	0	0	0	0	1	0	0
m.17144	187	2	1	2	0	2	2	2	1
m.17166	360	1	1	0	0	0	1	1	1
m.17237	424	1	0	0	0	0	0	0	0
m.1729	398	1	1	1	1	3	2	3	2
m.17323	421	23	24	11	10	23	26	22	25
m.10621	420	4	4	3	3	2	3	3	1
m.17346	797	1	2	0	0	2	1	2	1
m.17423	295	0	0	1	0	0	0	0	0
m.17427	215	9	10	3	2	7	7	7	7
m.17452	658	0	0	0	1	0	0	0	0
m.17466	666	23	25	9	8	20	21	21	22
m.17476	386	4	4	1	1	3	3	2	3
m.17491	193	2	2	2	2	3	3	2	3
m.17493	334	0	0	2	1	0	0	0	1
m.17496	405	4	6	2	0	4	5	5	5
m.17509	429	3	3	1	0	1	3	1	3
m.17514	369	1	2	1	1	1	2	1	2
m.17521	185	12	12	6	5	14	18	12	15
m.17527	348	1	1	1	0	2	1	1	2
m.17538	642	1	0	0	0	0	0	0	0
m.17547	505	4	4	2	2	6	4	4	6
m.17553	123	2	1	1	1	0	1	0	1
m.17560	348	4	4	4	3	5	4	4	5
m.17562	293	1	1	0	1	1	0	1	1
m.17572	133	5	7	1	2	4	6	4	4
m.1069	424	5	4	3	3	5	2	5	3
m.17582	562	9	8	2	2	6	10	7	6
m.17587	233	1	0	0	0	1	1	1	1
m.17594	254	1	1	0	0	2	0	1	1
m.17595	424	8	7	4	4	5	5	6	6
m.17609	155	4	4	3	2	4	5	3	4
m.1761	2437	11	12	9	7	9	9	11	8
m.17619	306	1	2	0	1	1	0	0	0
m.17634	303	1	1	0	1	3	2	3	3
m.17635	354	0	0	0	0	0	1	0	2
m.17642	405	1	2	2	1	2	3	5	4
m.10693	451	0	1	1	0	1	1	1	3
m.17653	215	7	7	4	4	7	10	8	10
m.17655	964	12	9	1	2	8	6	10	8
m.17662	137	3	2	1	2	4	4	5	4
m.17682	122	2	2	0	0	2	2	2	2
m.17683	465	0	1	0	0	0	0	0	0
m.17686	418	0	0	0	0	0	1	1	0
m.17718	670	8	7	2	3	13	11	9	9
m.17738	499	1	0	0	0	1	0	0	0
m.17739	255	13	14	7	5	12	10	10	12
m.17769	574	4	4	1	2	2	3	5	1
m.107	99	7	6	2	2	8	8	8	7
m.1777	810	1	0	0	0	1	1	0	1
m.17776	322	6	4	2	2	3	4	4	5
m.17784	409	0	0	0	0	0	0	1	1
m.17794	846	18	18	4	3	22	17	22	19
m.17804	580	8	5	6	4	12	13	9	10
m.17812	263	3	1	0	0	1	1	1	2
m.17821	322	28	27	20	20	31	25	30	30
m.17836	548	1	1	1	0	0	2	1	1
m.17853	531	0	0	0	0	1	0	0	0
m.10714	429	11	6	3	3	7	7	8	7
m.17857	135	1	1	0	0	2	1	2	3
m.17859	221	0	1	2	1	2	0	1	1
m.17895	500	5	6	4	2	5	2	4	2
m.17897	385	3	3	1	3	7	4	8	4
m.17910	625	1	2	1	0	1	2	1	1
m.17927	304	1	0	0	0	0	0	0	0
m.1793	310	3	3	0	1	2	2	2	2
m.1796	557	10	12	6	6	11	12	11	12
m.10723	443	3	2	0	0	3	2	3	2
m.17962	105	0	1	0	0	2	2	2	1
m.17970	233	1	1	0	0	1	1	1	0
m.17977	658	2	3	0	1	2	1	3	2
m.17984	639	14	16	4	3	11	13	14	17
m.17992	724	11	10	2	4	13	13	15	13
m.180	623	0	2	1	0	2	2	2	1
m.18001	225	0	0	0	0	0	1	1	0
m.18009	870	0	0	0	0	1	1	1	1
m.1802	545	2	0	0	0	1	0	1	0
m.18040	327	8	8	8	8	6	8	6	7
m.10726	1630	2	5	1	0	4	3	3	5
m.18048	376	13	11	4	4	11	11	8	10
m.18060	194	2	5	1	1	3	2	3	3
m.18062	181	6	7	2	2	8	7	7	7
m.18064	292	1	0	0	0	2	1	0	1
m.18070	421	6	4	2	2	4	4	7	5
m.1811	272	2	2	0	0	4	5	2	2
m.18144	177	3	2	2	2	4	1	4	2
m.18155	470	7	4	1	2	4	6	5	6
m.18216	767	2	3	1	1	1	3	3	2
m.1000	214	27	27	14	13	23	22	28	29
m.1073	371	3	2	1	0	4	4	2	4
m.18280	786	1	1	0	0	1	0	0	0
m.18336	196	0	0	0	1	0	1	0	0
m.1834	596	6	9	2	0	5	8	7	9
m.18355	140	5	5	4	3	4	6	6	6
m.18359	423	1	1	0	0	3	2	0	2
m.18362	249	3	4	3	3	4	4	5	4
m.18370	247	1	1	0	0	2	2	2	1
m.18387	243	3	2	1	1	1	3	2	3
m.18428	171	0	1	0	0	1	2	2	1
m.18439	485	2	2	0	1	2	1	2	1
m.1074	292	0	1	0	0	1	0	1	0
m.18470	326	6	4	3	2	4	4	8	5
m.18491	290	1	1	0	0	0	0	0	0
m.18493	251	2	4	2	1	4	1	3	2
m.1850	391	6	6	1	1	6	4	6	5
m.18531	393	1	1	0	0	1	1	2	0
m.18550	321	3	2	0	0	3	2	2	1
m.18553	252	11	11	8	8	12	12	14	13
m.18556	357	11	13	9	8	14	20	14	18
m.18584	365	1	1	0	1	1	1	1	1
m.18586	202	4	3	0	1	3	1	3	2
m.10744	282	4	5	1	2	7	4	7	4
m.18614	518	2	0	1	0	0	0	1	0
m.1862	270	1	1	1	0	0	0	1	0
m.1866	1135	7	7	2	3	7	5	8	5
m.1881	292	16	20	7	8	23	26	26	23
m.18818	131	0	0	0	0	2	1	3	0
m.18819	1444	22	19	11	13	24	22	21	18
m.18825	839	30	33	21	22	28	30	31	28
m.18834	354	8	8	5	5	10	9	7	7
m.18862	137	4	3	1	1	3	5	2	3
m.10763	330	0	0	0	0	1	1	0	1
m.1889	383	2	1	0	1	1	1	2	1
m.18969	102	0	2	0	1	3	1	3	0
m.1897	265	3	2	1	2	4	2	3	3
m.18995	284	0	1	0	0	0	1	0	0
m.1903	378	3	3	2	2	4	2	2	2
m.19080	266	2	0	0	2	0	0	1	1
m.19151	186	6	11	7	6	6	8	7	8
m.1916	493	1	1	0	0	1	1	1	2
m.19161	269	1	1	0	0	2	1	0	1
m.19191	287	1	1	0	0	1	0	0	1
m.19195	126	3	2	3	2	5	3	2	2
m.19225	469	1	2	0	1	1	2	2	2
m.1925	184	1	1	0	0	0	0	0	0
m.1936	223	1	1	1	1	2	1	2	3
m.19365	277	6	4	3	2	4	5	4	5
m.19407	438	0	0	1	0	1	0	2	0
m.19416	143	7	7	6	5	5	6	5	6
m.19419	213	2	0	1	0	1	0	1	1
m.19446	282	1	1	0	1	1	1	2	1
m.10807	572	31	32	14	16	28	31	34	32
m.19455	354	0	0	2	1	1	2	1	1
m.19460	144	2	3	1	1	1	0	1	2
m.19487	501	4	3	0	0	3	2	3	4
m.19494	241	0	1	1	0	0	1	0	0
m.19495	508	3	2	4	3	4	9	5	3
m.1950	311	0	1	0	0	3	0	1	1
m.19503	183	2	2	1	0	2	1	1	1
m.19504	313	0	0	0	2	0	0	1	1
m.19510	516	16	20	6	8	25	26	25	28
m.19514	1648	2	2	2	1	1	2	1	1
m.10812	189	3	5	4	3	3	2	3	3
m.19534	303	0	1	1	0	1	2	3	1
m.19543	104	4	3	2	1	3	3	3	3
m.19558	268	5	3	4	5	4	4	5	4
m.19580	222	1	3	0	0	5	3	7	4
m.19592	449	1	1	0	0	1	1	2	1
m.19597	531	8	10	4	4	8	7	10	7
m.19598	1537	3	2	1	0	2	1	2	2
m.196	258	3	3	1	2	2	2	3	1
m.19610	677	4	3	2	4	5	5	1	5
m.19621	362	0	1	1	2	3	1	1	3
m.10817	422	1	1	0	1	0	0	1	1
m.19643	262	0	2	1	1	1	0	0	0
m.19657	547	2	2	1	1	1	2	1	2
m.19685	242	4	3	2	3	2	3	3	1
m.19688	311	0	1	0	0	0	1	1	1
m.19704	127	4	1	5	3	2	2	1	2
m.19726	448	1	1	1	1	1	1	1	1
m.19748	107	1	1	1	0	2	0	0	0
m.19768	178	3	3	0	1	2	2	2	1
m.19801	196	0	0	0	1	0	0	0	0
m.19805	110	5	6	5	5	6	4	7	6
m.10818	372	1	1	0	0	5	2	5	2
m.1981	122	1	1	1	1	3	2	0	1
m.19866	117	0	0	0	0	2	3	1	2
m.19871	271	0	0	0	0	1	0	0	0
m.19899	782	1	1	1	1	1	0	2	2
m.19927	386	3	5	1	2	2	2	3	1
m.19936	369	0	1	0	0	0	0	0	2
m.19949	302	1	3	1	2	1	2	1	1
m.1996	868	16	15	4	2	16	21	16	15
m.19966	302	7	8	4	5	10	5	6	5
m.19978	746	5	6	3	1	7	7	7	8
m.10831	206	3	4	2	3	4	3	4	5
m.19983	183	4	4	2	2	4	3	7	3
m.19991	861	12	12	5	7	15	14	10	11
m.19993	588	1	0	1	1	1	1	0	0
m.2	157	5	6	2	2	5	5	3	6
m.200	1142	25	31	14	17	23	25	25	26
m.20009	465	1	1	0	0	0	1	1	1
m.20013	565	16	17	7	12	18	18	20	18
m.20024	272	2	1	0	1	0	0	0	0
m.20030	173	1	1	0	0	3	2	2	2
m.20041	230	20	19	15	15	24	16	23	17
m.10009	206	2	2	1	0	2	3	3	3
m.10852	208	2	2	0	1	1	1	4	1
m.20048	384	3	3	2	1	4	3	4	3
m.20062	124	2	1	1	1	2	2	1	2
m.20081	531	3	3	0	1	4	8	3	6
m.20118	478	0	0	0	0	0	1	0	0
m.2012	191	0	0	1	1	0	0	0	0
m.20145	264	1	1	0	0	1	1	1	2
m.20155	114	1	0	1	1	0	1	0	2
m.20175	165	3	1	0	0	1	3	1	2
m.10862	241	0	1	0	0	1	0	1	0
m.20195	410	3	3	0	0	0	2	0	2
m.2022	539	0	1	0	0	2	2	1	0
m.20253	281	2	2	0	0	3	3	2	2
m.2026	290	3	3	1	0	1	3	1	1
m.20317	123	1	1	0	0	0	1	1	0
m.2032	373	10	13	7	8	9	10	12	14
m.20374	285	2	2	1	1	1	3	1	1
m.20468	481	1	1	0	0	0	0	0	1
m.10883	471	8	7	2	5	10	11	12	7
m.20487	290	1	0	0	1	0	2	1	1
m.2050	233	2	3	1	2	2	2	3	3
m.20509	361	2	1	2	2	2	2	3	3
m.20599	102	3	2	1	2	3	3	3	3
m.20656	236	2	2	2	2	2	1	5	2
m.2067	217	4	5	0	0	3	6	2	3
m.20828	231	2	2	0	0	2	2	2	2
m.20898	435	4	2	1	2	3	6	3	5
m.20916	317	6	7	6	6	8	8	8	6
m.1089	117	8	7	4	3	6	6	6	6
m.20918	315	2	2	0	0	4	2	2	3
m.20924	380	7	8	3	3	4	9	7	11
m.20941	628	3	2	1	1	5	3	6	5
m.20945	770	3	3	2	2	2	1	1	2
m.20951	166	3	2	3	3	3	5	2	5
m.20959	229	9	9	5	5	9	8	9	11
m.20978	138	7	5	6	6	7	8	7	6
m.21	461	35	40	15	14	48	42	45	41
m.10893	298	17	23	13	12	18	14	15	14
m.21000	372	7	5	5	4	4	7	2	3
m.21002	259	0	0	0	1	0	0	0	0
m.21018	369	0	1	0	0	0	0	1	0
m.21023	149	1	1	0	0	0	1	0	1
m.21024	188	0	0	0	0	2	1	2	0
m.21046	141	1	1	1	1	1	1	1	1
m.21047	294	1	3	0	0	3	3	2	3
m.21049	288	1	2	1	0	2	1	3	0
m.21056	322	1	1	0	0	0	1	2	2
m.21064	264	0	0	0	0	0	0	0	1
m.10905	398	5	4	2	4	3	5	3	7
m.2107	529	5	5	1	3	4	7	4	3
m.21070	221	1	1	0	0	1	1	1	0
m.21074	449	8	11	5	7	8	12	8	10
m.21131	238	1	1	0	1	0	0	1	2
m.21152	377	4	5	2	3	3	4	2	5
m.21179	265	9	8	3	3	5	8	6	8
m.21180	384	2	2	0	0	2	1	4	1
m.212	347	2	2	0	1	2	2	2	0
m.21240	415	3	2	0	0	3	4	2	3
m.10920	962	1	1	0	0	0	0	0	0
m.21267	565	4	2	0	1	4	2	4	2
m.21268	784	0	1	1	1	1	2	0	2
m.21281	322	1	0	0	0	0	0	0	0
m.21294	335	0	0	0	0	1	1	0	0
m.21313	552	5	8	3	5	7	9	9	9
m.21336	339	1	0	0	0	0	1	0	1
m.2136	361	0	1	0	0	0	0	0	0
m.21372	330	2	3	0	0	2	2	1	2
m.21379	246	6	6	5	5	10	5	9	9
m.21388	376	1	0	0	0	0	0	0	0
m.10938	346	4	6	1	2	4	4	5	6
m.21438	701	6	6	3	1	4	8	6	7
m.21457	115	7	6	2	1	6	6	6	6
m.2146	314	2	1	0	0	1	2	1	2
m.2147	314	1	3	0	0	3	3	4	6
m.21474	364	0	1	0	0	0	0	1	0
m.215	195	10	9	6	6	13	9	11	12
m.21521	685	1	0	1	0	2	2	1	0
m.21529	322	0	0	0	0	0	1	0	0
m.21538	175	1	3	1	0	1	2	1	3
m.21596	525	7	11	6	6	13	11	16	11
m.10944	532	0	1	0	1	1	1	0	0
m.2164	240	1	1	0	0	0	2	1	2
m.21654	118	6	6	2	2	3	3	6	4
m.21674	280	0	1	0	0	1	1	0	0
m.21683	274	0	0	1	0	1	0	1	1
m.217	121	8	9	6	6	8	9	8	8
m.21702	178	0	0	1	0	0	0	1	0
m.2171	309	1	1	0	0	0	0	0	0
m.21710	219	1	2	1	0	1	1	1	1
m.21772	262	1	1	0	0	1	1	1	1
m.21798	281	0	1	1	1	0	0	0	1
m.10974	566	7	8	1	1	9	7	9	9
m.21812	233	1	1	0	0	2	0	2	1
m.21819	1189	1	1	0	0	0	1	1	1
m.21842	395	14	13	8	7	11	12	9	11
m.2185	737	0	0	0	0	1	2	1	0
m.21911	295	1	0	0	0	0	1	0	0
m.21939	120	3	3	0	1	1	3	3	2
m.21954	305	3	1	2	2	1	1	3	0
m.22085	331	6	5	2	2	3	5	2	3
m.2212	675	3	1	1	1	0	1	1	1
m.10015	205	6	6	4	3	6	8	5	7
m.10998	251	1	0	0	0	0	0	0	0
m.22127	173	1	2	1	1	2	2	1	1
m.22180	238	2	1	2	2	3	1	3	2
m.22205	653	5	7	1	1	7	8	6	4
m.22274	438	6	7	5	5	4	5	5	4
m.22282	310	10	14	4	6	10	12	13	12
m.2229	343	1	1	0	0	1	1	1	0
m.22295	361	0	1	0	0	0	1	0	1
m.223	287	4	4	0	0	5	4	4	4
m.22300	797	1	1	1	1	1	1	1	0
m.22307	275	8	8	3	3	7	5	8	7
m.110	1165	41	40	31	30	46	37	44	37
m.22365	587	3	3	1	1	3	2	2	2
m.22392	222	12	9	2	2	7	8	8	9
m.22394	559	7	10	4	4	8	7	7	10
m.22405	246	4	5	2	2	3	4	4	4
m.2241	107	3	3	2	3	3	2	3	2
m.22412	708	2	2	0	0	2	2	1	2
m.22416	142	0	2	0	0	2	1	3	1
m.22424	314	7	4	4	2	6	6	7	5
m.22427	401	2	2	0	0	1	0	1	0
m.22434	265	0	0	0	0	2	0	1	1
m.1100	513	3	1	0	1	1	2	1	2
m.2244	1940	2	2	2	3	2	4	2	4
m.22447	261	2	2	1	1	2	3	2	4
m.22473	320	1	0	0	0	0	0	0	0
m.2249	195	1	2	0	0	1	1	1	1
m.22518	514	0	1	2	0	1	2	1	1
m.22539	256	1	2	0	0	2	0	2	1
m.22542	615	86	87	45	44	93	84	98	77
m.22547	139	2	2	1	2	2	3	2	3
m.22549	514	2	4	0	0	4	3	6	2
m.1103	1107	1	0	0	0	2	0	0	1
m.22580	202	3	1	1	1	1	1	3	1
m.22589	501	1	0	0	0	0	1	0	1
m.22603	222	0	0	0	0	1	0	1	0
m.2262	545	1	0	0	0	0	0	1	0
m.22620	173	0	0	0	0	1	0	1	0
m.22659	359	1	1	0	0	1	1	1	1
m.22676	166	0	1	0	0	1	1	0	1
m.22691	209	2	0	0	0	2	2	2	2
m.227	359	11	12	7	6	10	8	11	9
m.22707	617	1	1	1	2	4	2	4	2
m.11035	299	3	2	1	1	1	0	2	0
m.2278	237	2	1	1	1	1	1	1	0
m.22782	553	16	14	6	10	20	18	19	20
m.22799	396	1	1	1	0	0	1	0	0
m.22806	335	0	0	0	0	0	0	0	1
m.22810	245	1	2	0	1	2	2	4	2
m.22850	470	1	0	2	0	1	1	1	0
m.22904	580	7	6	2	3	8	6	9	9
m.22921	1220	1	2	0	0	1	2	0	0
m.22944	994	19	17	8	6	20	18	19	15
m.22952	530	6	8	2	0	5	7	5	5
m.11045	121	3	2	1	1	1	2	3	3
m.22977	195	1	1	0	0	1	1	1	1
m.230	211	7	9	7	7	7	8	8	8
m.23037	263	9	9	6	5	7	7	8	7
m.23042	858	5	3	2	1	6	4	4	2
m.23072	302	3	2	2	1	3	2	2	3
m.23079	454	4	1	0	0	1	0	1	0
m.2309	217	1	1	0	0	0	0	1	0
m.23101	403	1	1	1	0	1	1	2	1
m.23103	397	0	1	0	0	1	0	1	0
m.23134	126	0	1	2	4	4	1	2	1
m.11093	943	0	0	0	0	0	1	0	0
m.2316	597	1	1	0	1	0	2	2	2
m.2317	307	3	2	2	1	3	3	3	3
m.23218	266	0	1	0	0	1	0	0	1
m.23233	725	3	6	0	0	4	3	4	3
m.23247	172	2	2	1	1	3	2	1	1
m.23275	219	3	1	0	0	4	2	2	0
m.23281	165	0	0	0	1	1	1	0	0
m.23371	196	2	2	0	0	3	2	3	0
m.23377	644	1	1	3	3	1	2	1	1
m.11100	1144	6	5	5	3	7	7	8	8
m.23397	127	4	4	0	0	4	4	4	4
m.23436	547	1	3	0	0	2	0	1	0
m.2349	652	1	1	0	1	1	0	1	1
m.2353	1773	2	2	1	1	4	2	3	3
m.23560	575	3	3	3	3	2	2	4	3
m.23572	144	0	0	0	0	1	0	2	0
m.23575	291	1	1	0	0	1	1	1	1
m.23588	389	3	1	0	0	1	1	3	2
m.23599	895	64	69	37	38	67	58	59	64
m.2360	1533	7	11	3	3	9	6	8	6
m.11107	150	10	9	0	0	10	10	12	9
m.23602	166	3	3	3	4	5	4	7	5
m.23607	647	15	13	4	4	12	13	11	12
m.23611	241	12	8	6	7	10	11	10	14
m.23613	106	2	0	1	0	2	3	2	3
m.23626	176	3	3	2	3	2	2	3	3
m.23629	351	5	3	2	3	5	3	2	2
m.23632	169	3	2	1	1	4	2	2	2
m.23661	550	3	2	0	0	3	3	2	3
m.23668	113	0	0	0	0	0	1	1	2
m.23671	219	9	8	3	4	7	9	9	9
m.11149	227	9	9	3	4	8	8	6	10
m.23676	166	3	3	1	1	4	3	4	3
m.23681	182	0	0	0	0	0	0	1	0
m.23685	446	28	25	21	21	37	39	35	30
m.23696	547	0	0	0	0	0	0	0	1
m.23699	552	13	13	11	9	15	11	16	15
m.23708	164	3	3	1	1	2	2	3	3
m.23716	147	7	8	7	4	9	9	8	8
m.23728	760	2	3	0	1	3	3	2	3
m.23737	412	6	3	4	2	6	7	4	4
m.23776	270	3	2	1	3	4	6	3	4
m.1002	498	0	0	0	0	1	2	1	1
m.11152	593	1	1	0	0	1	0	1	0
m.23795	157	0	0	0	0	2	0	0	0
m.23814	289	2	1	0	2	1	2	1	3
m.23817	738	1	1	0	1	1	1	3	0
m.23821	306	21	18	13	14	22	22	20	19
m.23824	188	4	5	3	4	2	2	3	3
m.23856	894	0	0	0	0	0	1	0	0
m.23859	213	0	0	0	0	0	0	1	1
m.23867	427	1	1	0	0	2	2	1	2
m.23926	521	2	2	0	0	1	1	2	1
m.11180	213	0	2	0	0	0	0	0	0
m.23962	496	1	2	0	0	5	2	3	4
m.23996	320	1	2	0	0	2	1	1	2
m.23997	257	3	2	2	1	2	1	2	1
m.24011	345	2	2	0	1	2	2	3	2
m.24029	442	2	5	1	0	1	2	2	3
m.24046	310	2	2	2	1	1	0	2	2
m.24081	202	0	2	0	0	2	2	1	1
m.24092	176	4	4	1	1	5	3	4	4
m.24113	335	3	3	0	1	3	3	3	3
m.2412	527	1	1	0	1	0	1	2	1
m.11210	170	2	2	0	0	2	2	2	2
m.24170	270	4	2	2	1	1	1	1	2
m.24183	283	1	1	0	1	1	1	1	1
m.24205	912	1	0	0	0	1	1	0	1
m.24219	687	10	6	4	3	5	6	3	4
m.24221	132	2	1	1	2	2	2	1	2
m.2423	566	1	2	0	0	0	1	0	0
m.24247	254	1	1	0	0	1	1	1	2
m.24266	335	1	0	0	0	0	0	0	0
m.24267	357	1	0	0	0	2	2	2	2
m.1126	148	5	5	3	2	2	3	3	6
m.24308	388	1	1	0	0	2	2	1	3
m.24310	205	1	1	1	0	1	1	0	3
m.24316	262	0	1	0	0	0	1	3	1
m.2433	832	3	3	0	0	3	2	2	5
m.24351	185	0	0	0	0	2	1	2	0
m.24356	255	2	1	0	0	1	0	1	2
m.2438	9514	17	15	4	6	23	11	26	6
m.24423	342	2	3	2	2	3	3	3	4
m.24437	139	2	0	2	1	1	1	0	2
m.24493	298	1	1	0	1	1	1	1	0
m.11265	213	3	1	1	1	3	1	2	3
m.245	272	1	1	1	0	1	1	1	1
m.24620	241	12	15	13	13	12	10	15	13
m.247	406	2	2	1	1	1	3	1	2
m.24718	184	1	1	0	0	1	1	1	1
m.24722	174	1	2	0	0	1	1	2	2
m.2473	459	2	2	0	0	4	2	5	2
m.24916	265	1	0	0	0	1	0	1	1
m.24936	844	0	1	0	0	0	2	0	0
m.24947	295	9	7	3	4	11	7	9	11
m.11289	232	0	0	1	1	1	1	2	1
m.24948	811	2	3	1	2	3	1	1	2
m.2495	336	1	1	0	0	0	1	0	1
m.24964	992	9	6	3	4	10	9	8	8
m.24975	251	5	5	3	3	2	2	3	3
m.2503	175	1	1	0	1	2	2	2	2
m.25033	304	0	1	0	0	2	1	2	1
m.25041	188	1	1	0	2	2	1	1	1
m.25047	221	2	2	2	2	2	2	2	2
m.25060	237	3	3	1	1	3	3	2	4
m.251	263	14	15	10	11	19	16	18	19
m.11298	283	1	1	0	0	2	2	2	1
m.25100	471	4	5	1	1	4	3	3	3
m.25115	481	2	2	3	3	2	0	4	1
m.25121	520	2	2	0	0	2	0	2	0
m.25136	500	2	3	0	0	1	2	2	1
m.25139	549	3	5	2	1	7	4	6	3
m.25151	247	1	0	0	0	2	0	0	0
m.25153	155	2	1	1	1	2	5	2	2
m.25176	115	3	2	2	1	2	2	2	1
m.25195	896	1	2	0	0	0	1	0	1
m.11307	740	1	0	0	0	0	0	1	0
m.2520	559	4	3	1	1	4	5	6	5
m.25218	280	6	5	2	2	15	6	16	9
m.25233	301	5	3	1	2	3	3	3	5
m.25244	393	2	2	0	0	2	3	0	3
m.25260	257	1	1	0	0	1	1	1	1
m.25270	173	3	2	1	1	1	1	1	1
m.2531	239	9	7	2	3	9	8	10	9
m.25325	239	0	2	2	1	2	2	1	2
m.25376	167	1	1	1	1	2	1	1	1
m.11319	252	1	0	0	0	1	1	1	1
m.2539	1354	2	1	0	1	3	2	3	2
m.25410	350	6	9	4	2	7	7	6	7
m.2542	649	14	16	11	11	16	13	16	14
m.25447	912	5	7	0	0	2	4	3	3
m.25449	552	0	1	0	0	0	1	0	1
m.25457	512	0	0	0	0	0	1	1	0
m.255	815	15	11	4	3	12	11	15	9
m.25538	553	1	2	0	1	2	2	4	3
m.25546	453	4	4	3	0	8	10	7	9
m.1133	280	0	0	0	1	0	3	2	0
m.25552	512	0	0	0	0	0	1	0	1
m.25564	220	1	1	1	1	1	1	2	2
m.2558	405	1	1	0	0	0	1	0	1
m.25638	115	1	1	3	3	2	1	2	2
m.25678	189	12	11	6	5	11	9	12	10
m.25703	334	0	0	0	0	0	0	0	2
m.25715	184	0	0	0	0	0	0	0	1
m.25727	713	2	1	0	1	2	0	1	0
m.25798	273	0	1	0	0	0	0	1	0
m.25801	239	6	8	6	8	7	6	7	6
