PROTID	PROTLEN	0	0	0	0	1	1	1	1
m.10038	212	1	3	4	3	0	0	1	1
m.11340	155	3	2	3	2	3	3	4	4
m.25826	146	14	15	11	13	9	12	13	12
m.25869	277	3	4	2	3	1	1	2	2
m.25912	450	1	2	1	0	0	0	0	0
m.25930	109	1	1	2	1	1	0	3	2
m.25949	781	3	3	3	2	0	0	2	3
m.2600	343	5	6	7	7	1	2	5	7
m.26006	448	60	62	70	71	48	40	51	49
m.26013	535	2	1	3	0	2	0	1	1
m.26049	373	1	4	1	1	0	0	1	3
m.1135	538	14	14	8	7	8	4	10	10
m.26080	182	3	2	1	0	0	1	1	2
m.2609	814	3	4	3	5	0	0	3	4
m.26093	209	2	2	2	2	1	2	2	2
m.2611	732	12	12	5	8	8	7	11	13
m.26158	399	8	8	7	5	2	2	7	8
m.26179	500	2	1	0	2	1	1	2	1
m.26235	513	3	3	4	2	0	0	1	1
m.26261	222	1	2	0	2	0	0	1	1
m.26278	149	3	3	3	1	0	0	0	0
m.2633	542	0	2	1	2	0	0	0	2
m.11354	351	5	6	5	5	5	3	5	3
m.26336	389	2	3	3	2	2	1	3	5
m.26339	197	3	3	3	3	1	3	3	3
m.26379	171	3	5	4	3	3	0	5	3
m.26409	122	3	3	2	1	0	0	1	1
m.26466	184	7	8	5	4	0	0	2	1
m.26519	179	2	1	0	0	0	1	0	0
m.2654	386	0	1	0	1	0	1	1	0
m.2655	450	7	6	5	6	3	4	5	4
m.266	1469	2	3	1	2	0	0	3	2
m.26602	100	1	2	2	3	0	0	1	1
m.11369	202	4	2	3	2	1	3	5	4
m.26650	151	1	0	3	3	0	0	0	0
m.26683	335	1	1	1	2	1	0	3	2
m.267	1212	0	0	0	0	0	0	1	1
m.26709	377	2	2	0	1	0	0	3	1
m.26751	180	2	3	2	0	2	0	3	2
m.2677	291	1	1	2	1	1	1	3	3
m.26788	760	9	5	3	6	1	3	5	5
m.26871	106	2	2	2	3	1	2	2	2
m.26880	126	6	5	3	7	4	4	6	6
m.11382	877	2	3	1	2	0	0	1	2
m.26896	558	1	1	1	1	0	0	0	0
m.26907	311	13	14	9	10	2	1	5	5
m.26926	313	9	6	5	4	0	0	0	0
m.26933	140	6	4	5	3	4	3	5	3
m.26940	335	7	8	10	5	1	1	1	1
m.26970	515	2	1	1	1	0	0	1	1
m.26981	281	6	4	6	5	1	2	5	5
m.2705	268	13	11	11	12	7	10	13	10
m.27078	180	10	9	7	8	0	0	0	0
m.27110	419	0	2	2	2	1	0	1	3
m.1141	910	2	2	0	1	1	0	3	4
m.27111	329	1	1	0	0	1	1	0	0
m.27125	414	1	2	0	1	0	0	1	2
m.2715	610	23	23	21	19	17	15	17	18
m.27183	206	2	1	0	1	0	1	1	1
m.27197	142	3	3	3	3	2	3	2	2
m.2723	969	1	0	1	1	0	0	0	0
m.27234	308	24	21	20	19	13	13	16	18
m.27262	177	0	1	2	1	0	0	1	0
m.27301	1031	0	0	0	1	0	0	1	2
m.11430	456	3	3	3	1	0	0	2	5
m.27343	272	1	1	1	1	1	0	0	2
m.27366	279	2	3	1	2	0	0	1	2
m.2737	226	2	2	2	1	0	0	0	0
m.27407	217	0	0	2	2	0	0	1	1
m.2744	660	3	2	0	1	1	2	1	2
m.27472	139	1	1	1	1	0	0	2	1
m.27519	235	4	3	2	3	3	2	2	2
m.2758	817	1	1	1	1	0	0	0	0
m.27586	330	10	7	6	6	1	2	2	4
m.27605	263	4	3	2	2	1	1	4	3
m.11472	334	5	2	3	4	0	1	5	3
m.27613	234	4	4	6	5	1	2	6	6
m.27614	142	3	5	5	6	4	3	2	2
m.27625	216	0	1	0	1	1	0	2	2
m.27628	467	1	1	0	1	0	0	1	0
m.2764	1523	1	2	2	2	0	0	1	1
m.27646	180	5	5	5	5	1	2	3	4
m.2765	1329	2	2	2	3	0	0	2	2
m.27658	363	1	3	1	0	0	0	0	1
m.27664	165	4	5	5	7	3	2	4	6
m.27700	104	6	5	6	7	2	5	4	4
m.1149	736	1	1	0	1	0	0	1	2
m.27714	423	1	1	2	2	0	1	1	1
m.27772	428	3	2	3	2	0	0	3	4
m.27778	204	3	3	4	2	1	0	2	2
m.27791	585	14	10	7	4	4	2	3	3
m.27802	451	1	2	1	3	1	1	1	2
m.27813	362	3	2	5	3	1	2	2	3
m.27871	99	1	0	3	3	4	3	3	3
m.2794	658	42	40	27	32	19	20	25	21
m.27948	285	4	6	4	2	1	0	3	2
m.27998	400	8	7	5	5	4	4	7	9
m.115	216	13	12	11	12	5	5	9	9
m.28013	833	2	4	1	2	2	3	2	4
m.28097	108	4	5	2	2	3	6	2	1
m.28137	274	4	2	3	4	2	3	3	1
m.28144	117	0	2	0	1	0	0	0	1
m.28154	158	2	2	2	2	2	1	1	1
m.2824	459	3	5	6	5	2	3	2	2
m.28256	203	4	4	2	2	2	2	2	2
m.28278	688	8	8	6	9	0	0	4	3
m.28313	382	2	1	0	0	0	0	0	0
m.28364	198	0	0	1	1	0	0	0	0
m.1005	498	18	15	13	16	5	8	9	13
m.1152	2284	1	1	0	0	0	0	1	2
m.284	444	9	5	6	6	3	5	8	6
m.2841	371	0	1	1	1	0	0	3	3
m.28413	203	1	1	1	4	1	1	1	5
m.28419	437	4	4	4	2	1	1	2	1
m.28422	153	0	0	3	2	1	2	0	0
m.28430	410	4	8	7	6	2	2	4	4
m.28435	230	9	6	5	5	3	5	5	4
m.28438	291	5	4	3	4	0	1	3	3
m.28488	234	1	2	1	0	0	0	0	0
m.285	338	2	2	2	2	0	0	1	0
m.11543	385	9	9	11	10	10	12	11	11
m.28519	329	7	6	4	5	4	5	6	5
m.2853	518	3	4	5	5	1	1	4	3
m.28534	505	8	8	2	4	10	10	10	9
m.28537	125	2	1	1	2	1	1	3	2
m.28546	235	23	26	26	28	11	12	17	17
m.2856	532	25	23	23	28	10	6	14	14
m.2860	768	20	19	19	19	10	8	14	17
m.28620	138	3	3	2	1	0	0	1	1
m.28662	374	5	4	12	11	4	0	1	2
m.28742	295	3	3	4	4	1	2	3	3
m.11553	214	11	12	9	12	6	6	11	8
m.28770	229	2	2	1	1	0	2	0	0
m.2878	281	12	14	8	11	4	2	2	2
m.28820	245	12	11	11	9	4	1	7	7
m.28880	200	1	0	1	1	0	0	1	1
m.28999	107	1	1	1	1	2	1	4	3
m.29	104	4	4	4	4	6	4	5	5
m.29084	160	4	5	5	3	1	2	3	2
m.29137	625	2	3	2	4	1	0	4	3
m.29142	223	3	3	5	3	0	0	2	2
m.29240	253	7	7	7	10	2	5	5	6
m.11561	392	0	1	0	1	0	0	0	0
m.2928	364	1	1	2	1	0	0	1	1
m.29291	227	1	0	1	0	0	1	0	0
m.29299	328	7	4	4	3	1	0	3	3
m.29350	356	1	2	0	0	0	0	1	1
m.29428	193	11	12	14	15	8	4	9	6
m.29450	117	1	0	0	0	2	2	1	2
m.295	166	9	9	8	8	2	2	5	4
m.29523	191	12	8	16	16	4	4	13	11
m.29527	167	4	2	0	0	1	0	2	1
m.29546	408	2	1	0	0	2	1	1	2
m.11603	537	2	2	2	2	0	0	0	1
m.29573	135	6	7	4	5	3	2	5	6
m.29601	249	3	3	2	2	1	1	1	1
m.29602	100	3	2	2	3	0	0	2	1
m.29606	138	2	2	1	1	2	2	1	2
m.29634	1184	0	0	0	0	0	0	1	0
m.297	271	3	3	3	3	1	1	1	2
m.2970	816	6	6	8	8	0	0	0	0
m.2971	483	5	2	2	2	0	0	2	1
m.29844	459	3	4	3	2	0	0	1	1
m.29861	185	18	15	19	19	15	16	15	15
m.1163	121	3	2	1	2	6	5	7	5
m.29888	284	6	6	5	4	3	4	4	3
m.29952	124	4	4	4	4	3	2	4	4
m.29972	1069	5	3	5	5	1	1	5	5
m.3004	377	4	4	2	2	2	3	5	6
m.3005	453	15	16	17	15	10	6	12	11
m.30091	627	0	0	2	0	0	0	1	2
m.30104	442	14	11	9	11	5	0	16	12
m.3013	523	2	3	1	2	1	0	1	1
m.30171	172	1	1	1	1	1	1	2	0
m.30203	117	4	6	3	7	2	1	3	4
m.11636	357	3	2	2	2	0	0	1	1
m.3027	702	2	2	1	1	0	0	0	1
m.3029	290	3	2	3	2	1	1	1	2
m.30295	390	14	10	10	12	12	11	11	11
m.30322	115	2	1	1	2	0	0	1	0
m.3037	1596	1	1	0	0	1	1	0	1
m.30396	488	34	33	28	31	23	18	26	23
m.304	134	2	2	2	3	0	1	3	2
m.30404	107	3	3	5	3	1	1	1	1
m.30436	263	1	1	1	1	0	0	1	1
m.11687	197	1	1	1	1	0	1	1	1
m.30485	225	0	1	2	3	0	0	0	1
m.3049	769	0	2	0	0	0	0	0	0
m.30492	247	8	8	9	14	8	7	6	7
m.30496	451	7	7	10	12	2	1	5	5
m.30517	248	8	6	5	5	3	3	6	6
m.30602	306	3	4	4	4	2	1	6	4
m.3061	248	4	4	4	4	3	0	3	4
m.30649	133	8	8	8	8	3	3	5	4
m.308	201	3	1	3	3	5	5	4	5
m.3082	374	3	3	1	1	0	0	3	2
m.11700	147	5	3	4	3	0	0	0	0
m.3090	880	10	9	9	8	4	4	9	8
m.30904	460	0	0	1	2	0	0	0	0
m.30909	383	1	0	2	0	0	0	0	0
m.30917	239	4	3	4	4	0	0	4	3
m.30927	172	30	26	28	30	26	16	27	26
m.30955	229	10	15	11	10	12	9	13	14
m.30957	121	2	2	2	3	0	0	2	2
m.30965	169	3	6	3	3	2	2	3	3
m.30968	150	6	5	7	5	4	4	5	5
m.3100	352	8	7	6	7	4	4	8	6
m.11721	335	2	2	0	1	1	0	0	0
m.31184	221	8	8	11	12	1	1	3	2
m.31187	410	0	1	1	0	0	0	0	0
m.3130	1155	10	9	6	11	2	2	6	10
m.31300	423	4	7	6	6	2	0	5	6
m.3134	211	1	0	1	0	1	0	3	3
m.31437	438	6	4	6	2	3	2	4	4
m.31443	176	1	3	3	2	1	0	0	1
m.3146	160	3	3	1	3	2	2	4	3
m.31460	197	7	4	5	4	0	1	6	6
m.31506	166	1	1	0	0	0	0	0	2
m.1007	159	2	2	1	1	1	0	1	2
m.11724	829	6	7	8	8	2	1	9	9
m.3153	509	4	4	4	5	1	2	2	3
m.31542	149	0	0	0	0	1	2	0	1
m.316	240	6	5	4	2	2	2	2	2
m.31623	358	6	6	7	5	6	3	6	7
m.31625	195	3	3	3	3	0	2	4	3
m.3168	200	1	0	1	0	0	0	0	0
m.317	569	3	3	3	2	0	0	1	1
m.31712	115	6	6	8	7	2	2	3	4
m.3172	280	3	3	2	3	1	1	2	2
m.11725	118	1	2	0	2	0	0	1	2
m.31755	194	1	0	1	1	0	0	1	1
m.3177	109	2	2	1	2	2	0	1	1
m.3187	131	7	7	6	7	3	4	3	2
m.31925	182	1	1	1	0	0	0	0	1
m.31948	99	2	2	1	1	0	0	1	1
m.31989	241	8	11	12	11	8	9	8	10
m.32071	562	3	3	4	3	2	1	2	3
m.32074	263	0	0	1	0	0	0	0	0
m.32095	297	2	2	1	2	1	0	1	1
m.32107	309	3	3	2	2	2	2	2	0
m.11740	629	2	1	2	0	0	0	1	1
m.32183	330	1	1	1	0	0	1	1	0
m.3220	414	5	10	5	4	2	1	3	5
m.3221	325	8	7	8	7	2	4	8	7
m.32284	203	0	0	0	1	1	1	1	1
m.323	492	10	12	6	6	3	1	7	5
m.32350	106	1	2	0	0	0	0	1	1
m.32357	153	3	4	2	2	2	2	3	2
m.32358	194	1	1	1	0	1	2	1	0
m.32359	150	0	0	1	1	0	0	1	3
m.32372	367	1	1	0	1	0	0	0	0
m.11744	384	2	2	3	3	0	0	2	1
m.32400	152	19	17	15	13	11	11	16	17
m.32403	306	2	2	2	1	0	1	0	0
m.32424	125	0	1	0	2	0	0	2	0
m.32437	322	8	8	10	8	4	5	11	7
m.32472	518	1	0	1	0	0	0	0	0
m.3251	282	3	2	2	2	1	1	3	4
m.3255	868	6	5	5	5	2	2	3	2
m.32551	99	1	2	0	0	1	2	2	1
m.32564	491	0	1	0	1	0	0	0	0
m.32621	249	1	2	2	1	0	0	2	1
m.11754	237	4	3	4	1	5	6	5	4
m.32635	153	4	6	4	7	3	5	4	6
m.32645	340	0	0	0	2	0	0	0	1
m.3273	568	0	0	1	0	0	0	0	0
m.3276	306	1	1	1	0	0	0	1	0
m.32828	176	9	13	11	9	7	6	12	11
m.32831	225	11	11	5	4	1	2	3	4
m.3284	767	0	0	0	0	0	0	0	1
m.32846	176	0	0	2	1	0	0	0	0
m.32852	395	5	3	6	3	0	0	1	0
m.33026	112	3	5	3	5	3	3	4	4
m.11767	390	1	0	0	0	0	0	0	0
m.33059	120	2	2	2	1	1	1	1	2
m.33136	368	4	2	2	1	0	0	1	1
m.33138	222	0	1	1	0	0	0	2	0
m.33160	897	0	0	2	0	0	0	0	0
m.332	282	56	63	59	57	39	33	47	43
m.33261	166	1	3	1	2	2	0	2	1
m.33410	147	1	2	0	1	1	1	1	1
m.33455	109	6	4	5	6	3	4	3	4
m.3347	452	0	1	1	2	0	0	0	0
m.33471	155	2	3	5	3	0	0	1	1
m.1177	593	0	1	0	0	0	0	1	1
m.33472	425	9	6	7	4	1	1	3	1
m.33492	113	1	1	2	1	0	0	2	1
m.33503	162	4	4	3	3	2	1	4	4
m.33514	310	4	2	2	3	4	3	5	6
m.33520	102	3	3	0	0	0	0	0	0
m.33573	158	3	1	3	3	0	0	0	1
m.33585	222	3	4	5	4	2	1	4	4
m.33765	180	1	1	0	1	0	0	2	2
m.3377	199	6	5	5	5	5	7	6	6
m.33823	263	11	8	7	12	2	3	6	6
m.11786	188	7	7	4	6	2	1	3	3
m.33851	449	1	3	0	0	0	0	0	1
m.33885	143	1	1	1	1	0	0	3	2
m.33899	140	1	1	1	2	3	2	3	3
m.34056	168	5	7	5	4	1	1	3	5
m.34074	300	3	2	2	1	0	0	2	3
m.3410	419	3	2	4	3	1	3	4	3
m.34124	301	2	1	4	2	1	0	2	2
m.34153	162	2	1	1	1	0	0	1	0
m.34157	102	17	24	14	12	8	8	11	10
m.34189	296	3	4	4	4	3	1	7	8
m.11819	281	3	3	2	1	1	2	1	1
m.342	284	17	20	16	18	7	5	7	7
m.3422	302	1	0	2	1	0	0	1	1
m.34230	432	1	2	0	1	0	0	2	2
m.34307	327	3	2	1	2	0	0	1	2
m.34320	345	8	8	5	5	2	2	6	4
m.34388	510	2	3	2	2	0	0	2	1
m.34425	200	4	2	3	3	1	2	2	3
m.3444	334	2	2	2	4	2	1	3	3
m.34462	419	5	7	7	7	3	4	4	4
m.11826	566	2	5	3	3	1	2	3	4
m.34493	172	7	5	8	8	7	7	5	3
m.34529	167	0	2	0	0	1	1	1	0
m.34604	140	3	3	2	3	4	3	3	3
m.34605	160	1	0	1	0	0	0	1	2
m.3462	8400	30	32	24	21	6	9	25	32
m.3463	3039	12	15	13	12	3	0	16	10
m.34688	318	3	3	3	2	2	1	3	3
m.34690	147	2	2	2	2	0	1	2	1
m.347	455	36	37	36	34	15	15	14	15
m.34713	109	3	2	3	1	0	0	0	0
m.10080	526	15	14	15	15	11	11	15	14
m.11831	212	3	7	1	1	0	0	2	3
m.34768	124	0	0	0	0	0	0	1	0
m.3477	1085	22	24	26	21	7	9	12	10
m.34772	240	2	2	2	1	0	0	1	1
m.34789	370	0	1	0	1	0	0	0	0
m.348	295	9	7	6	6	8	10	7	5
m.34960	270	1	1	2	1	0	0	1	0
m.34980	153	1	1	1	0	0	0	0	2
m.34991	288	5	5	4	4	2	3	2	2
m.34996	174	2	3	2	0	0	0	0	1
m.35068	261	1	0	0	1	0	1	1	2
m.11832	897	12	11	13	10	2	4	8	8
m.35071	140	2	3	3	4	3	4	3	2
m.35100	307	1	1	1	0	1	0	1	1
m.35136	334	1	2	3	3	2	0	3	2
m.35147	172	4	2	2	2	0	1	2	2
m.35243	207	0	0	1	1	0	1	2	0
m.35307	214	3	2	2	2	0	1	1	0
m.3535	553	2	1	2	3	1	0	1	1
m.3543	203	1	2	1	1	0	1	2	1
m.3547	337	0	1	2	0	0	0	3	3
m.3549	388	1	0	2	1	0	0	1	1
m.355	256	33	34	36	34	28	24	30	30
m.35511	123	3	2	3	1	0	0	3	2
m.35564	204	3	3	3	3	2	1	2	1
m.3565	211	4	6	7	6	2	1	3	3
m.357	733	0	2	0	0	0	1	1	0
m.35843	140	1	1	1	0	1	1	2	1
m.3586	360	0	0	0	0	0	0	1	1
m.35895	213	2	1	2	1	2	1	2	1
m.35911	133	9	11	9	11	5	6	5	7
m.36003	135	3	3	2	3	1	1	2	2
m.11842	252	4	3	3	3	0	0	1	1
m.3601	988	0	0	0	2	0	0	0	0
m.36024	385	16	16	21	16	8	7	11	12
m.36124	147	2	2	4	4	2	2	2	3
m.3619	642	0	1	3	1	0	0	1	1
m.362	112	2	0	1	1	0	0	0	0
m.3621	404	1	2	1	2	0	0	1	0
m.36235	154	6	7	5	6	3	4	5	3
m.3627	290	4	4	6	5	3	2	7	6
m.36293	247	2	5	1	1	1	0	1	2
m.36294	179	3	2	0	1	1	1	1	1
m.11876	224	3	2	1	2	3	1	3	3
m.36295	190	1	0	0	1	0	0	1	0
m.36305	120	1	3	0	1	0	0	0	0
m.36358	231	4	3	3	2	0	0	1	2
m.36412	362	3	2	0	1	1	0	2	1
m.365	460	28	24	26	25	7	4	13	14
m.36655	249	1	2	2	2	3	1	2	2
m.36657	206	6	8	7	7	1	3	2	1
m.36658	156	7	7	5	6	4	2	9	4
m.36659	126	3	3	3	2	0	0	1	0
m.3666	213	31	38	30	32	24	29	35	31
m.1188	293	7	7	5	7	3	3	7	7
m.36731	170	5	5	8	3	6	3	9	7
m.3675	482	6	5	3	2	3	0	3	3
m.3689	731	3	2	6	3	1	2	5	4
m.3691	708	5	4	1	3	0	0	1	1
m.37188	283	1	0	1	1	1	1	1	1
m.3723	105	2	2	3	2	0	0	0	1
m.37396	133	5	5	6	4	3	1	7	6
m.37474	159	12	9	15	14	4	3	6	7
m.11907	647	1	3	1	0	0	0	0	2
m.3760	164	2	1	1	1	0	0	1	1
m.37732	163	1	0	0	1	1	0	4	2
m.3779	703	3	3	3	2	0	0	0	1
m.37794	114	0	0	0	0	0	0	0	1
m.378	200	14	15	15	12	9	8	10	11
m.37819	132	1	1	1	1	0	0	0	0
m.37833	126	6	7	8	8	0	0	7	10
m.37922	139	2	2	2	2	1	3	2	2
m.37941	99	0	0	1	1	2	1	1	1
m.37958	188	0	2	0	0	0	0	0	0
m.11921	315	3	5	5	5	2	2	3	3
m.37962	437	4	4	2	5	5	3	5	4
m.37963	226	1	1	3	2	1	1	2	1
m.38034	178	1	2	1	1	0	0	1	1
m.38037	198	10	11	10	10	5	5	6	6
m.38038	462	9	10	7	7	2	3	4	2
m.38073	190	3	2	2	4	0	3	2	2
m.3808	609	24	26	26	22	13	14	20	20
m.3817	410	0	1	0	1	0	0	0	1
m.38264	113	1	2	1	1	0	0	1	1
m.38396	326	1	1	1	1	0	0	1	1
m.11924	283	0	0	0	1	0	0	0	0
m.384	422	98	106	92	94	77	69	102	98
m.38468	195	3	2	4	5	3	2	3	2
m.38478	153	2	1	3	1	2	1	1	1
m.38537	209	1	2	1	1	0	0	2	0
m.38555	178	2	1	2	1	1	1	2	1
m.38571	236	3	2	0	1	0	1	1	1
m.386	335	10	10	8	7	4	4	6	7
m.3861	463	2	1	1	1	0	0	1	1
m.38692	194	2	0	2	2	0	0	2	1
m.3871	422	2	1	0	0	1	1	1	1
m.11933	202	1	1	0	2	0	1	1	1
m.38847	116	2	2	0	1	0	0	2	1
m.39	352	2	2	0	1	1	1	1	2
m.3914	142	4	4	3	3	3	3	4	5
m.3929	668	2	1	0	2	0	0	1	2
m.3936	244	8	7	7	5	3	3	6	5
m.395	594	6	6	6	8	0	2	5	5
m.3953	259	3	3	5	4	0	0	1	2
m.3970	459	2	3	2	3	0	0	2	2
m.3978	582	11	12	9	14	3	2	9	6
m.3981	180	3	5	3	5	0	0	1	2
m.10093	673	3	4	1	2	0	0	1	2
m.11960	265	1	2	2	2	0	0	1	0
m.3991	359	6	4	2	2	1	2	2	3
m.4	1370	50	46	50	44	18	18	40	37
m.4026	349	2	4	3	2	4	4	4	5
m.405	356	3	2	2	3	0	0	1	3
m.408	537	4	3	4	3	0	0	4	4
m.4092	124	17	19	24	20	12	9	17	17
m.4111	173	1	2	1	1	0	0	1	0
m.4131	303	3	1	2	0	3	2	2	1
m.416	307	10	9	4	6	1	1	3	4
m.4166	132	1	0	1	0	0	0	1	0
m.11993	245	2	1	1	1	0	0	2	1
m.4186	1024	1	1	1	1	0	0	0	1
m.4192	379	6	2	4	2	3	0	5	6
m.4199	411	2	1	1	2	1	0	1	1
m.4212	929	18	24	16	20	11	10	18	17
m.4224	397	9	10	13	12	3	2	7	11
m.4229	273	6	6	3	2	0	0	0	2
m.423	229	8	8	9	9	7	8	9	9
m.4233	452	2	2	4	3	1	1	1	1
m.4250	288	19	17	23	21	15	12	16	19
m.426	811	10	11	9	8	1	1	6	6
m.12002	156	2	2	1	2	0	0	2	2
m.4268	630	1	0	1	1	0	0	0	0
m.427	250	1	1	2	2	0	0	2	2
m.4279	306	2	3	1	1	0	0	1	1
m.428	332	4	5	3	4	3	3	3	3
m.429	369	0	1	0	0	0	0	0	0
m.43	257	0	1	1	2	0	0	0	1
m.4304	248	2	1	2	2	0	1	1	2
m.4309	396	1	0	0	0	0	0	0	0
m.431	153	2	2	2	1	0	0	0	0
m.4326	136	2	1	4	3	1	1	2	1
m.12007	433	9	9	9	9	4	3	9	8
m.4327	322	6	6	5	4	0	0	3	2
m.4353	392	6	8	4	7	2	4	5	5
m.4356	640	10	11	9	11	5	4	7	5
m.4358	403	3	5	4	3	0	2	3	3
m.437	429	3	3	3	4	0	0	0	2
m.4371	294	0	0	2	1	0	0	1	0
m.4377	263	2	2	2	3	0	0	1	0
m.4386	383	4	6	3	5	1	1	5	3
m.4387	576	1	1	0	0	1	0	1	0
m.4396	851	3	2	2	1	0	0	1	1
m.12009	511	3	2	2	0	1	0	0	0
m.4397	158	2	1	0	0	0	0	1	1
m.441	423	24	20	18	20	6	5	14	15
m.4416	678	1	0	1	0	0	2	2	3
m.443	202	3	2	2	1	3	2	2	3
m.444	342	0	0	0	1	3	3	0	0
m.4449	151	0	1	0	0	1	1	2	1
m.4453	365	3	2	3	3	0	0	1	1
m.4511	317	1	1	1	2	0	0	0	0
m.4533	744	0	1	1	0	1	1	1	0
m.454	722	4	2	4	3	0	1	2	3
m.12035	180	3	3	2	2	2	4	2	3
m.4541	228	1	0	0	1	0	0	0	0
m.4567	294	2	2	3	3	0	0	2	2
m.4575	193	2	2	0	1	1	0	0	2
m.458	572	1	1	1	1	1	1	1	1
m.459	339	7	6	7	8	2	2	5	2
m.4593	1009	7	9	6	9	1	1	6	8
m.460	402	12	11	13	14	7	9	11	13
m.461	891	3	3	3	2	1	0	1	0
m.4616	493	3	3	2	2	1	0	1	2
m.462	353	6	7	7	7	6	3	5	8
m.12048	569	16	14	17	17	6	8	12	12
m.4637	291	2	2	1	2	0	0	0	0
m.4641	249	1	1	2	2	0	1	2	2
m.4645	459	0	0	0	0	0	0	0	1
m.4694	414	12	16	12	13	6	5	12	9
m.47	1132	1	2	1	1	1	1	2	1
m.471	360	0	0	0	0	0	0	2	1
m.4728	213	8	5	6	8	1	3	8	7
m.473	628	12	16	16	16	2	2	9	6
m.4733	390	1	1	2	0	0	0	0	0
m.474	402	1	1	2	2	0	0	1	4
m.12056	309	2	2	3	3	0	0	3	1
m.4747	349	9	12	13	11	12	11	12	12
m.4759	223	12	9	6	5	4	2	9	7
m.4808	367	1	0	0	0	0	0	1	1
m.481	1150	19	17	11	17	2	3	13	15
m.4811	467	2	0	0	0	0	0	0	0
m.4845	303	0	0	0	0	0	0	1	0
m.4855	1250	0	0	0	0	1	2	1	0
m.4863	154	0	0	1	1	0	0	0	0
m.4876	497	14	14	12	14	8	6	9	12
m.4878	331	22	21	21	24	7	8	12	10
m.12069	191	0	0	0	0	0	0	1	0
m.4883	240	1	1	3	1	1	0	2	2
m.4889	468	2	2	3	3	0	0	2	1
m.4892	422	4	3	0	1	1	0	2	0
m.4894	508	1	1	3	1	0	0	2	2
m.4897	319	17	16	11	12	6	7	6	6
m.4900	202	5	6	5	6	5	4	4	6
m.4903	2982	2	3	2	2	2	4	1	2
m.491	248	17	16	14	14	5	6	6	9
m.4911	552	79	78	67	68	64	61	73	71
m.4921	158	12	10	13	11	6	6	9	10
m.12097	491	0	1	1	0	0	0	0	0
m.4923	315	15	13	15	13	9	2	16	17
m.494	400	7	6	6	7	7	6	9	8
m.4943	647	42	44	48	49	30	28	33	31
m.4946	322	1	3	2	2	0	0	2	1
m.4958	221	1	2	0	2	0	0	1	1
m.4968	676	1	1	2	1	0	0	2	3
m.4969	645	1	0	0	0	0	0	0	0
m.4974	208	5	6	4	4	2	1	7	5
m.4978	368	33	34	34	31	27	27	34	34
m.4988	204	5	4	5	4	2	1	4	4
m.10111	222	1	2	2	1	0	0	1	1
m.1215	381	8	6	5	7	2	1	4	2
m.4990	351	2	2	0	1	0	0	1	1
m.4998	325	5	4	2	2	1	2	2	2
m.500	227	2	1	1	2	0	0	2	2
m.5003	527	2	1	0	1	0	0	1	2
m.5005	481	24	30	27	25	12	11	17	16
m.5012	2350	90	93	94	91	68	53	77	76
m.5020	224	10	8	10	12	4	4	9	10
m.5022	151	11	15	11	13	9	10	13	9
m.5026	617	0	0	1	0	0	0	1	1
m.5028	1007	29	27	26	29	18	19	26	27
m.12175	403	6	5	4	5	2	1	4	4
m.5036	327	2	3	3	3	2	4	2	4
m.5038	1493	0	1	0	1	0	0	0	1
m.5056	403	5	4	4	4	4	4	4	5
m.5061	506	17	16	9	11	8	8	12	11
m.5062	346	14	12	12	11	16	14	14	12
m.5064	342	10	12	9	13	1	1	8	5
m.5076	1105	6	7	5	9	2	2	7	5
m.508	371	8	7	7	8	1	2	4	5
m.5080	107	4	5	2	3	3	3	2	1
m.5081	198	11	10	12	13	5	5	7	9
m.12185	535	0	1	0	1	2	2	4	4
m.5109	131	2	3	2	2	1	2	3	1
m.5113	272	11	9	8	11	6	6	8	9
m.5116	342	2	2	2	1	0	1	1	0
m.5120	694	25	25	21	22	21	17	26	19
m.5128	376	3	2	3	5	4	3	3	4
m.5142	151	6	6	5	6	2	2	7	6
m.5146	126	8	8	8	7	4	4	7	8
m.5147	416	14	15	15	14	2	2	12	11
m.5148	167	3	3	2	3	2	2	3	2
m.515	303	3	1	3	2	0	1	1	2
m.12229	471	29	28	21	24	24	19	25	21
m.5150	488	4	6	1	4	1	1	3	2
m.5161	451	8	6	4	5	2	1	4	2
m.5169	263	0	0	0	0	0	0	0	1
m.5172	212	2	0	0	1	0	0	0	0
m.5182	409	11	11	10	11	13	16	13	13
m.5185	122	2	3	3	2	0	0	0	0
m.5186	242	51	47	42	43	35	36	35	36
m.519	515	21	18	13	14	4	6	9	9
m.5191	2106	21	17	19	19	4	6	11	13
m.5199	639	6	8	5	3	2	0	3	4
m.1223	739	3	4	2	3	1	2	2	4
m.5203	1963	1	1	1	2	0	0	0	0
m.5212	302	1	1	3	3	0	0	0	0
m.5216	1018	1	1	2	1	1	0	2	3
m.5248	375	1	1	2	2	0	1	0	0
m.5250	227	3	2	2	2	2	3	3	2
m.5253	335	34	34	33	36	22	23	25	24
m.5256	138	7	5	7	5	1	1	3	4
m.5258	222	2	2	2	2	1	0	3	1
m.5266	746	3	2	1	2	1	0	3	3
m.5277	148	2	3	1	2	1	1	2	3
m.12238	232	15	17	18	15	10	9	14	19
m.5288	344	0	0	1	2	0	0	0	0
m.5290	1690	29	32	25	28	12	7	27	30
m.5296	670	1	2	1	2	0	0	2	3
m.5305	270	5	4	5	5	1	3	3	4
m.5309	1972	154	166	144	154	91	97	117	118
m.531	580	19	16	21	19	4	0	10	10
m.5315	882	16	14	8	10	2	1	8	6
m.532	113	5	4	3	4	5	4	3	5
m.534	225	7	9	16	15	1	1	1	3
m.5346	119	2	2	2	2	0	0	2	0
m.1225	1047	1	3	1	1	0	0	2	3
m.535	370	1	0	0	0	1	0	2	1
m.5352	328	1	1	0	0	0	0	1	1
m.5354	547	9	13	11	9	5	4	11	8
m.5364	172	11	10	8	9	6	4	6	4
m.5369	500	6	4	3	7	4	3	4	4
m.5376	135	3	1	1	3	1	1	2	3
m.5382	195	3	3	4	3	2	2	3	4
m.5390	842	6	8	7	8	5	2	7	6
m.5398	324	2	0	2	1	0	0	2	1
m.5400	164	6	8	6	7	7	6	7	7
m.12306	644	1	1	2	2	0	0	0	0
m.5401	114	1	1	4	1	1	0	3	1
m.5403	461	21	23	15	14	9	10	11	12
m.5407	595	10	8	6	10	2	2	7	7
m.5413	216	1	1	0	1	1	1	1	2
m.5415	188	5	4	4	5	2	3	2	4
m.5416	476	3	2	1	1	2	1	4	4
m.5422	1121	8	10	8	9	2	3	7	4
m.5425	415	38	35	34	33	16	19	27	28
m.5441	307	2	2	5	2	3	1	3	3
m.5442	167	15	15	14	16	10	9	15	14
m.12334	1458	2	1	2	2	3	3	2	2
m.5457	390	1	3	1	1	0	0	0	0
m.5459	641	2	1	0	1	0	0	0	0
m.5465	622	12	11	13	9	9	6	9	9
m.5473	170	3	4	4	8	1	0	3	3
m.5478	219	2	2	1	1	0	0	0	0
m.5484	707	4	4	3	3	0	0	1	2
m.5487	105	8	9	5	3	3	2	4	6
m.5493	248	0	0	0	0	0	0	2	1
m.550	489	32	34	34	35	25	16	25	26
m.5507	231	1	4	2	2	0	1	2	1
m.1235	511	5	2	6	4	0	1	2	2
m.5516	387	6	6	5	2	3	4	4	5
m.552	338	9	10	7	9	6	9	4	6
m.5522	429	4	4	3	3	4	2	4	6
m.5525	456	17	16	14	14	11	7	14	13
m.5528	192	4	5	3	3	3	4	3	4
m.5538	480	12	13	11	10	9	8	9	9
m.5566	116	1	2	2	3	1	1	1	1
m.5581	320	2	1	2	1	1	2	1	1
m.5583	175	4	4	4	5	1	0	2	3
m.5593	175	1	1	2	2	0	0	0	1
m.1013	969	0	1	1	1	0	0	0	1
m.12366	358	0	0	3	2	0	0	0	0
m.56	236	9	8	8	8	4	3	3	5
m.5603	203	4	4	4	4	1	1	4	2
m.5605	166	5	7	6	7	4	4	4	4
m.5606	190	6	6	3	4	2	2	0	0
m.5611	317	14	16	18	19	8	5	16	16
m.5613	134	6	6	5	7	3	1	8	9
m.5618	330	2	1	4	4	3	3	0	1
m.5620	959	2	5	5	3	0	1	4	5
m.5624	813	15	14	17	15	5	2	9	10
m.5628	431	28	26	27	25	18	13	31	22
m.1238	450	5	4	4	4	4	2	4	4
m.5643	338	4	5	3	4	3	2	4	5
m.5644	430	16	13	17	11	10	9	11	11
m.5659	127	4	7	6	6	3	2	3	3
m.5661	257	0	1	0	1	0	0	0	0
m.5664	242	17	14	17	15	10	10	15	15
m.5665	346	7	9	11	8	3	1	3	6
m.5672	207	0	1	1	0	0	0	0	0
m.5676	297	4	4	2	2	0	0	0	0
m.5677	398	6	5	6	7	2	2	6	5
m.5680	200	0	1	1	0	0	0	0	0
m.12417	694	2	3	1	1	1	1	2	2
m.5686	252	2	2	1	1	1	1	1	1
m.5692	394	0	2	1	1	0	0	0	1
m.5724	205	15	13	6	4	1	0	1	1
m.5735	289	3	2	1	2	0	0	2	1
m.5752	384	1	0	0	1	0	0	1	1
m.5753	396	3	3	2	2	1	1	1	2
m.5755	241	3	2	2	3	1	2	2	0
m.578	416	0	2	0	0	0	1	1	0
m.579	570	24	24	26	24	5	6	19	17
m.580	344	23	23	18	19	10	16	16	13
m.1249	263	15	17	8	7	3	3	3	3
m.5803	326	1	2	2	0	0	0	3	1
m.5804	1293	14	15	11	15	8	8	9	11
m.5811	486	23	23	24	21	14	11	23	20
m.5859	199	7	7	7	5	6	4	6	4
m.5862	284	3	3	6	4	3	3	3	3
m.5867	472	6	7	4	6	3	4	5	4
m.5868	232	0	0	1	0	0	0	0	1
m.5869	404	4	2	2	3	1	0	2	2
m.5870	1080	23	16	14	13	6	3	16	13
m.5891	357	3	3	4	3	2	1	2	2
m.12517	148	3	1	1	1	0	0	1	2
m.5898	324	0	0	1	1	0	0	0	0
m.5900	332	2	2	2	2	0	1	0	1
m.592	568	3	2	1	2	0	2	3	3
m.5924	163	3	3	4	3	0	0	2	0
m.5940	470	20	21	17	17	9	7	12	13
m.5946	412	4	5	5	2	1	2	3	1
m.5947	328	4	3	5	2	2	2	3	2
m.595	591	9	12	9	8	8	4	10	9
m.5953	1295	44	42	35	34	14	16	29	30
m.5958	540	0	0	1	0	0	0	0	0
m.12521	914	20	18	20	19	8	7	14	12
m.5961	726	40	44	42	46	21	20	35	41
m.5976	440	2	3	3	3	0	0	2	1
m.5981	145	7	6	7	6	5	3	2	2
m.6000	281	11	12	12	12	6	5	7	7
m.6006	339	35	35	26	28	20	26	24	25
m.6024	399	5	4	4	5	1	3	3	3
m.6025	191	20	16	5	6	3	3	6	6
m.604	626	13	10	10	11	11	8	7	7
m.6042	807	3	3	1	1	0	0	1	0
m.6043	332	1	0	0	0	0	0	0	0
m.12550	201	4	5	4	5	2	2	5	4
m.6046	318	2	2	1	2	0	1	2	2
m.6058	1126	3	1	1	1	0	0	2	1
m.606	401	17	19	23	19	9	9	14	15
m.6062	535	11	9	10	10	5	6	4	6
m.6067	290	2	2	2	3	2	0	1	0
m.6076	413	2	2	0	1	0	1	0	1
m.6093	277	1	1	1	2	0	0	0	0
m.6098	224	0	2	0	0	0	0	0	0
m.611	550	6	6	3	4	5	4	3	4
m.6130	287	19	13	16	14	8	9	12	10
m.12589	426	3	4	4	3	2	1	2	2
m.6137	829	0	1	4	2	0	0	1	1
m.6149	834	13	7	10	11	5	6	15	17
m.6153	459	4	5	5	5	4	2	2	3
m.6160	246	10	12	11	10	4	3	7	9
m.6161	297	3	5	2	2	2	1	2	4
m.6174	243	21	23	17	19	14	10	15	15
m.6192	463	11	14	15	15	8	7	8	7
m.6207	485	2	2	0	0	0	0	1	1
m.6208	1190	1	1	0	0	0	0	1	1
m.6212	640	42	36	40	35	20	21	26	24
m.12606	311	1	1	1	0	0	0	1	1
m.6219	1290	6	4	2	2	0	0	5	2
m.6233	239	3	4	3	3	2	0	3	1
m.6235	1030	1	1	2	2	0	1	2	2
m.6244	213	1	0	0	0	0	0	0	0
m.625	931	1	0	0	0	1	0	0	0
m.6258	470	4	3	4	5	1	1	2	3
m.6266	564	16	15	16	17	4	5	18	16
m.6279	328	2	2	0	2	0	0	1	1
m.628	379	3	2	2	3	1	0	2	3
m.1261	196	0	2	0	2	1	1	0	0
m.631	168	1	0	0	0	0	0	1	1
m.6338	688	0	0	2	0	0	0	0	0
m.6354	185	3	5	5	6	3	3	3	3
m.6361	1066	16	15	20	16	6	4	5	8
m.6363	693	8	10	6	4	0	0	3	2
m.637	726	3	3	3	6	0	0	6	8
m.6370	313	17	16	14	18	16	12	17	17
m.6400	282	2	1	2	2	0	0	1	1
m.6404	402	7	5	4	3	0	0	4	2
m.6408	422	0	1	0	1	0	0	0	0
m.10132	182	2	2	1	2	0	0	1	1
m.12641	187	1	1	1	1	0	0	0	0
m.6410	391	4	1	1	2	0	0	2	2
m.6414	454	6	3	3	5	2	2	5	4
m.6433	288	1	2	0	2	0	0	1	3
m.6495	278	3	3	2	4	1	2	3	3
m.650	554	3	6	5	5	4	2	8	6
m.6505	217	2	2	3	1	0	0	1	1
m.651	113	8	5	7	8	5	6	6	7
m.6511	281	12	12	9	9	6	2	5	6
m.6516	603	1	1	1	1	0	0	1	1
m.6522	302	19	19	16	17	9	9	12	12
m.12642	195	33	34	28	32	21	16	21	23
m.6524	587	25	25	19	21	18	20	24	19
m.6525	168	3	2	2	2	0	0	0	0
m.6534	473	0	1	0	1	1	0	2	2
m.6554	533	19	17	13	16	8	5	8	8
m.6562	225	4	4	3	4	1	1	2	1
m.657	677	9	8	9	9	2	4	10	12
m.6574	602	18	16	16	15	1	1	8	6
m.6603	632	3	4	3	4	4	1	4	4
m.6613	526	0	1	1	2	0	0	1	1
m.6614	1203	8	7	5	4	4	6	5	5
m.12648	162	2	1	1	1	0	0	1	1
m.6620	708	6	6	2	3	2	3	3	4
m.6630	215	0	1	0	0	0	0	2	2
m.6645	175	2	3	2	1	0	0	0	0
m.6650	137	2	1	0	1	0	1	2	2
m.6654	227	5	7	4	4	1	4	4	5
m.6678	2678	4	7	5	4	2	5	8	6
m.6688	381	7	4	6	4	1	1	3	2
m.6690	123	3	4	3	3	2	2	1	1
m.6698	487	36	34	32	31	18	19	23	22
m.6700	483	1	0	1	0	1	0	1	0
m.1265	381	1	1	2	3	1	1	2	2
m.6705	727	15	16	15	14	9	7	10	11
m.671	663	2	2	2	3	0	0	0	1
m.6724	676	25	34	17	22	12	11	19	15
m.673	891	3	1	1	1	0	0	0	0
m.6735	993	1	2	0	0	0	0	1	0
m.6750	260	9	11	11	10	10	7	11	11
m.6751	684	3	4	1	4	0	0	1	2
m.6756	433	1	2	1	1	1	0	2	1
m.6764	636	8	8	4	3	0	0	1	2
m.6777	271	6	2	3	3	3	2	5	4
m.12662	470	12	8	12	13	5	4	9	6
m.6795	338	2	2	5	3	1	1	2	2
m.681	2015	76	80	83	80	55	54	58	57
m.6816	173	1	1	2	1	0	0	3	3
m.6822	465	4	1	3	2	1	1	3	1
m.6835	423	5	2	3	2	4	1	4	2
m.6844	389	13	11	17	14	3	0	9	10
m.6864	607	3	1	3	2	0	1	2	1
m.6865	1038	2	2	1	2	1	0	1	2
m.6868	946	13	13	12	15	1	1	5	6
m.6883	567	11	15	12	14	10	9	12	10
m.12676	293	4	3	1	1	0	0	2	1
m.6915	184	1	1	2	2	1	0	1	1
m.694	857	4	5	10	6	2	3	6	4
m.6949	182	1	1	1	1	0	0	0	0
m.6956	142	0	1	0	1	0	0	0	1
m.6968	331	0	2	1	0	0	0	2	0
m.6975	388	3	3	2	3	0	0	3	3
m.698	256	1	1	0	0	1	1	1	1
m.6987	527	1	1	1	1	0	0	2	1
m.6990	479	7	9	5	8	1	2	6	4
m.6999	171	2	0	3	2	0	1	1	1
m.12686	459	3	4	1	4	2	2	3	3
m.70	207	5	5	3	3	0	1	2	2
m.7005	1086	52	51	38	37	34	32	42	35
m.707	329	2	3	2	2	0	0	2	1
m.7103	496	4	3	3	3	1	0	1	2
m.7107	168	0	0	1	1	0	0	0	0
m.711	289	1	1	2	1	0	0	1	2
m.7111	267	3	2	2	1	1	1	1	2
m.7115	1367	10	5	11	8	1	1	5	7
m.7131	978	7	5	6	3	5	4	4	5
m.7138	221	0	2	2	2	0	0	2	2
m.12693	1749	20	21	17	17	0	0	4	3
m.7140	275	9	11	8	10	10	10	11	10
m.7154	627	0	1	0	0	0	0	1	0
m.7159	1549	1	4	3	4	2	2	2	1
m.720	102	2	1	1	2	1	0	1	0
m.7206	974	9	7	7	8	4	5	7	6
m.721	1283	2	2	1	2	0	0	4	1
m.7211	854	2	2	2	2	0	0	2	2
m.7240	672	2	1	3	3	0	0	1	1
m.7242	348	2	1	0	2	0	0	1	1
m.725	200	1	1	1	0	0	0	1	0
m.12695	530	3	0	0	2	0	0	2	0
m.7262	373	20	19	18	19	8	9	13	15
m.7285	870	1	0	0	1	0	0	0	0
m.7288	361	11	11	7	6	1	3	4	6
m.7296	413	42	46	35	33	28	23	33	29
m.7297	100	7	10	6	7	8	6	8	9
m.733	773	14	10	11	12	6	4	7	9
m.7348	315	16	16	13	13	6	5	9	11
m.7362	351	1	1	1	1	0	0	0	0
m.7372	521	2	3	1	1	0	0	0	0
m.7375	539	2	0	0	2	1	1	1	3
m.12698	142	5	4	4	5	0	0	2	2
m.738	140	16	16	12	11	11	12	9	10
m.7404	524	105	105	110	120	86	94	94	94
m.7426	502	28	35	35	32	20	14	32	32
m.745	243	14	14	9	11	4	5	9	10
m.7457	110	11	6	10	10	6	4	7	7
m.7461	430	15	14	14	14	5	4	3	5
m.7469	537	5	4	4	4	1	2	6	6
m.7470	329	0	0	2	2	0	0	0	0
m.7487	461	0	0	0	1	0	0	0	2
m.10135	467	6	3	6	3	1	2	6	5
m.12707	398	1	0	0	1	4	4	2	1
m.750	800	2	1	0	0	0	0	1	0
m.7509	441	8	6	3	4	0	1	4	4
m.753	343	4	4	2	3	2	2	6	4
m.755	538	1	2	1	0	0	0	2	2
m.7552	386	2	1	0	1	0	0	1	0
m.7561	417	4	3	6	2	1	1	1	3
m.7582	540	4	4	4	5	2	0	7	4
m.7588	415	1	2	2	2	1	2	1	2
m.7592	467	14	13	9	8	6	2	5	5
m.7593	596	3	8	7	7	3	2	4	4
m.12716	167	2	3	2	3	1	0	1	1
m.7595	1291	61	68	52	54	36	34	63	67
m.7600	469	1	0	0	0	1	0	0	0
m.7628	331	0	0	0	0	0	0	0	2
m.7630	342	0	0	1	2	0	0	3	2
m.7637	482	7	7	4	6	2	2	7	9
m.7644	222	1	1	2	2	0	0	1	1
m.7647	1472	5	6	1	5	3	4	4	3
m.765	688	5	5	7	6	0	0	0	1
m.7658	726	0	1	0	0	0	0	2	2
m.7660	262	1	1	0	0	0	0	0	0
m.12721	179	2	1	2	1	1	0	2	1
m.7663	465	3	3	2	1	1	1	2	3
m.7667	285	7	4	8	9	3	3	7	6
m.7674	481	7	7	7	9	7	8	8	9
m.7691	358	2	1	3	2	0	0	0	1
m.77	597	47	43	44	47	33	29	42	42
m.772	418	21	24	22	18	10	7	12	11
m.7741	384	84	87	84	86	69	64	72	71
m.7744	503	0	0	1	0	2	2	2	2
m.7751	288	10	17	18	19	6	7	8	9
m.7753	1062	1	2	0	1	0	0	0	0
m.12725	224	3	6	4	4	4	3	4	4
m.7798	205	1	1	1	1	0	1	2	1
m.782	388	40	42	36	36	23	25	31	31
m.7823	187	1	1	0	0	0	0	0	0
m.7834	739	4	4	3	2	0	0	4	2
m.7836	367	0	1	0	1	1	1	2	1
m.784	162	2	3	1	1	0	0	0	0
m.785	233	1	2	0	1	9	10	3	6
m.787	428	33	37	34	35	24	20	28	28
m.789	775	1	3	2	4	0	0	3	2
m.791	133	1	1	2	2	3	0	2	2
m.12732	698	42	34	29	34	7	10	23	22
m.793	584	1	1	0	1	0	0	0	0
m.7945	324	2	3	2	1	0	0	0	1
m.7961	340	2	3	2	2	0	0	0	0
m.7974	155	2	2	3	2	1	1	2	1
m.8003	356	3	5	6	5	3	3	4	4
m.8017	724	3	5	7	5	3	1	6	3
m.8023	472	2	1	2	1	0	0	2	2
m.8059	183	2	2	2	1	0	0	0	1
m.809	141	1	1	2	2	1	1	1	0
m.81	504	18	18	23	20	8	9	12	14
m.12737	490	0	1	0	2	0	0	1	0
m.8138	1023	2	1	0	0	0	0	0	0
m.8149	654	5	5	3	3	1	2	7	6
m.818	312	2	1	1	2	0	0	0	0
m.82	123	1	2	3	1	0	0	2	1
m.8222	467	28	29	30	25	18	14	24	22
m.8227	922	4	3	5	3	0	0	1	1
m.8232	523	4	2	3	2	1	1	3	3
m.8233	1215	31	28	30	26	14	15	18	16
m.8241	512	1	2	1	2	0	1	2	1
m.8246	632	0	0	0	1	0	1	1	0
m.12740	434	9	9	7	6	4	4	5	7
m.8318	815	0	1	1	0	0	0	0	0
m.8342	908	45	42	40	39	30	26	40	31
m.8376	1390	3	6	1	3	0	1	3	3
m.849	171	13	13	5	6	5	6	5	5
m.8553	598	1	1	1	0	0	0	2	1
m.8574	338	2	1	3	2	0	0	1	0
m.8594	352	3	2	2	2	2	2	3	3
m.860	473	14	11	10	12	9	7	12	13
m.8609	175	11	12	11	10	2	2	2	2
m.8622	179	2	1	2	1	0	0	2	1
m.12744	483	4	4	1	3	1	0	3	5
m.8646	552	0	1	0	2	0	0	0	0
m.865	271	13	13	8	8	5	6	3	3
m.8693	201	4	4	4	4	2	2	4	4
m.8696	278	2	1	2	2	0	1	3	2
m.8700	316	2	2	2	2	0	0	1	2
m.8703	160	3	2	3	2	1	0	3	1
m.8709	507	4	6	5	5	0	1	4	3
m.873	140	6	6	5	6	2	2	7	5
m.8730	570	5	5	2	3	1	1	2	3
m.8735	575	1	1	1	2	0	0	2	2
m.12757	255	8	7	4	7	5	4	5	5
m.8756	335	0	0	1	1	0	0	0	1
m.8796	376	8	5	6	5	1	0	7	4
m.8799	389	15	13	12	10	5	3	4	3
m.8820	398	1	0	0	0	0	0	0	1
m.886	1029	1	0	0	0	1	1	1	0
m.8870	312	18	17	17	19	12	12	9	11
m.8872	406	10	12	12	10	7	5	8	9
m.8875	267	6	5	9	9	2	2	4	3
m.8877	241	6	4	5	5	2	3	5	6
m.8885	757	36	35	23	26	2	1	14	14
m.1276	494	3	2	1	1	0	0	0	1
m.8900	399	15	13	12	16	12	10	11	10
m.8901	709	0	0	1	0	0	0	1	0
m.8908	660	0	0	1	2	0	0	2	2
m.8913	420	3	4	3	3	1	0	2	2
m.8914	480	1	1	2	2	1	1	3	1
m.892	692	10	9	8	11	0	0	4	3
m.8928	359	9	9	8	8	5	9	8	8
m.8936	197	3	4	3	4	2	0	3	3
m.8939	146	3	1	2	3	2	2	3	3
m.8941	216	8	8	8	10	1	0	5	4
m.10138	474	2	3	2	3	3	2	3	1
m.12762	252	19	15	16	15	5	7	10	11
m.8943	224	2	1	2	1	2	1	1	2
m.8947	2092	8	5	12	8	3	3	10	9
m.8953	221	6	8	8	9	5	6	6	7
m.8954	500	7	5	6	6	2	3	6	8
m.8957	494	2	2	2	2	0	0	3	3
m.8982	213	7	5	7	8	1	0	1	2
m.8984	345	2	2	1	1	0	0	2	0
m.8991	306	18	14	14	16	10	9	13	13
m.90	277	2	1	0	0	0	1	2	1
m.9006	624	1	1	0	0	0	0	0	0
m.12764	395	6	6	8	7	1	1	1	1
m.9013	389	8	7	6	6	6	6	8	7
m.9015	170	5	5	6	6	9	5	8	9
m.9022	1133	31	29	27	29	20	21	24	25
m.9023	1893	0	0	1	0	1	0	1	0
m.9029	177	0	0	1	0	0	0	0	1
m.9034	345	0	1	1	0	1	1	0	0
m.904	870	6	6	10	8	0	1	3	5
m.9051	213	10	10	11	10	6	3	11	9
m.9052	1364	5	4	5	6	1	1	3	7
m.9058	352	17	17	12	14	8	8	8	8
m.12770	763	3	5	5	4	1	0	3	2
m.9072	179	2	1	4	3	1	3	1	0
m.9073	508	12	11	9	13	5	4	9	9
m.9086	773	21	17	19	19	9	9	19	20
m.9089	726	4	4	5	6	4	3	5	5
m.9097	494	3	4	3	2	3	4	4	1
m.9104	238	0	1	0	0	0	0	0	0
m.9109	151	3	3	4	3	2	2	3	2
m.911	192	3	2	3	1	0	0	2	1
m.9110	140	6	5	5	4	4	2	2	2
m.912	124	1	0	1	1	0	0	1	1
m.12774	857	0	0	1	0	0	0	0	0
m.9122	382	2	4	2	2	1	1	2	3
m.9133	155	6	4	6	4	1	2	3	2
m.9135	505	5	5	3	3	2	1	2	3
m.9137	549	19	18	14	17	13	11	10	10
m.9141	173	2	2	3	5	0	0	2	3
m.915	457	1	2	3	2	0	0	1	2
m.9151	279	1	2	3	1	2	2	4	5
m.9167	564	13	12	11	13	6	7	12	11
m.9170	543	4	3	2	3	0	0	1	4
m.9176	257	6	7	7	8	2	2	3	3
m.12783	327	1	2	3	2	0	0	1	1
m.918	345	10	12	9	7	5	3	6	6
m.9181	139	4	3	5	4	1	1	2	1
m.9193	136	3	2	3	2	0	0	1	0
m.9195	251	0	2	1	1	0	1	1	1
m.9200	158	2	1	2	1	0	0	1	0
m.9206	260	1	0	1	0	0	0	0	0
m.9224	322	5	6	7	8	0	0	1	2
m.9226	462	25	21	21	20	18	17	19	18
m.923	391	3	2	1	1	0	1	1	0
m.924	786	15	15	10	15	3	2	9	13
m.12790	138	5	6	2	5	3	3	2	5
m.9242	256	2	2	3	3	1	2	4	4
m.9252	695	1	0	0	0	0	0	1	1
m.9253	509	3	2	2	2	1	1	3	3
m.9267	132	2	2	1	1	0	0	1	2
m.9284	447	14	13	13	10	14	9	19	12
m.9290	1260	1	1	1	1	0	0	0	1
m.9295	226	3	3	1	3	1	1	2	1
m.9312	311	3	3	3	4	1	1	0	1
m.9319	314	6	8	4	5	1	1	3	5
m.9320	149	2	2	0	0	0	0	1	0
m.12795	196	2	4	2	2	0	0	2	3
m.9322	625	10	10	10	9	4	5	10	7
m.933	881	0	1	1	1	0	0	0	0
m.9331	568	3	3	3	3	0	0	0	0
m.9340	260	3	2	2	3	0	1	0	0
m.9341	306	4	3	3	4	0	0	4	3
m.9342	193	9	8	9	8	3	4	6	7
m.9366	437	2	2	1	3	1	0	1	1
m.9386	745	0	0	2	0	0	0	0	0
m.9389	756	1	1	1	1	1	0	0	0
m.9399	268	15	17	10	10	6	7	8	8
m.12796	156	9	8	9	7	4	7	11	9
m.940	484	10	6	7	5	0	1	5	5
m.9408	224	5	4	5	4	0	0	2	2
m.9411	328	12	14	11	11	7	8	7	9
m.9432	802	8	7	9	8	4	1	6	6
m.9440	538	1	2	1	0	0	0	1	1
m.9443	895	2	2	3	2	0	0	3	4
m.9447	704	8	8	5	7	9	8	6	6
m.9474	609	2	1	1	1	1	1	1	4
m.9478	1342	46	46	37	38	17	14	25	28
m.948	269	7	4	8	7	2	3	1	3
m.1281	317	0	2	1	1	0	0	0	0
m.949	153	12	10	9	7	7	6	12	11
m.9498	636	0	0	1	0	0	1	0	0
m.9510	372	1	0	0	0	0	0	1	2
m.9511	681	12	10	11	12	3	2	11	12
m.9524	422	3	4	4	4	0	0	4	2
m.9527	577	4	3	3	1	1	2	4	2
m.9546	175	5	6	6	6	2	0	5	5
m.9560	412	4	2	3	3	0	2	4	3
m.9561	429	11	9	6	5	5	3	6	8
m.9566	251	1	2	2	2	1	1	0	0
m.12810	529	12	12	10	14	7	8	9	7
m.9578	173	42	39	31	34	3	2	8	7
m.9587	410	2	2	3	1	1	0	1	1
m.9595	223	37	40	38	42	32	25	37	39
m.9596	217	2	2	3	3	0	1	3	2
m.9604	530	1	1	5	1	0	0	0	0
m.9613	714	1	0	2	3	0	0	0	0
m.9621	354	0	0	0	1	0	0	0	0
m.9627	515	0	0	0	0	0	0	0	1
m.9628	960	3	5	4	2	1	0	1	3
m.965	551	16	17	13	15	9	7	10	8
m.10146	361	1	3	1	1	1	0	0	0
m.12818	193	4	3	6	7	3	4	6	8
m.9652	236	10	13	13	12	11	9	9	10
m.9654	1097	2	0	1	1	0	0	2	2
m.9689	170	13	11	12	13	9	6	8	9
m.9699	450	43	42	39	42	17	12	20	19
m.9713	489	1	2	0	0	0	0	0	1
m.9734	585	2	1	2	1	1	1	1	0
m.9740	719	1	0	1	1	0	0	1	1
m.9753	748	13	12	11	11	7	7	10	9
m.9756	182	6	7	9	9	0	2	5	4
m.9774	382	4	2	5	3	3	2	6	7
m.12824	377	20	20	20	19	12	11	18	16
m.9778	264	4	4	4	2	1	1	1	1
m.9816	202	3	5	2	4	2	1	4	3
m.983	610	1	2	2	2	0	1	2	0
m.9837	123	2	2	2	2	0	0	0	0
m.985	403	0	0	1	1	0	0	3	1
m.9853	405	3	4	4	4	1	0	2	2
m.9873	222	8	7	8	8	2	5	6	4
m.9880	463	1	1	1	1	0	0	0	0
m.9881	429	0	0	4	2	0	0	3	4
m.9886	890	3	4	3	3	1	0	4	5
m.12825	688	1	1	1	0	0	0	1	0
m.9891	150	13	10	9	10	5	4	9	7
m.9896	824	1	2	1	1	0	0	1	1
m.9912	268	2	1	1	1	0	0	2	1
m.9927	451	2	2	1	1	0	0	1	1
m.9935	160	4	3	4	3	3	3	3	3
m.9939	196	3	5	3	2	2	3	2	4
m.9956	418	2	4	5	2	0	0	1	2
m.9972	351	7	7	7	6	7	8	7	5
m.9986	274	7	7	8	8	5	4	8	7
m.9987	752	1	2	1	0	0	0	0	0
m.12826	335	0	1	1	1	0	0	1	0
symbB1.EST_k37c20_10192|m.23590	575	28	22	21	20	17	17	21	20
symbB1.EST_k37c20_10199|m.23603	313	4	4	2	2	1	1	2	1
symbB1.EST_k37c20_1036|m.2331	146	2	3	3	1	2	2	2	2
symbB1.EST_k37c20_10952|m.25393	404	4	3	2	2	4	1	0	1
symbB1.EST_k37c20_11005|m.25482	479	2	1	0	0	1	1	1	1
symbB1.EST_k37c20_11157|m.25744	424	0	1	1	1	2	2	1	0
symbB1.EST_k37c20_11310|m.26082	319	1	3	1	1	0	0	0	1
symbB1.EST_k37c20_1169|m.2671	307	8	10	11	8	6	5	6	5
symbB1.EST_k37c20_12165|m.28039	1291	0	2	1	0	0	1	0	0
m.12829	263	2	2	3	2	0	0	1	1
symbB1.EST_k37c20_12472|m.28674	778	1	0	0	0	2	0	1	0
symbB1.EST_k37c20_12680|m.29198	525	2	2	1	1	1	0	1	1
symbB1.EST_k37c20_12825|m.29527	152	0	0	0	0	1	0	1	0
symbB1.EST_k37c20_13424|m.30860	415	4	3	0	0	0	1	0	0
symbB1.EST_k37c20_1348|m.3129	292	2	3	1	2	1	1	1	1
symbB1.EST_k37c20_1369|m.3168	235	5	4	1	2	3	0	4	4
symbB1.EST_k37c20_13945|m.31959	330	0	0	0	0	1	2	1	1
symbB1.EST_k37c20_14340|m.32799	3845	1	0	1	1	1	0	2	3
symbB1.EST_k37c20_151|m.344	204	4	4	2	1	1	0	2	1
symbB1.EST_k37c20_15413|m.35140	461	1	1	0	0	1	0	1	1
m.1283	112	3	3	1	1	2	2	1	0
symbB1.EST_k37c20_15530|m.35382	544	1	1	0	0	0	0	0	0
symbB1.EST_k37c20_16090|m.36633	157	0	0	0	0	0	0	0	1
symbB1.EST_k37c20_169|m.386	471	1	1	0	0	0	0	0	0
symbB1.EST_k37c20_17439|m.39726	295	1	3	2	1	1	0	1	1
symbB1.EST_k37c20_17557|m.39981	1210	2	1	2	1	1	0	1	1
symbB1.EST_k37c20_1763|m.4228	127	7	8	6	5	4	4	3	4
symbB1.EST_k37c20_18007|m.40947	262	4	5	6	6	3	4	3	4
symbB1.EST_k37c20_1807|m.4315	605	1	0	0	0	0	1	0	0
symbB1.EST_k37c20_18914|m.42831	363	2	2	1	2	1	1	1	1
m.12839	312	2	4	1	2	1	1	0	1
symbB1.EST_k37c20_1935|m.4600	892	7	5	5	4	3	2	3	5
symbB1.EST_k37c20_2060|m.4873	147	4	4	3	2	5	9	5	4
symbB1.EST_k37c20_2071|m.4896	126	7	5	5	4	6	3	3	6
symbB1.EST_k37c20_20726|m.46522	157	5	5	4	4	1	2	3	3
symbB1.EST_k37c20_21115|m.47298	616	2	1	1	0	0	0	0	0
symbB1.EST_k37c20_21614|m.48388	335	3	3	1	3	1	0	0	1
symbB1.EST_k37c20_22246|m.49646	473	0	0	1	1	1	0	1	1
symbB1.EST_k37c20_2316|m.5488	344	1	0	0	0	0	0	0	0
symbB1.EST_k37c20_24260|m.53662	192	1	0	0	0	0	0	0	0
m.12859	409	2	1	4	4	1	1	0	0
symbB1.EST_k37c20_24332|m.53801	388	0	0	1	0	0	0	0	0
symbB1.EST_k37c20_2434|m.5762	166	1	2	0	0	0	0	0	0
symbB1.EST_k37c20_2548|m.6110	212	6	7	6	6	5	8	5	5
symbB1.EST_k37c20_262|m.561	1089	11	8	6	5	2	4	3	5
symbB1.EST_k37c20_27166|m.59212	346	4	5	1	2	3	2	3	2
symbB1.EST_k37c20_2835|m.6680	165	3	3	1	2	2	2	2	1
symbB1.EST_k37c20_2873|m.6770	351	1	1	0	1	1	3	2	2
symbB1.EST_k37c20_30052|m.64411	370	3	1	1	0	1	1	2	0
symbB1.EST_k37c20_3045|m.7223	570	4	6	1	3	1	2	3	1
symbB1.EST_k37c20_3137|m.7441	137	3	3	2	3	0	0	1	2
m.1286	2829	254	256	300	308	265	270	269	255
symbB1.EST_k37c20_3194|m.7561	532	3	2	0	0	1	3	3	1
symbB1.EST_k37c20_319|m.681	429	5	3	1	2	2	2	0	1
symbB1.EST_k37c20_3367|m.8026	143	4	3	2	2	1	0	2	2
symbB1.EST_k37c20_34811|m.72609	265	2	2	1	1	1	0	1	0
symbB1.EST_k37c20_3550|m.8423	118	2	2	2	2	2	3	2	2
symbB1.EST_k37c20_3763|m.8967	138	4	5	4	4	6	4	2	4
symbB1.EST_k37c20_40880|m.81403	200	2	2	2	2	4	3	2	2
symbB1.EST_k37c20_4454|m.10626	401	1	2	0	0	3	1	1	0
symbB1.EST_k37c20_4530|m.10835	1086	5	4	1	2	1	2	1	5
symbB1.EST_k37c20_4585|m.10961	135	6	5	3	6	5	5	4	4
m.12872	385	9	5	6	3	3	2	5	5
symbB1.EST_k37c20_47047|m.87468	188	1	1	0	0	0	0	0	0
symbB1.EST_k37c20_47631|m.87845	639	1	2	2	1	0	1	0	0
symbB1.EST_k37c20_47633|m.87846	268	2	1	1	1	0	0	0	0
symbB1.EST_k37c20_47646|m.87855	135	3	3	3	3	4	3	1	2
symbB1.EST_k37c20_48001|m.88307	156	4	4	2	3	0	1	1	0
symbB1.EST_k37c20_48025|m.88342	199	4	4	1	2	3	0	5	4
symbB1.EST_k37c20_48387|m.88800	121	2	3	1	1	0	0	0	0
symbB1.EST_k37c20_4866|m.11610	391	4	7	4	3	5	4	2	5
symbB1.EST_k37c20_48819|m.89293	326	1	2	1	2	0	0	1	1
symbB1.EST_k37c20_5116|m.12234	365	1	2	0	0	1	0	0	0
m.10164	157	0	0	1	1	0	0	1	1
m.12887	415	1	1	1	2	0	0	0	0
symbB1.EST_k37c20_55677|m.94421	130	1	2	0	0	0	0	0	0
symbB1.EST_k37c20_57176|m.95446	360	1	2	1	0	0	0	0	0
symbB1.EST_k37c20_5771|m.13757	265	4	4	3	3	1	2	2	3
symbB1.EST_k37c20_59568|m.96245	208	4	4	2	3	2	2	2	3
symbB1.EST_k37c20_6130|m.14576	559	3	3	1	0	1	0	0	0
symbB1.EST_k37c20_6155|m.14644	880	1	1	0	0	1	1	2	2
symbB1.EST_k37c20_6169|m.14671	436	2	2	1	2	0	0	1	1
symbB1.EST_k37c20_6258|m.14822	332	2	0	0	0	2	2	0	0
symbB1.EST_k37c20_6575|m.15589	213	4	3	3	2	2	1	2	1
m.129	503	3	5	4	3	2	2	3	4
symbB1.EST_k37c20_6593|m.15621	461	2	1	0	0	0	0	0	2
symbB1.EST_k37c20_6718|m.15903	478	1	2	0	0	0	1	0	0
symbB1.EST_k37c20_679|m.1487	246	1	1	2	0	2	1	1	0
symbB1.EST_k37c20_753|m.1636	362	4	4	1	2	3	2	3	3
symbB1.EST_k37c20_7975|m.18657	473	1	1	1	0	0	0	0	1
symbB1.EST_k37c20_8064|m.18902	416	2	0	0	0	0	0	0	0
symbB1.EST_k37c20_8373|m.19579	378	10	8	5	5	2	0	2	2
symbB1.EST_k37c20_8896|m.20721	588	2	3	2	1	3	2	0	0
m.12917	415	8	8	5	6	5	4	6	7
symbB1.EST_k37c20_9275|m.21620	2120	1	1	1	1	0	1	1	1
symbB1.EST_k37c20_9362|m.21825	318	7	5	3	2	1	1	2	1
m.10061	510	5	4	5	6	0	0	2	3
m.10199	219	7	10	8	7	5	7	4	5
m.10264	203	2	1	0	1	0	0	1	0
m.4337	518	0	0	0	0	0	0	1	0
m.10324	680	5	4	2	2	0	1	4	2
m.1036	1192	6	6	2	1	0	0	2	3
m.12941	323	6	9	7	9	3	2	1	0
m.10517	796	1	1	3	2	0	0	0	1
m.10603	487	2	0	1	1	2	0	0	0
m.10605	698	6	5	2	4	1	3	4	4
m.10713	218	9	11	11	10	10	8	8	8
m.12813	219	7	9	6	7	5	2	6	4
symbB1.EST_k37c20_37952|m.77340	217	0	1	1	1	1	1	1	0
m.10928	723	5	10	9	6	4	7	7	6
m.11115	300	3	4	3	2	2	0	3	1
m.21828	279	3	2	2	2	1	1	2	0
m.2713	305	1	2	2	1	2	0	2	0
m.19703	231	1	1	0	1	0	0	1	0
m.113	378	57	55	56	53	27	20	35	35
symbB1.EST_k37c20_41902|m.82682	468	21	18	16	15	9	8	11	12
m.31439	231	8	6	9	8	4	3	3	3
m.11458	213	3	1	5	4	3	4	4	3
m.11995	326	4	5	5	6	3	2	4	3
m.31539	379	3	2	3	3	2	1	1	0
m.14932	175	1	1	1	1	2	1	1	0
m.5696	189	5	5	7	8	6	3	5	6
m.12129	447	135	134	123	119	51	49	100	100
m.29835	460	124	122	116	111	51	49	100	100
m.30405	235	84	79	83	81	23	23	65	63
m.2128	233	58	57	60	55	22	18	48	49
m.28478	448	32	33	27	29	7	8	22	20
m.36059	184	19	21	17	15	14	13	17	14
symbB1.EST_k37c20_23066|m.51297	469	32	32	26	29	6	8	22	20
m.12942	291	0	0	1	0	0	0	2	2
m.1245	204	28	35	26	26	11	10	20	22
m.15067	179	9	7	8	6	3	2	6	7
m.10914	217	7	8	7	6	1	2	7	5
m.17885	208	6	5	6	5	1	0	4	6
m.12699	199	12	13	12	12	7	4	12	11
m.14255	219	9	8	8	5	2	0	4	5
m.1509	223	7	6	6	4	3	1	4	5
m.18748	201	9	10	10	8	5	2	9	9
m.1242	255	5	5	6	3	2	0	4	5
symbB1.EST_k37c20_46370|m.87062	230	4	4	4	2	1	0	3	4
m.7341	237	4	4	4	2	1	0	3	4
m.22444	205	0	1	0	1	0	0	1	2
symbB1.EST_k37c20_56818|m.95252	228	6	7	6	7	5	4	7	8
m.12659	176	0	0	3	2	0	0	1	1
m.12690	150	2	0	0	0	0	0	0	1
m.12709	550	10	11	8	9	6	6	6	7
m.12711	510	9	7	4	7	1	0	5	5
m.12724	296	2	2	3	5	2	2	0	2
m.12733	700	11	11	10	13	4	7	13	13
m.12781	500	2	1	3	2	1	1	1	1
m.12890	232	2	1	2	2	1	1	2	2
m.12970	372	10	11	7	8	2	1	3	2
m.12945	765	0	0	0	0	1	0	1	1
m.13047	186	10	8	7	8	3	4	12	11
m.26081	187	10	9	8	9	6	7	13	11
m.13119	549	7	9	9	9	3	2	7	6
m.1334	391	3	1	2	1	1	1	1	2
m.13436	653	1	2	1	2	1	2	4	3
m.13638	869	0	0	1	1	0	0	1	0
m.13659	548	1	3	1	2	1	1	1	2
m.1168	430	0	1	0	1	0	0	0	0
m.13801	461	2	2	0	0	0	0	1	1
m.1390	448	11	9	11	9	5	5	8	5
m.1391	160	2	2	2	2	0	0	1	2
m.1396	509	3	3	1	1	0	1	1	2
m.13574	515	2	3	2	2	0	1	3	3
m.1296	468	4	4	3	4	2	2	5	4
m.14282	326	2	3	2	1	0	0	1	1
m.145	467	2	2	1	4	0	0	1	1
m.14924	360	2	0	1	0	0	0	0	0
m.1493	232	8	7	4	5	2	2	5	6
m.15139	435	49	43	45	44	32	31	30	27
symbB1.EST_k37c20_26730|m.58389	993	6	6	4	4	1	0	0	0
symbB1.EST_k37c20_1952|m.4632	728	5	3	3	4	0	0	0	0
symbB1.EST_k37c20_7002|m.16520	790	8	8	8	9	3	4	2	3
m.15220	508	8	8	6	6	2	3	1	2
m.15426	1113	8	6	8	10	1	0	7	5
m.15462	185	4	2	3	3	4	3	3	3
m.1569	147	0	1	0	0	0	0	1	1
m.15831	119	7	6	5	7	0	2	5	4
m.12976	264	7	6	5	7	2	2	5	5
m.16008	262	2	2	1	4	1	1	1	2
m.16090	446	26	26	25	19	13	8	12	11
m.16351	226	10	10	8	8	7	5	7	7
m.16371	297	3	3	4	3	0	0	3	4
m.16461	147	1	0	0	0	0	0	0	1
m.16813	293	1	1	1	1	0	0	1	1
m.17239	445	1	1	1	3	0	0	0	0
m.173	389	197	188	191	210	146	164	203	217
m.184	376	211	212	205	224	158	177	228	240
m.278	253	131	138	131	139	83	98	121	124
m.26952	376	49	46	45	53	40	42	50	55
m.17435	484	21	22	23	23	15	14	22	18
m.17469	174	2	3	4	4	1	1	2	2
m.12991	100	38	44	33	33	17	15	29	31
m.17967	175	2	3	3	4	3	1	4	5
m.6185	175	2	3	3	4	3	1	4	5
m.1806	594	3	3	1	3	0	0	2	1
m.18179	295	8	7	8	8	6	7	7	9
m.26302	181	6	4	5	4	0	0	0	0
m.18366	538	6	7	7	3	3	2	3	4
m.18373	191	3	4	4	2	4	2	2	2
m.11555	111	2	2	4	1	2	1	1	0
m.18767	961	3	3	6	5	2	1	3	5
m.1911	462	7	3	2	3	1	1	4	6
m.1884	645	6	6	4	4	2	2	6	6
symbB1.EST_k37c20_26089|m.57196	562	1	1	0	0	0	0	1	2
symbB1.EST_k37c20_41705|m.82450	593	2	1	0	1	0	0	1	2
m.19242	719	11	12	7	11	6	5	8	9
m.19535	181	3	3	1	3	0	1	2	4
m.19661	333	6	6	6	7	2	2	6	6
m.12999	500	1	1	3	1	0	0	1	0
m.19674	317	7	5	8	6	2	2	4	4
m.19764	354	5	4	4	4	1	1	4	4
m.21346	340	4	4	3	4	1	1	3	3
m.16676	336	3	2	4	2	2	1	3	2
m.20126	239	2	2	2	2	0	1	1	1
m.5042	675	1	1	1	2	0	1	2	1
m.20952	109	0	2	1	2	0	0	1	0
m.20957	639	7	10	7	6	0	4	4	8
m.14998	1027	2	1	0	0	0	0	1	0
m.21013	777	2	5	3	3	1	1	5	3
m.18548	223	1	2	1	1	0	1	2	0
m.21153	225	3	4	4	3	1	0	3	3
m.21390	125	11	11	14	14	11	12	14	12
m.21690	240	1	1	1	0	0	0	2	1
m.218	310	13	12	13	7	6	4	6	6
m.22339	1615	0	0	1	0	0	0	0	0
m.10183	616	0	0	0	1	0	0	0	0
m.13002	220	1	2	1	0	0	0	1	1
m.22940	466	15	16	12	14	8	10	16	16
m.232	1282	1	5	2	4	6	4	5	6
m.23328	172	0	1	1	1	0	1	2	0
m.23454	187	27	25	28	29	18	18	23	21
m.23900	193	3	2	3	3	0	1	1	3
m.24137	338	4	1	0	0	3	1	1	1
m.24851	900	31	29	19	18	7	5	10	12
m.24952	767	0	0	0	0	0	0	1	0
m.24983	433	1	0	0	1	0	0	0	0
m.25258	278	5	6	7	5	1	1	5	5
m.1301	177	1	1	0	0	1	0	0	1
m.25369	237	1	0	0	1	1	2	2	1
m.25835	116	5	6	6	5	5	0	8	6
m.25985	421	21	23	19	19	7	8	11	12
m.26956	495	17	17	17	17	7	5	9	10
m.27117	475	6	10	4	6	5	1	7	10
m.2752	168	9	8	10	11	8	10	11	10
m.27687	497	6	6	5	3	2	1	2	3
m.27757	157	2	2	3	2	2	2	3	3
m.27890	192	4	5	1	2	0	0	0	1
m.2792	427	4	4	2	2	1	1	2	2
m.2030	436	6	5	4	4	3	2	4	3
m.13026	699	3	3	1	2	0	0	0	1
m.28159	179	1	2	1	1	0	0	1	2
m.28444	404	7	9	7	7	5	6	7	9
m.13796	395	1	2	1	2	2	2	3	3
m.2848	287	6	2	5	3	4	2	5	4
m.28480	131	1	1	1	1	1	0	0	0
m.18341	246	2	2	1	1	1	0	0	1
m.28687	461	4	3	0	0	0	0	4	1
m.2908	2325	6	9	5	5	1	2	7	6
symbB1.EST_k37c20_4259|m.10144	2381	2	4	1	2	2	4	2	3
m.29808	242	12	11	9	11	9	6	7	7
m.20285	293	3	4	2	4	3	2	3	2
m.29813	455	5	6	7	5	4	5	10	9
m.30980	429	6	5	3	4	5	4	3	4
m.13131	436	7	6	7	6	4	4	3	5
m.15859	410	9	6	9	10	4	4	7	5
m.12982	418	4	2	5	2	2	1	8	6
symbB1.EST_k37c20_6773|m.16013	432	4	3	3	3	3	4	3	3
m.3079	696	18	20	25	24	13	11	14	13
m.2150	326	3	3	4	3	3	1	3	3
m.31093	201	2	2	4	3	1	0	3	5
m.13039	212	4	4	2	2	3	3	4	4
m.31593	374	2	2	2	3	0	1	2	1
m.32004	521	11	10	13	12	9	4	11	13
m.32539	222	2	1	2	1	1	1	2	3
m.32785	121	2	1	1	1	0	0	1	2
m.6240	289	1	1	1	1	0	0	2	2
m.33135	103	43	50	51	49	29	27	42	40
m.33500	300	16	16	11	12	6	5	10	7
m.33850	297	0	0	0	0	1	1	1	1
m.3414	517	0	1	2	1	0	0	1	1
m.34165	271	1	1	1	3	1	1	1	0
m.3494	2140	143	146	128	131	98	84	120	122
m.13041	309	2	0	0	0	0	0	1	1
m.36049	334	5	6	5	6	1	1	5	5
m.13050	236	1	1	2	1	0	1	1	2
m.36534	1157	3	4	0	0	0	0	0	0
m.37637	179	11	10	14	15	5	5	5	6
m.6583	194	0	0	0	1	0	0	0	0
m.38282	359	6	7	7	6	3	4	5	5
m.17520	299	4	5	5	4	3	5	5	4
m.3835	317	1	0	0	0	0	0	0	0
m.3844	610	76	69	65	68	21	17	31	33
m.9144	101	16	15	16	13	7	3	12	11
m.38633	275	10	11	11	14	4	4	10	11
m.3872	704	4	4	4	5	1	1	3	2
m.392	136	26	22	21	23	20	20	25	25
m.13061	1080	1	1	1	1	0	0	0	0
m.4330	257	1	1	2	1	0	0	2	2
m.44	328	6	7	8	6	1	1	2	4
m.22336	329	9	9	8	8	1	2	3	4
m.449	162	6	6	7	6	6	6	7	7
m.4530	483	1	1	0	0	0	0	1	0
m.4781	617	15	22	15	15	8	10	16	16
m.4865	531	11	6	10	7	5	7	4	4
m.4884	253	20	19	22	25	13	12	19	25
m.4960	840	39	39	30	35	21	15	29	28
symbB1.EST_k37c20_2962|m.7004	867	2	2	0	1	0	1	2	1
m.498	709	2	0	0	1	0	0	0	0
m.5030	279	12	16	15	12	10	9	10	8
m.13075	235	1	2	1	2	0	0	2	1
m.506	193	5	4	5	4	3	3	2	2
m.5087	320	2	2	5	3	2	1	3	2
m.5096	1402	8	10	4	5	4	1	6	6
m.5098	411	1	2	3	3	2	1	2	0
m.29201	116	3	2	3	4	3	3	3	2
m.22041	329	2	1	0	1	1	1	1	2
m.32422	236	1	1	1	1	1	1	2	2
m.5115	549	11	11	11	11	5	3	8	9
m.5317	354	15	12	10	10	5	7	8	7
m.5270	380	9	7	7	7	3	4	9	6
m.5328	257	4	6	5	5	1	1	4	6
symbB1.EST_k37c20_745|m.1617	448	3	3	3	3	1	0	3	3
m.5347	415	11	11	10	9	6	6	9	10
m.537	304	4	4	4	3	1	1	4	4
m.5384	568	2	3	2	2	2	1	3	1
m.13076	445	7	10	7	7	1	0	5	5
m.5440	160	29	29	26	38	40	39	39	43
m.19482	215	27	24	21	33	34	35	36	40
symbB1.EST_k37c20_660|m.1437	241	25	24	21	33	34	35	36	40
m.5463	882	73	81	66	70	53	51	73	69
m.5486	109	1	2	2	2	1	0	1	2
m.5510	229	4	3	4	4	1	1	0	1
m.5513	246	6	3	8	7	5	3	5	6
m.5546	1101	22	21	16	18	8	3	12	11
m.5582	258	8	9	8	6	4	4	5	6
m.5619	199	4	5	7	8	0	4	3	6
m.5634	149	9	10	32	28	20	13	12	8
m.13401	174	8	11	23	19	13	9	11	8
m.5689	476	7	8	9	8	1	1	6	6
m.13085	424	4	3	3	5	0	1	2	2
m.5712	270	2	4	1	2	1	1	3	4
m.5746	161	10	10	11	11	10	11	14	14
m.5747	202	8	8	7	7	2	0	5	3
m.17615	183	2	1	1	1	1	1	1	1
m.29405	106	1	1	1	0	0	0	1	0
m.30564	140	1	1	1	0	0	0	0	0
m.20628	112	3	4	3	1	1	0	2	2
m.5828	1791	1	4	3	5	0	2	5	4
m.5839	328	3	4	5	5	0	1	4	5
m.5881	363	9	6	6	5	7	7	10	9
m.5892	125	7	10	11	9	4	3	8	7
m.5919	327	1	1	2	3	1	1	1	1
m.898	376	2	2	2	3	1	1	1	1
m.6100	310	31	27	25	25	8	4	30	25
m.6106	1183	2	3	3	3	3	1	5	4
m.13089	190	1	2	2	1	1	0	1	2
m.612	679	55	59	59	57	41	39	46	38
m.20930	647	39	37	35	35	23	25	29	22
m.8917	676	51	50	42	44	26	30	39	32
symbB1.EST_k37c20_680|m.1491	353	14	13	11	11	7	8	7	6
m.7437	674	9	9	7	9	6	6	5	4
symbB1.EST_k37c20_10470|m.24210	575	9	10	7	10	7	7	6	6
m.616	1072	37	39	40	38	16	13	19	22
m.6180	693	51	49	41	48	18	23	47	48
symbB1.EST_k37c20_3735|m.8908	705	7	7	5	8	2	4	4	4
m.6186	860	2	7	1	0	0	0	0	0
m.6203	143	7	8	7	9	7	6	10	9
m.644	181	18	16	14	14	7	10	18	13
m.401	181	16	16	13	14	13	13	16	14
m.32417	162	10	10	6	8	5	4	9	6
m.8903	180	15	15	14	13	11	11	14	12
m.6453	159	2	1	2	3	0	0	1	2
m.6463	6996	19	18	17	16	3	4	11	17
m.19708	361	4	2	4	6	1	2	3	3
m.9401	449	3	3	2	3	0	0	1	1
m.31478	374	2	1	2	4	0	0	1	1
m.6490	438	14	15	18	23	5	8	11	14
m.6499	297	18	16	14	14	11	11	13	11
m.10194	572	21	21	26	24	16	15	20	14
m.13090	174	2	1	2	1	1	0	2	2
m.6517	538	22	23	16	17	5	5	11	13
m.6593	1058	30	35	28	24	13	15	27	29
m.6627	1941	176	176	146	142	88	95	119	113
m.6659	223	5	7	6	3	1	1	3	4
m.25093	208	1	2	1	1	1	0	1	3
m.6713	259	1	2	2	2	0	0	2	2
m.25763	303	2	3	3	2	0	0	2	2
m.697	208	6	5	4	5	1	0	2	2
m.6977	342	5	5	4	4	1	0	4	5
m.7051	436	7	6	11	10	8	6	7	7
m.7209	320	5	5	6	6	2	3	6	3
m.7374	436	4	4	1	3	4	4	6	8
m.13091	557	2	1	1	1	0	0	0	1
m.7527	791	5	4	7	6	0	2	5	4
m.760	542	10	11	8	8	3	2	4	6
m.8211	367	2	2	4	3	1	0	0	0
m.6492	285	2	2	2	2	1	0	0	0
m.8509	223	1	0	0	0	0	0	1	2
m.858	537	5	6	6	4	5	5	5	2
m.8669	206	2	4	2	3	2	1	3	3
m.8927	151	11	7	7	10	10	8	10	11
m.8932	510	15	19	15	13	7	9	11	8
m.8978	174	1	1	1	1	0	0	1	0
m.899	700	3	2	4	3	0	1	3	2
m.13094	265	3	4	3	1	0	0	4	3
m.900	248	50	51	49	55	30	28	35	29
m.5108	251	59	57	55	56	34	30	44	39
m.29219	277	38	34	35	38	22	18	29	24
m.5025	257	27	27	24	30	15	11	20	23
m.15022	221	30	30	22	25	9	5	16	14
m.19033	252	29	29	28	32	17	15	25	21
symbB1.EST_k37c20_6450|m.15307	248	22	23	21	27	14	10	16	16
symbB1.EST_k37c20_18328|m.41616	239	21	21	20	25	13	9	15	14
m.9188	352	6	5	6	5	1	2	5	5
m.22448	329	1	2	2	1	1	1	2	2
m.925	826	52	52	31	29	22	20	30	27
symbB1.EST_k37c20_12707|m.29253	798	3	3	2	2	2	2	4	5
m.9279	376	3	4	1	2	1	3	3	5
m.60	320	4	5	4	4	4	4	4	4
m.20	400	1	1	0	0	0	0	0	0
m.9299	205	25	24	26	23	6	8	5	7
m.9330	588	8	8	5	7	7	5	6	9
m.9373	1378	2	2	3	2	0	0	4	2
m.9424	545	78	76	68	63	49	53	48	44
symbB1.EST_k37c20_18731|m.42470	511	20	20	14	14	10	12	12	10
m.9431	161	4	4	0	1	0	0	0	0
m.9738	222	35	31	33	32	26	23	30	28
m.9119	158	17	16	18	17	16	14	14	14
m.13107	529	4	4	7	6	0	0	2	1
m.9807	393	15	14	16	12	8	5	10	10
m.9855	546	16	18	14	14	5	8	10	9
m.9865	419	5	5	12	15	8	7	7	6
m.9957	415	36	35	31	31	18	13	22	23
symbB1.EST_k37c20_16196|m.36863	687	3	3	4	3	5	3	2	3
symbB1.EST_k37c20_10706|m.24774	508	7	6	5	3	1	0	4	4
symbB1.EST_k37c20_2935|m.6930	230	4	5	3	2	1	0	4	3
symbB1.EST_k37c20_2935|m.6931	199	3	2	2	1	1	1	0	0
symbB1.EST_k37c20_9582|m.22271	1052	7	5	5	3	1	0	4	3
symbB1.EST_k37c20_1113|m.2530	766	1	1	1	0	0	0	0	0
symbB1.EST_k37c20_11246|m.25932	1508	3	3	0	0	0	0	0	0
m.30676	389	2	2	1	1	0	0	0	0
symbB1.EST_k37c20_11748|m.27081	218	2	4	3	3	1	0	4	3
symbB1.EST_k37c20_1214|m.2760	628	0	1	0	0	0	0	0	0
symbB1.EST_k37c20_10268|m.23756	772	1	1	0	0	0	0	0	0
symbB1.EST_k37c20_12867|m.29616	484	0	0	0	0	1	0	1	0
m.13133	304	13	14	15	13	7	7	5	5
symbB1.EST_k37c20_14283|m.32649	470	1	3	1	0	0	0	1	1
symbB1.EST_k37c20_14475|m.33112	443	0	2	1	1	0	0	0	0
symbB1.EST_k37c20_1455|m.3360	395	22	17	9	12	1	0	6	6
symbB1.EST_k37c20_4529|m.10833	454	13	12	9	10	1	0	4	5
symbB1.EST_k37c20_149|m.340	412	11	10	8	6	7	7	4	2
symbB1.EST_k37c20_5213|m.12433	322	8	10	6	6	6	7	3	2
symbB1.EST_k37c20_1567|m.3635	725	20	22	11	9	14	12	10	9
symbB1.EST_k37c20_17098|m.38976	241	2	2	1	2	1	0	1	0
symbB1.EST_k37c20_17467|m.39790	676	15	19	9	8	2	2	5	5
symbB1.EST_k37c20_3155|m.7489	688	14	18	9	9	2	2	5	5
m.13136	222	3	2	1	1	0	0	0	0
symbB1.EST_k37c20_184|m.421	116	5	4	2	1	1	0	1	0
symbB1.EST_k37c20_1987|m.4708	533	4	6	2	1	2	2	1	2
symbB1.EST_k37c20_2023|m.4784	188	5	5	4	3	5	5	3	3
symbB1.EST_k37c20_2081|m.4909	358	8	8	8	6	2	0	0	2
symbB1.EST_k37c20_21294|m.47669	506	1	0	0	0	0	0	0	1
symbB1.EST_k37c20_2140|m.5027	307	1	1	1	1	0	0	0	1
symbB1.EST_k37c20_2164|m.5076	4652	1	1	0	1	1	0	1	1
symbB1.EST_k37c20_2245|m.5304	469	11	11	7	5	5	4	7	8
symbB1.EST_k37c20_902|m.2067	270	10	9	7	6	3	2	5	6
symbB1.EST_k37c20_6038|m.14360	104	8	8	5	4	6	7	5	7
symbB1.EST_k37c20_23101|m.51379	247	4	4	1	1	0	0	1	2
symbB1.EST_k37c20_23775|m.52673	454	0	2	0	0	1	0	1	1
m.13137	647	1	1	1	1	0	1	1	2
symbB1.EST_k37c20_2414|m.5716	453	7	6	1	2	1	1	2	1
symbB1.EST_k37c20_2817|m.6645	354	9	12	7	7	2	2	4	5
symbB1.EST_k37c20_11023|m.25500	171	18	17	11	15	0	1	3	2
m.38041	516	16	17	8	6	0	1	4	5
symbB1.EST_k37c20_4845|m.11546	980	9	7	7	8	1	1	5	6
symbB1.EST_k37c20_11022|m.25497	783	8	7	4	6	0	0	3	3
symbB1.EST_k37c20_21946|m.49032	657	9	10	8	7	0	0	3	3
symbB1.EST_k37c20_642|m.1388	170	7	5	3	2	0	0	2	2
symbB1.EST_k37c20_14788|m.33784	437	3	4	3	2	0	0	3	2
symbB1.EST_k37c20_2583|m.6170	305	3	3	2	2	0	0	1	1
symbB1.EST_k37c20_14961|m.34203	355	4	4	2	2	0	0	1	1
symbB1.EST_k37c20_11532|m.26613	389	2	2	2	2	0	0	2	1
symbB1.EST_k37c20_877|m.1991	589	7	6	3	5	0	0	2	3
m.23201	327	3	4	2	2	0	0	1	1
symbB1.EST_k37c20_28846|m.62323	470	1	1	0	0	0	0	0	0
symbB1.EST_k37c20_2900|m.6850	320	9	9	7	6	6	5	4	4
symbB1.EST_k37c20_3028|m.7191	391	11	11	9	12	9	7	11	11
symbB1.EST_k37c20_3070|m.7296	138	1	2	0	0	1	1	0	1
symbB1.EST_k37c20_3071|m.7301	172	1	2	1	1	2	1	1	1
symbB1.EST_k37c20_3138|m.7442	296	3	6	2	2	1	2	2	3
symbB1.EST_k37c20_3283|m.7800	496	7	8	3	5	2	3	2	3
symbB1.EST_k37c20_3326|m.7935	316	8	8	4	8	6	10	6	5
symbB1.EST_k37c20_5221|m.12447	319	8	9	8	9	9	8	7	6
symbB1.EST_k37c20_36410|m.75095	380	3	3	1	1	0	0	1	1
symbB1.EST_k37c20_13594|m.31220	315	4	4	3	2	0	0	3	3
m.13144	312	1	1	0	0	0	0	0	3
symbB1.EST_k37c20_3830|m.9127	133	3	2	1	3	3	2	1	1
symbB1.EST_k37c20_409|m.896	1046	1	1	1	0	0	0	0	0
symbB1.EST_k37c20_47206|m.87566	331	1	1	0	0	2	0	4	2
symbB1.EST_k37c20_47208|m.87569	118	1	3	1	1	0	0	2	2
symbB1.EST_k37c20_475|m.1111	752	2	2	2	3	0	0	0	0
m.34954	142	1	1	1	1	0	0	2	1
symbB1.EST_k37c20_4774|m.11339	320	11	7	3	4	0	1	2	2
symbB1.EST_k37c20_49226|m.89774	737	3	4	2	1	3	2	1	1
symbB1.EST_k37c20_521|m.1204	664	2	3	0	1	0	0	0	0
m.21400	524	0	1	0	0	1	0	0	0
symbB1.EST_k37c20_5269|m.12556	4620	2	2	1	1	1	1	2	1
symbB1.EST_k37c20_3669|m.8636	4548	1	1	1	1	0	0	3	2
symbB1.EST_k37c20_12291|m.28283	3958	1	1	2	1	1	0	2	1
symbB1.EST_k37c20_55830|m.94547	266	1	0	0	0	0	0	0	0
symbB1.EST_k37c20_48143|m.88480	266	1	0	0	0	0	0	0	0
m.13171	608	0	0	0	1	0	0	1	1
symbB1.EST_k37c20_5933|m.14161	198	4	6	2	2	1	1	1	1
symbB1.EST_k37c20_6507|m.15457	630	5	4	2	1	1	1	1	1
symbB1.EST_k37c20_6972|m.16460	195	3	3	2	3	0	0	0	0
symbB1.EST_k37c20_7183|m.16913	688	2	1	0	0	0	0	1	1
symbB1.EST_k37c20_7666|m.17974	572	2	2	0	0	2	0	1	1
symbB1.EST_k37c20_622|m.1334	503	1	1	0	0	1	1	2	2
symbB1.EST_k37c20_623|m.1338	545	2	2	0	0	0	1	1	2
symbB1.EST_k37c20_9496|m.22100	2133	7	4	4	4	0	1	3	4
symbB1.EST_k37c20_1915|m.4556	2152	3	1	2	1	0	0	2	2
symbB1.EST_k37c20_9115|m.21230	2162	1	0	0	0	0	0	1	0
m.10055	770	1	2	2	1	0	0	0	0
m.1027	157	1	3	1	2	0	1	2	2
m.10469	238	1	1	1	1	0	0	1	0
m.13180	357	6	5	5	5	3	4	4	5
m.10767	590	1	1	1	2	0	0	0	0
m.10886	397	1	0	0	0	0	0	0	0
m.10919	208	1	0	1	1	0	0	0	0
m.11313	319	1	0	0	0	0	0	0	1
m.1157	147	3	3	2	3	1	0	3	3
m.12643	211	0	0	0	0	0	0	0	1
m.12769	144	0	1	0	1	0	0	0	0
m.13	994	0	0	0	0	0	0	1	0
m.13014	751	1	0	0	0	0	0	0	0
m.10205	893	0	0	2	0	0	0	0	0
m.13191	264	1	0	0	0	0	0	1	1
m.1320	427	0	1	0	1	0	0	1	0
m.14269	430	3	6	5	7	0	0	3	6
m.14377	379	0	0	0	0	0	0	0	1
m.15023	141	0	0	0	0	0	0	0	1
m.15259	327	4	3	3	3	1	2	5	4
m.15388	345	1	1	1	2	1	1	2	1
m.15422	456	1	2	1	2	1	0	2	2
m.15734	455	0	0	1	0	0	0	0	0
m.15837	260	1	0	0	1	0	0	2	2
m.16548	260	2	0	0	0	0	0	0	0
m.13193	278	2	1	2	2	0	0	3	2
m.16861	197	1	0	1	1	0	0	0	0
m.16864	208	0	1	0	1	1	1	2	1
m.1816	454	0	1	0	0	0	0	1	0
m.20660	110	0	1	0	0	0	0	1	0
m.20814	538	1	1	2	2	0	0	2	0
m.2094	592	0	1	0	0	0	0	1	0
m.21445	216	0	1	1	0	0	0	0	0
m.2198	339	0	0	0	0	0	0	1	1
m.22426	144	1	1	1	2	1	0	1	0
m.22617	193	2	1	2	0	0	1	0	1
m.13197	189	5	6	3	3	1	3	2	3
m.22958	120	1	2	1	1	0	0	1	1
m.23204	134	6	5	4	4	3	3	5	4
m.23733	129	0	0	1	0	0	0	0	0
m.24039	534	2	3	0	0	0	0	0	0
m.24306	306	1	1	1	2	0	0	0	1
m.24881	198	0	0	0	0	0	0	1	0
m.25208	791	0	1	1	2	0	0	0	0
m.25802	790	1	0	0	0	0	0	0	0
m.132	146	6	6	5	6	5	3	7	5
m.260	236	2	2	1	2	0	0	2	2
m.26295	159	0	0	0	0	0	0	0	1
m.26433	413	1	0	1	2	0	0	0	0
m.29444	108	0	1	0	0	0	0	0	1
m.30054	147	1	1	1	2	1	1	2	1
m.3031	463	2	2	3	2	3	3	3	3
m.30973	434	0	0	1	0	0	0	0	0
m.32114	195	0	1	2	1	0	0	1	0
m.32224	134	0	0	1	1	0	0	0	0
m.13206	240	5	0	5	4	1	1	2	2
m.32275	204	1	1	1	2	0	0	1	0
m.32280	100	0	0	1	1	0	1	0	0
m.32419	128	1	1	1	1	0	0	3	1
m.32790	184	1	1	2	1	0	0	2	1
m.36055	147	1	0	0	1	0	0	0	0
m.3747	251	2	3	2	2	0	0	1	2
m.3925	285	0	0	0	0	0	0	2	0
m.4935	224	2	1	0	1	0	0	0	0
m.5110	582	0	0	0	1	0	0	0	0
m.13222	200	3	4	4	3	2	3	4	3
m.5439	531	0	0	1	0	0	0	0	1
m.5448	204	2	1	0	0	0	0	1	1
m.5534	255	1	2	0	1	0	0	0	1
m.559	466	1	1	0	0	0	0	0	1
m.5691	711	1	1	1	1	0	0	1	1
m.5791	301	1	2	3	2	0	0	2	1
m.6792	755	0	0	0	1	0	0	1	0
m.7210	168	1	0	2	0	0	0	0	0
m.13224	649	0	1	0	1	0	0	0	0
m.8231	396	1	1	0	1	0	0	1	1
m.8454	243	2	2	2	2	1	2	3	1
m.8791	125	0	0	0	0	1	0	0	0
m.8809	274	1	1	1	1	0	0	1	1
m.8880	300	2	2	2	2	0	2	2	2
m.9062	253	1	1	1	1	1	2	1	0
m.9611	446	1	2	2	1	0	0	2	2
symbB1.EST_k37c20_13957|m.31989	701	1	0	0	0	6	2	0	0
symbB1.EST_k37c20_14815|m.33870	1477	0	0	0	0	0	1	1	1
m.13226	326	9	9	5	9	3	2	6	6
symbB1.EST_k37c20_16474|m.37535	172	1	1	1	1	0	0	1	1
symbB1.EST_k37c20_18722|m.42454	780	0	0	0	0	0	0	1	2
symbB1.EST_k37c20_24934|m.54977	285	0	1	0	0	0	1	0	0
symbB1.EST_k37c20_37403|m.76597	647	4	4	4	4	3	4	5	5
symbB1.EST_k37c20_42278|m.83126	244	2	2	2	3	0	3	2	2
symbB1.EST_k37c20_50116|m.90698	105	1	2	0	0	0	0	0	0
symbB1.EST_k37c20_8675|m.20239	134	4	2	0	1	0	0	1	1
m.13240	197	3	3	3	2	1	0	2	3
m.10139	271	1	1	0	1	0	0	0	0
m.10342	512	0	1	0	0	0	0	0	0
symbB1.EST_k37c20_10131|m.23447	349	1	0	0	0	0	0	0	0
symbB1.EST_k37c20_10759|m.24902	986	0	0	0	0	0	0	1	1
symbB1.EST_k37c20_11223|m.25887	300	2	3	2	0	2	1	2	2
symbB1.EST_k37c20_5636|m.13449	465	1	1	0	0	2	0	0	0
m.12204	184	0	0	1	1	0	0	0	1
m.12319	389	0	0	0	0	0	0	1	0
m.13256	546	0	0	1	0	0	0	0	1
m.15779	427	1	0	0	0	0	0	0	1
m.16303	320	1	0	1	0	0	0	0	1
m.1809	261	0	0	1	0	0	1	0	0
m.19423	152	0	1	1	2	0	1	1	2
m.20370	1024	1	0	0	0	0	0	0	0
m.2105	1047	0	1	0	0	0	0	0	1
m.21120	689	0	0	0	0	0	0	0	1
m.10239	279	2	2	2	1	0	0	0	0
m.13278	257	2	2	0	0	0	0	0	0
m.22490	163	1	1	2	1	0	0	0	0
m.23963	466	2	1	0	0	0	0	0	0
m.2459	906	1	0	0	0	0	0	0	0
m.27134	171	1	0	0	0	0	0	0	1
m.27198	282	0	1	0	1	0	0	0	0
m.28497	512	0	0	1	0	0	0	1	0
m.3406	975	0	0	0	0	0	1	1	0
m.3433	518	0	0	1	0	0	0	0	0
m.34511	252	0	1	0	1	0	0	0	0
m.1328	203	3	2	1	2	0	0	1	1
m.3559	327	0	0	0	0	0	0	1	0
m.3942	152	1	2	0	1	0	0	0	0
m.3958	820	0	1	0	0	0	0	0	0
m.4719	628	1	1	1	1	0	0	0	1
m.548	221	1	1	1	1	2	0	1	1
m.6121	222	0	0	1	0	0	0	0	0
m.6171	973	0	2	0	0	0	0	0	0
m.6487	850	0	0	0	0	0	0	2	0
m.13288	883	2	2	0	0	0	0	0	1
symbB1.EST_k37c20_26417|m.57788	642	2	1	1	1	0	0	1	1
m.28490	201	1	1	0	0	0	0	2	0
m.33735	105	1	0	0	0	0	0	0	0
m.3922	691	0	0	0	0	0	0	2	2
symbB1.EST_k37c20_3711|m.8852	350	0	0	0	0	0	1	0	0
m.10586	414	1	1	1	1	0	0	0	0
m.11167	387	1	0	0	1	0	0	0	0
m.11237	275	1	0	1	0	0	0	0	0
m.13295	297	1	2	2	4	0	0	1	2
m.11916	339	0	1	2	0	0	0	1	0
m.13531	269	0	0	0	1	0	0	0	0
m.1360	125	1	1	0	1	0	0	0	0
m.15017	296	1	0	1	0	0	0	0	1
m.2027	646	1	0	0	0	0	0	1	1
m.21863	436	0	0	0	0	0	1	0	1
m.22934	136	2	0	1	1	0	0	1	0
m.38421	218	2	1	1	1	0	0	0	2
m.13314	295	5	5	10	6	0	1	4	3
m.5372	300	2	1	1	1	1	0	0	1
m.5646	926	1	1	0	0	0	0	0	0
m.7032	375	2	0	2	2	0	0	2	1
m.739	482	0	0	1	0	0	0	2	1
m.8882	347	1	0	0	1	0	0	1	1
m.9648	303	1	1	1	2	1	0	0	0
symbB1.EST_k37c20_16307|m.37144	383	2	3	2	2	0	0	2	2
symbB1.EST_k37c20_16682|m.38041	281	3	3	1	1	4	3	1	1
symbB1.EST_k37c20_19065|m.43125	627	0	1	0	0	0	0	0	0
m.13356	586	1	2	1	1	1	0	4	5
symbB1.EST_k37c20_3717|m.8859	492	1	2	1	1	1	0	0	1
symbB1.EST_k37c20_47040|m.87462	229	3	1	1	2	0	1	0	0
symbB1.EST_k37c20_976|m.2236	504	1	1	0	1	0	0	1	1
m.20249	222	0	0	0	1	1	0	0	1
symbB1.EST_k37c20_15345|m.34993	197	1	2	1	2	0	0	1	2
m.13078	280	2	2	1	0	3	2	2	3
m.133	397	0	1	0	1	0	0	0	0
m.13371	1200	12	17	11	10	4	6	7	11
m.16465	273	1	0	0	0	0	1	0	0
m.16490	518	1	1	0	0	0	0	1	2
m.17390	576	1	1	1	1	0	0	0	0
m.27600	192	1	0	0	0	0	0	0	0
m.33243	759	2	2	2	2	0	0	1	1
m.36079	426	0	0	0	2	0	0	0	0
m.565	363	1	0	0	0	0	0	0	0
m.1339	464	20	20	14	19	10	12	14	13
m.7089	188	0	1	0	0	0	0	0	1
m.9274	131	0	0	0	1	0	0	0	2
symbB1.EST_k37c20_22419|m.50026	1501	1	2	2	2	1	1	1	0
symbB1.EST_k37c20_9603|m.22318	388	1	1	1	0	0	0	0	0
m.10260	232	1	0	0	0	0	1	0	0
m.1145	390	0	0	0	0	0	1	0	0
m.19106	321	1	1	1	0	0	0	2	0
m.13423	531	5	6	5	6	3	3	5	7
m.29890	126	0	1	1	1	1	1	1	1
m.34323	203	0	0	0	1	0	0	1	1
m.35539	566	1	1	1	1	0	0	3	1
m.9470	281	0	0	1	0	0	0	1	0
symbB1.EST_k37c20_43079|m.84058	495	2	2	3	2	0	0	3	3
symbB1.EST_k37c20_6001|m.14297	612	0	1	0	0	0	0	0	0
m.22827	185	0	0	1	2	0	0	0	0
m.13425	114	1	2	1	0	0	0	0	0
m.13303	395	1	0	1	1	0	0	1	1
m.21278	311	0	0	0	1	0	0	0	0
m.26791	181	0	0	1	0	0	0	1	0
m.3052	140	0	1	0	0	0	0	1	0
m.4094	218	1	1	0	0	0	0	0	0
m.5411	316	0	1	0	0	0	0	1	1
m.8629	370	1	0	1	0	0	0	0	0
m.9925	1408	0	1	1	2	0	1	1	2
m.10289	705	0	0	1	0	0	0	0	1
m.13427	257	2	2	1	2	1	0	0	1
symbB1.EST_k37c20_4968|m.11868	359	3	4	3	2	2	1	2	3
m.10110	697	0	0	0	0	0	0	0	2
m.10645	257	0	1	0	0	0	0	0	1
m.15450	862	0	1	1	0	0	0	1	1
m.1567	309	0	1	1	1	0	0	0	0
m.17710	151	0	0	1	1	0	0	0	0
m.29582	292	0	1	1	2	0	0	0	0
m.32269	102	1	1	2	1	0	0	2	2
m.4359	370	1	2	0	2	1	0	1	1
m.5815	262	1	0	0	2	1	0	0	0
symbB1.EST_k37c20_7251|m.17057	1438	0	0	0	0	0	0	1	0
m.25343	331	0	0	0	0	0	0	1	1
symbB1.EST_k37c20_17410|m.39673	708	2	2	2	2	0	0	0	0
m.4556	530	1	0	0	0	0	0	0	0
symbB1.EST_k37c20_1477|m.3395	2273	0	0	1	0	0	0	0	0
symbB1.EST_k37c20_4006|m.9590	256	0	0	1	0	0	0	1	0
m.13442	270	2	1	0	0	0	0	0	0
symbB1.EST_k37c20_8208|m.19231	2104	1	1	1	0	0	0	1	0
m.30950	171	1	0	1	1	0	0	2	1
m.16396	363	1	0	1	1	0	0	1	0
m.22947	323	1	1	1	1	0	0	1	1
m.24982	193	1	1	0	0	1	0	2	2
m.466	178	0	0	0	1	0	0	1	0
m.13443	372	24	25	22	23	16	19	19	17
m.36120	197	1	1	2	0	0	0	0	1
m.450	995	1	2	1	1	1	0	0	0
symbB1.EST_k37c20_51420|m.91961	492	1	0	0	0	0	0	0	0
m.10254	141	1	1	0	1	0	0	0	1
m.13444	605	5	5	2	2	1	0	3	2
m.2997	222	0	0	0	0	0	0	0	1
m.37919	181	1	1	1	1	0	0	2	0
m.5579	791	1	1	0	0	0	0	0	1
m.585	748	0	1	0	0	0	0	0	0
m.9103	276	1	0	1	1	0	0	0	0
m.9624	266	1	0	2	1	1	1	1	1
m.13448	293	1	2	1	3	0	0	0	0
symbB1.EST_k37c20_15400|m.35107	584	0	0	0	0	1	0	0	0
m.15778	129	1	1	1	2	0	0	0	0
m.20986	292	4	2	2	2	1	1	2	2
m.17688	106	0	0	0	0	1	0	1	1
m.19310	151	0	1	0	0	0	1	2	1
m.20818	279	0	0	1	1	0	0	0	1
m.20832	431	0	0	0	0	0	0	2	0
m.1346	158	11	10	9	10	9	6	12	13
m.22619	255	1	1	2	1	1	0	0	1
m.26096	232	0	1	0	1	0	0	0	0
m.27731	112	2	1	1	0	0	0	2	1
m.37897	102	1	1	0	0	0	0	2	1
m.5041	486	1	0	1	1	0	0	1	1
m.6009	1126	1	2	0	0	0	0	0	0
m.6129	534	1	1	0	1	0	0	0	1
m.6781	483	1	1	1	1	0	0	1	1
symbB1.EST_k37c20_12955|m.29796	346	1	1	1	2	1	2	2	2
symbB1.EST_k37c20_19619|m.44232	603	1	2	1	0	0	0	1	1
m.13471	151	2	2	1	1	1	0	2	2
symbB1.EST_k37c20_29965|m.64279	492	2	1	0	0	0	0	0	0
symbB1.EST_k37c20_2911|m.6886	357	0	1	0	0	0	0	0	0
m.9244	463	1	2	0	0	0	0	0	0
symbB1.EST_k37c20_23403|m.51979	420	0	1	0	0	0	0	1	1
symbB1.EST_k37c20_6753|m.15979	351	1	1	1	1	1	0	1	0
m.11820	1432	0	1	1	0	0	0	0	0
m.11734	369	0	0	1	1	0	0	0	0
m.13475	469	2	2	2	2	0	0	2	1
m.6936	1201	0	1	0	1	0	0	0	1
symbB1.EST_k37c20_15464|m.35251	692	1	1	0	0	0	0	0	0
symbB1.EST_k37c20_22139|m.49456	187	0	1	1	1	0	0	1	1
m.12700	435	0	0	0	1	0	0	0	0
m.2749	624	0	0	1	0	0	0	0	0
m.28741	377	0	1	0	0	1	0	0	0
m.3982	105	2	1	1	1	0	0	1	1
m.13476	183	2	3	3	3	1	1	2	3
m.7317	1692	1	2	0	1	1	0	0	0
symbB1.EST_k37c20_2846|m.6706	695	1	1	2	0	0	0	0	0
m.13551	300	1	0	1	1	1	0	0	0
m.24162	164	2	2	1	1	0	0	0	0
symbB1.EST_k37c20_30360|m.65003	1124	0	0	0	0	1	1	1	0
m.10304	278	4	4	3	3	1	2	5	4
m.13486	292	17	18	16	20	7	6	7	6
m.11277	156	1	1	2	1	0	0	0	0
m.20391	377	1	1	0	0	0	0	0	0
m.2327	164	1	1	0	0	0	0	1	0
m.35586	136	1	0	1	1	0	0	1	1
m.3827	229	0	0	0	0	1	0	0	0
m.37753	190	1	0	0	1	0	0	0	0
m.3720	243	1	0	0	0	0	0	0	0
m.13488	163	2	1	2	1	0	0	0	1
m.5908	242	1	1	2	2	0	0	3	2
m.17178	533	0	0	0	0	1	0	0	0
m.1733	1264	1	0	0	0	0	0	0	0
m.26381	192	1	1	0	0	0	0	0	0
m.6692	457	1	0	0	0	0	1	0	0
symbB1.EST_k37c20_26748|m.58435	134	1	1	0	1	1	1	1	2
m.13490	255	2	2	5	2	1	1	3	2
m.14510	507	1	0	0	1	0	0	0	0
m.26121	284	1	0	0	0	0	0	0	0
m.29599	227	1	1	0	2	1	0	2	1
m.6992	516	1	1	1	0	0	0	1	0
m.13514	432	4	3	4	3	0	0	2	1
m.9178	193	1	1	1	1	0	1	0	1
symbB1.EST_k37c20_15198|m.34678	996	1	1	0	0	0	0	1	1
symbB1.EST_k37c20_22896|m.50938	501	2	2	2	1	0	1	1	1
m.16002	356	0	1	0	0	0	0	0	1
m.19148	194	1	1	1	1	0	0	1	1
m.1875	114	1	0	1	1	0	0	1	1
m.13516	189	8	10	7	7	5	4	6	5
symbB1.EST_k37c20_35327|m.73471	400	0	0	0	0	1	1	0	0
symbB1.EST_k37c20_19602|m.44199	473	1	1	0	0	0	0	0	0
m.895	1284	0	0	0	0	0	0	1	1
m.1355	1555	5	9	8	6	4	5	5	6
m.1299	309	1	1	0	0	0	0	0	0
m.1474	312	0	0	1	1	0	0	0	0
m.4498	185	0	1	0	0	1	0	0	0
m.9363	503	0	0	1	0	0	0	1	0
m.23889	612	0	1	0	0	0	0	0	1
m.13552	557	2	1	2	2	1	0	1	1
m.3200	260	0	0	1	1	0	0	2	1
symbB1.EST_k37c20_28718|m.62075	479	0	0	0	0	0	1	0	0
m.11482	410	0	0	0	0	0	0	0	1
m.13885	1031	0	0	0	1	0	0	0	0
m.1813	275	0	0	0	0	0	0	0	2
symbB1.EST_k37c20_51549|m.92078	253	1	1	0	0	1	0	0	0
m.13557	339	4	4	4	3	3	4	6	7
m.25982	154	1	1	2	1	1	1	2	2
m.6889	430	1	0	1	0	0	0	1	0
m.21583	404	0	0	0	0	1	1	1	1
m.26149	137	0	0	0	0	0	0	0	2
m.16169	177	0	0	0	0	0	0	1	0
symbB1.EST_k37c20_7154|m.16857	620	0	0	0	1	0	0	0	1
m.13590	549	22	25	24	28	12	10	17	16
m.6225	650	0	0	0	1	0	0	0	0
symbB1.EST_k37c20_1842|m.4423	1008	2	2	1	2	2	1	1	2
m.25428	275	0	0	0	1	0	0	0	0
m.136	295	1	1	1	1	0	0	0	1
m.20767	129	0	0	1	0	0	0	0	0
m.37559	262	0	0	0	0	0	0	1	0
m.4348	157	1	0	0	0	0	0	1	0
m.17363	155	0	0	0	0	1	1	0	0
m.23752	465	0	1	0	0	0	0	0	2
m.10327	1122	6	4	3	1	1	4	2	1
m.13617	393	4	3	3	3	0	1	2	2
m.1159	503	1	1	1	1	0	0	0	0
m.18307	451	2	0	0	0	0	0	0	0
m.288	547	1	1	1	1	0	0	0	0
m.37027	210	1	1	0	0	0	0	1	0
m.13680	770	1	1	0	0	0	0	0	0
m.22843	793	1	1	1	1	1	1	0	1
m.29431	334	0	0	0	0	0	0	0	1
symbB1.EST_k37c20_6952|m.16418	513	0	1	0	0	1	1	1	1
m.1369	374	66	67	58	62	37	39	43	38
m.9983	124	1	1	1	1	0	0	0	1
m.24043	788	1	0	0	0	0	0	2	1
m.13710	208	1	1	2	1	0	0	1	1
m.5774	539	1	1	0	0	0	0	0	0
m.1190	1519	0	1	0	0	0	0	0	0
m.15620	573	0	0	1	0	0	0	0	0
symbB1.EST_k37c20_22445|m.50090	1279	1	0	0	0	0	0	0	0
m.16534	278	1	0	0	0	0	0	0	0
m.13720	455	1	0	0	0	0	0	0	0
symbB1.EST_k37c20_33296|m.70072	438	0	0	0	0	0	0	1	1
m.7273	883	1	1	2	1	1	0	0	0
m.13742	710	3	1	2	2	0	0	1	1
m.31335	295	0	1	1	0	1	1	2	1
m.3502	403	1	2	0	0	0	0	0	0
m.3457	126	0	0	2	1	0	0	0	0
symbB1.EST_k37c20_9128|m.21252	672	0	2	0	1	1	0	1	1
m.13743	311	12	10	8	9	8	3	8	7
m.5787	463	0	0	1	0	0	0	0	0
m.13744	138	0	1	0	1	1	0	1	2
m.22122	295	0	0	0	1	0	0	0	1
symbB1.EST_k37c20_24096|m.53328	290	0	0	0	0	0	0	1	0
m.13753	335	5	2	2	3	0	0	0	1
m.7201	1122	0	0	0	1	0	0	0	1
m.2995	906	1	0	0	0	0	0	1	1
m.4019	977	0	0	1	0	0	0	0	0
symbB1.EST_k37c20_16704|m.38084	422	0	0	0	0	0	1	0	0
m.10346	250	2	1	2	2	0	0	2	1
m.13791	176	2	1	2	2	0	0	1	2
m.10765	227	3	1	2	1	1	2	3	2
symbB1.EST_k37c20_7453|m.17508	942	2	1	0	0	0	0	0	0
m.13811	436	2	1	2	3	1	0	1	1
m.36274	150	0	0	0	0	0	0	0	1
symbB1.EST_k37c20_34851|m.72677	300	0	1	0	0	0	0	0	0
m.13833	263	1	1	0	1	0	0	0	0
symbB1.EST_k37c20_45956|m.86783	429	0	1	1	1	1	1	1	1
m.14949	162	0	0	0	1	0	0	0	1
symbB1.EST_k37c20_8055|m.18877	1017	1	1	1	1	0	0	1	1
m.13842	680	15	18	14	16	4	3	12	8
m.22685	890	0	0	2	0	0	0	0	0
symbB1.EST_k37c20_22916|m.50972	768	1	0	1	1	1	0	1	0
m.1020	1917	0	1	0	1	0	0	1	1
m.19692	606	0	0	1	1	0	0	1	1
m.13862	447	3	1	3	1	2	2	0	0
symbB1.EST_k37c20_55947|m.94652	326	0	1	1	0	1	1	1	0
m.13863	1106	17	18	19	16	17	11	15	10
m.139	190	4	4	5	4	1	2	2	2
m.64	594	1	0	0	0	0	0	0	0
symbB1.EST_k37c20_33350|m.70148	510	1	0	0	0	0	0	1	0
m.13977	445	23	20	21	22	11	6	13	11
m.37151	120	0	0	0	0	0	0	1	0
m.31640	155	0	2	0	0	0	0	0	0
m.1408	226	8	7	6	7	5	4	6	6
m.14083	1506	2	2	2	3	0	1	0	2
m.10360	636	3	2	1	2	1	0	2	2
m.141	436	34	39	26	30	31	30	35	40
m.14108	268	1	2	2	2	1	1	2	3
m.14109	662	3	3	4	2	4	4	4	3
m.14128	211	15	14	18	17	7	5	13	14
m.1413	338	9	11	9	9	1	2	4	4
m.14152	569	1	1	3	1	0	0	2	2
m.14201	145	0	1	0	2	0	0	1	0
m.14213	220	5	3	4	4	1	1	4	3
m.14242	428	0	1	1	1	1	0	0	0
m.14297	518	1	3	3	4	2	2	3	2
m.10378	725	3	5	2	2	2	0	1	1
m.14312	960	19	23	17	18	10	8	18	16
m.14349	643	2	2	1	1	0	0	1	0
m.14355	846	21	21	21	21	10	8	25	20
m.1436	550	41	39	31	28	18	19	19	21
m.1437	515	1	2	0	1	1	0	0	0
m.14375	119	2	3	3	2	0	0	1	1
m.1440	833	3	4	3	3	3	2	3	1
symbB1.EST_k37c20_2414|m.5717	326	0	0	0	1	0	0	0	0
m.14422	417	3	4	2	2	1	0	1	2
m.14438	273	2	2	2	2	0	1	2	2
m.14458	126	4	3	3	3	5	5	1	1
m.1038	113	3	6	3	4	3	2	3	5
m.14465	536	1	1	4	2	0	1	1	2
m.1447	450	3	3	3	1	0	0	0	2
m.14490	140	3	2	4	4	1	2	4	4
m.1454	475	5	4	5	6	3	3	5	3
m.14543	392	3	1	0	0	2	2	3	3
m.1456	431	2	1	1	2	2	2	3	2
m.14575	826	1	0	0	1	0	0	1	0
m.1461	469	4	3	5	3	1	1	5	3
m.1463	394	5	3	5	4	3	2	4	6
m.14712	256	1	1	2	2	1	0	1	2
symbB1.EST_k37c20_50992|m.91577	666	0	0	0	0	2	0	0	0
m.10387	484	7	6	10	6	5	5	5	4
m.1472	277	5	5	6	5	3	2	3	4
m.1473	555	11	19	11	11	6	6	10	9
m.14738	152	5	4	3	2	1	1	2	4
m.14739	401	5	5	4	2	2	1	1	3
m.14754	356	5	7	3	4	2	2	6	7
m.14756	396	9	9	6	6	3	4	8	7
m.14765	420	4	2	1	3	1	0	2	2
m.1478	617	2	3	1	2	1	0	0	0
m.14813	275	1	1	1	3	0	0	0	3
m.1485	256	6	5	7	6	3	2	3	3
m.104	1674	84	82	66	74	25	17	32	29
m.14875	111	2	1	2	1	0	0	1	1
m.14897	346	3	2	2	2	0	0	2	1
m.14910	573	8	5	5	7	5	5	6	6
m.14914	470	3	2	2	1	1	1	3	2
m.14915	293	29	34	34	33	19	18	28	31
m.14918	406	4	3	2	4	0	1	2	2
m.14920	231	2	2	1	0	0	0	0	0
m.14923	328	5	4	4	7	3	2	3	3
m.14938	965	4	4	7	4	1	0	2	1
m.14952	249	7	9	4	8	3	2	4	6
m.1041	396	4	5	2	3	3	2	6	5
m.14963	1061	24	27	28	21	14	13	19	21
m.14967	111	4	3	2	3	0	1	1	0
m.14968	138	2	1	1	1	0	0	0	0
m.33414	147	1	1	1	0	0	0	0	0
m.14975	171	4	3	4	4	2	2	4	5
m.17308	285	1	0	1	1	0	0	0	0
m.2640	292	1	0	0	0	0	0	0	0
m.14983	218	5	5	7	6	1	2	6	6
m.14984	440	14	14	12	10	9	9	14	9
m.14985	790	0	1	0	1	0	0	0	0
m.14987	313	0	1	0	0	0	0	1	1
m.14994	562	1	1	2	1	0	0	1	1
m.14999	503	75	72	72	78	61	65	72	78
m.1042	331	3	4	2	2	3	2	2	1
m.1500	101	3	2	3	2	1	1	3	3
m.15018	456	8	8	8	11	8	8	8	8
m.15026	538	2	3	2	5	0	0	0	1
m.15038	332	4	3	1	1	2	1	1	1
m.1504	136	4	5	4	4	1	1	3	4
m.15047	323	18	15	15	15	10	8	16	17
m.1505	423	8	5	8	6	4	0	7	8
m.15054	242	13	13	11	11	18	15	15	17
m.15063	195	3	2	2	1	0	0	1	2
m.15079	260	16	18	16	17	7	7	11	14
m.1044	836	1	0	1	1	0	0	0	1
m.15083	267	3	2	1	1	2	2	1	3
m.15096	468	1	2	3	4	0	0	2	2
m.15098	368	2	3	4	5	1	0	3	2
m.151	201	2	2	2	2	0	0	2	2
m.15111	545	41	30	30	25	15	20	19	21
m.15114	369	6	5	5	6	2	2	4	2
m.15121	194	2	2	1	2	0	0	0	0
m.15126	176	2	1	1	0	0	0	1	1
m.15132	728	0	0	0	0	1	1	0	1
m.15134	1205	1	1	0	2	0	0	2	1
m.10457	752	1	0	1	1	1	0	2	0
m.15141	227	13	14	11	13	9	7	12	11
m.15142	273	1	0	0	2	0	0	0	0
m.15155	891	5	6	4	2	0	0	1	2
m.15158	259	2	1	1	2	0	0	1	1
m.15162	152	20	26	21	20	11	14	13	14
m.15166	611	3	1	4	4	1	1	3	3
m.15170	715	13	11	12	10	0	0	7	9
m.15172	116	4	4	1	1	1	1	2	2
m.15175	266	8	7	8	7	3	3	6	8
m.15185	362	24	23	24	25	17	17	18	17
m.10463	220	2	2	1	1	0	0	1	0
m.15189	147	2	2	2	3	0	0	1	0
m.15196	185	1	0	0	0	1	1	1	1
m.152	115	6	4	5	5	0	0	2	1
m.15200	788	6	6	10	9	2	3	8	8
m.15204	648	28	32	27	27	12	9	19	14
m.15205	198	1	1	2	1	0	0	0	0
m.15208	655	1	2	0	0	0	0	0	0
m.1522	770	1	1	1	0	0	0	1	1
m.15241	654	7	8	8	7	3	2	7	7
m.15244	481	2	2	2	2	0	0	3	3
m.10468	320	11	10	10	9	4	6	9	6
m.15247	289	5	5	4	4	2	2	4	4
m.1527	299	15	18	13	17	6	9	16	15
m.15279	668	2	0	1	2	0	0	0	0
m.15280	205	4	4	0	2	2	2	2	1
m.15290	959	10	11	9	7	2	2	7	10
m.153	398	4	2	4	3	1	1	2	2
m.1530	391	8	9	6	7	2	1	3	3
m.15306	507	1	1	1	1	0	0	3	2
m.15314	289	1	1	1	1	0	0	0	0
m.28786	108	0	1	0	1	0	0	0	0
m.15316	161	3	4	3	4	0	0	2	1
m.10472	547	2	4	6	7	0	0	2	2
m.15323	305	11	10	6	9	5	8	9	8
m.15325	4828	0	1	1	2	1	2	0	3
m.15331	209	10	8	10	10	4	4	6	6
m.15370	180	10	12	16	18	12	8	14	15
m.15377	555	23	22	19	26	14	15	16	14
m.15396	329	4	5	4	4	3	6	4	4
m.15400	429	8	7	5	5	4	3	7	8
m.15409	308	1	0	0	1	1	0	2	0
m.15449	425	2	2	2	3	1	1	3	4
m.15457	489	2	2	3	3	0	1	2	2
m.10484	222	3	1	2	1	0	0	2	1
m.1547	193	5	2	5	2	3	4	4	3
m.15471	509	8	6	7	8	3	2	6	6
m.15491	328	2	2	1	1	0	0	2	2
m.15526	304	3	3	3	2	2	0	4	4
m.15544	155	4	6	3	4	3	2	2	3
m.15573	170	0	1	1	3	1	1	1	0
m.15586	275	5	8	7	6	6	5	7	7
m.1560	548	11	12	8	11	4	7	13	9
m.15618	675	2	5	6	5	0	0	2	4
m.10496	298	6	10	8	8	8	6	8	7
m.15633	448	46	51	41	44	22	19	28	29
m.15646	189	1	0	1	1	2	2	1	1
m.15686	206	3	3	3	3	2	3	4	3
m.15693	310	6	4	7	4	5	4	3	3
m.15700	399	6	7	8	7	4	3	6	6
m.15722	235	18	19	19	18	11	8	9	10
m.15724	695	4	3	3	6	1	1	4	2
m.15750	815	1	1	1	0	0	0	0	0
m.15756	276	2	2	0	0	0	0	1	0
m.1576	513	7	7	7	8	8	7	5	7
m.10499	214	1	4	1	1	0	0	0	0
m.15763	343	2	3	2	2	0	0	0	2
m.15764	225	5	5	3	5	2	2	3	4
m.15803	206	3	3	3	3	2	2	4	2
m.1582	284	2	2	3	3	1	1	2	0
m.15822	319	0	2	1	0	1	0	0	0
m.1583	327	9	5	5	9	4	3	8	10
m.15839	183	6	7	6	6	5	3	5	5
m.15850	195	1	2	0	1	0	0	1	1
m.15857	420	4	4	3	1	1	2	3	3
m.15862	387	1	2	1	0	0	0	1	1
m.1054	285	7	9	6	8	3	7	5	6
m.15899	456	4	5	3	3	0	0	3	3
m.1592	810	2	1	1	2	0	0	1	1
m.15923	2429	32	31	25	24	21	21	33	26
m.15941	522	0	1	1	2	0	0	1	0
m.1600	347	0	0	0	1	0	0	1	1
m.16005	488	2	1	2	4	0	1	2	4
m.16009	808	3	2	4	3	1	0	2	2
m.16029	467	1	1	1	0	0	0	1	0
m.16036	305	3	3	5	3	1	1	4	3
m.10558	176	3	2	1	3	1	2	3	3
m.16060	768	1	1	2	2	0	0	2	1
m.16119	234	1	1	1	2	2	2	1	2
m.16132	345	2	2	2	2	0	0	3	3
m.16180	508	2	1	4	3	1	1	2	1
m.16211	276	1	3	1	0	0	0	1	1
m.16222	296	2	2	2	3	0	0	1	1
m.16226	279	3	2	2	2	1	1	4	4
m.16233	161	7	8	7	7	4	5	5	5
m.16246	388	6	6	2	3	0	1	4	5
m.16258	131	2	0	0	0	0	0	1	0
m.10560	427	8	9	11	7	2	1	6	5
m.1626	326	8	7	6	4	3	3	4	5
m.16276	140	1	0	1	1	0	0	0	0
m.16281	177	1	1	1	1	2	1	2	2
m.16282	297	2	2	1	2	1	1	1	1
m.16309	388	3	4	5	7	1	0	2	1
m.16319	224	0	0	3	3	0	1	1	1
m.16423	301	2	1	0	1	0	0	2	2
m.16425	264	0	0	1	1	0	0	1	0
m.16446	276	1	1	0	1	0	1	0	0
m.16449	935	11	16	15	14	6	5	14	13
m.10567	295	1	2	0	0	0	0	0	0
m.1652	495	30	27	31	28	15	15	18	16
m.16526	293	1	1	1	0	1	0	2	1
m.1655	411	4	5	3	5	1	3	4	3
m.16552	236	0	0	1	0	0	0	1	1
m.16570	215	1	1	1	1	0	0	0	0
m.16591	233	3	5	4	4	2	1	5	4
m.16598	409	1	2	3	2	3	2	1	1
m.166	168	0	0	1	0	2	3	1	1
m.1664	421	0	0	2	2	0	0	0	0
m.16651	319	2	3	2	2	3	2	2	3
m.10575	652	2	2	1	1	1	2	2	3
m.16692	411	13	12	8	8	6	3	8	8
m.16730	536	2	0	0	0	0	0	0	0
m.16736	134	3	2	1	2	0	0	0	0
m.1680	375	2	1	2	1	0	0	1	2
m.1685	362	0	2	1	3	1	1	2	4
m.16859	1199	3	4	4	3	1	3	2	3
m.16863	391	0	0	1	0	0	0	1	1
m.1688	655	4	5	6	6	3	2	7	4
m.16887	302	1	1	1	0	0	0	0	0
m.1	362	0	1	0	0	0	0	1	0
m.10597	345	0	0	1	0	0	0	0	1
m.16910	2217	22	21	12	15	17	15	19	23
m.16923	260	1	2	0	0	1	1	0	1
m.16994	221	14	14	11	12	4	7	7	7
m.16997	579	36	34	37	35	36	31	35	40
m.17002	969	1	3	2	2	0	1	3	3
m.17007	211	3	3	4	3	3	1	3	4
m.17032	119	4	2	0	1	1	1	1	2
m.1706	388	2	2	2	2	0	0	2	0
m.17099	205	4	3	3	3	0	0	1	1
m.171	2522	1	1	2	0	0	0	2	2
m.1060	147	4	4	3	4	1	2	3	3
m.17101	439	10	11	10	6	1	1	8	10
m.17110	253	2	4	0	0	0	0	0	0
m.17128	1219	4	4	6	2	0	0	0	0
m.1714	264	1	1	2	1	1	1	1	1
m.17144	187	5	4	3	2	0	0	2	2
m.17166	360	1	1	1	0	0	0	1	1
m.17237	424	2	0	1	3	0	0	0	1
m.1729	398	4	4	1	1	1	1	1	2
m.17323	421	25	22	23	26	23	20	21	20
m.10621	420	3	5	6	5	3	1	6	6
m.17346	797	3	3	3	2	0	0	4	1
m.17423	295	0	1	0	0	0	0	0	0
m.17427	215	8	8	10	11	4	2	6	7
m.17452	658	0	0	0	1	0	0	0	0
m.17466	666	23	24	20	21	11	12	23	22
m.17476	386	4	6	4	4	0	0	1	0
m.17491	193	4	5	2	2	0	1	3	2
m.17496	405	5	4	5	4	3	4	4	4
m.10669	322	1	1	1	0	0	0	1	0
m.17509	429	5	3	4	4	0	1	3	3
m.17514	369	2	3	2	1	0	0	3	2
m.17521	185	16	18	19	18	13	9	14	13
m.17527	348	2	2	2	2	1	0	1	2
m.17538	642	2	2	0	0	0	0	1	2
m.17547	505	4	4	6	6	1	2	3	5
m.17553	123	0	0	0	0	1	0	0	0
m.17560	348	6	4	6	4	2	1	6	6
m.17562	293	2	3	1	1	0	0	0	1
m.17572	133	8	8	6	7	2	3	5	7
m.1069	424	4	5	2	2	1	1	4	3
m.17582	562	14	11	9	10	12	10	10	8
m.17587	233	2	2	1	2	0	0	0	0
m.17594	254	2	0	2	0	0	0	3	1
m.17595	424	9	12	9	7	4	4	9	5
m.17609	155	4	4	4	4	0	3	2	2
m.1761	2437	20	15	14	15	1	3	13	14
m.17619	306	3	1	0	0	1	0	2	2
m.17634	303	1	2	1	3	0	0	2	3
m.17635	354	0	0	1	0	0	0	3	2
m.17642	405	5	4	3	4	1	2	3	2
m.10693	451	5	3	1	2	1	3	2	1
m.17653	215	10	8	9	7	7	5	9	8
m.17655	964	11	12	7	7	2	2	6	4
m.17662	137	3	5	3	4	4	4	3	3
m.17682	122	2	6	2	3	3	1	0	3
m.17683	465	1	0	0	0	0	0	0	0
m.17686	418	0	0	1	1	2	2	1	1
m.17718	670	14	14	16	13	2	3	8	8
m.17738	499	0	0	1	0	0	0	0	0
m.17739	255	16	15	13	15	7	3	10	10
m.17769	574	5	4	5	4	1	1	2	2
m.107	99	9	8	9	9	6	5	3	5
m.1777	810	1	2	2	1	0	0	0	0
m.17776	322	5	6	2	4	3	4	5	4
m.17784	409	1	1	0	0	1	0	0	1
m.17794	846	19	22	21	19	11	14	23	19
m.17804	580	14	13	11	12	1	2	4	6
m.17812	263	2	3	1	2	0	0	0	1
m.17821	322	27	32	22	29	20	21	24	21
m.17836	548	0	2	1	1	0	0	2	0
m.1784	485	1	0	0	0	1	0	0	0
m.17853	531	1	0	0	1	0	0	0	1
m.10714	429	9	11	10	13	1	3	8	9
m.17857	135	2	2	2	1	1	1	2	4
m.17859	221	1	0	1	3	0	1	2	3
m.17886	251	0	0	0	1	0	0	0	0
m.17895	500	7	7	9	8	0	0	1	2
m.17897	385	7	6	4	3	2	2	1	1
m.17910	625	1	2	2	2	0	0	1	1
m.17927	304	1	2	1	2	0	0	1	0
m.1793	310	2	3	3	4	2	1	2	3
m.17939	224	0	2	0	0	0	0	0	0
m.1796	557	12	14	12	14	5	7	12	10
m.10723	443	4	2	2	3	0	0	2	1
m.17962	105	1	2	0	1	0	0	2	2
m.17970	233	4	1	2	1	0	0	1	1
m.17977	658	3	3	2	3	1	0	2	2
m.17984	639	15	12	12	12	7	9	15	13
m.17992	724	17	19	11	13	7	7	7	7
m.180	623	1	2	1	1	2	1	0	1
m.18001	225	1	0	0	1	0	0	0	0
m.18009	870	3	3	2	2	0	0	0	2
m.1802	545	1	0	3	3	0	1	2	2
m.18040	327	10	9	9	10	2	2	5	6
m.10726	1630	4	3	3	3	4	4	4	4
m.18048	376	10	13	10	8	8	5	8	10
m.18060	194	3	2	3	4	0	0	1	1
m.18062	181	6	7	6	7	4	4	6	3
m.18064	292	0	0	0	0	1	1	1	0
m.18070	421	5	4	5	6	3	3	4	5
m.1811	272	3	2	2	3	0	1	2	3
m.18137	191	1	0	1	0	0	0	1	0
m.18144	177	4	5	3	2	2	0	2	2
m.18155	470	7	7	6	7	1	2	8	8
m.18216	767	3	2	2	4	1	1	3	1
m.1000	214	35	32	32	29	22	21	30	29
m.1073	371	5	4	6	7	2	5	4	7
m.18280	786	0	0	1	2	0	0	0	0
m.18336	196	0	1	1	1	0	1	1	1
m.1834	596	7	7	9	8	3	2	7	5
m.18355	140	6	4	7	5	1	0	1	1
m.18359	423	5	3	7	9	1	0	1	1
m.18362	249	4	4	5	6	3	2	0	3
m.18370	247	4	3	1	1	0	0	0	0
m.18387	243	4	5	3	3	2	2	3	4
m.18428	171	2	1	1	0	1	1	1	2
m.18439	485	2	2	0	1	1	0	1	1
m.1074	292	1	2	2	1	1	1	2	2
m.18470	326	8	5	5	8	1	1	3	1
m.18491	290	1	1	0	0	0	0	0	1
m.18493	251	4	3	3	3	1	2	2	1
m.1850	391	5	4	4	6	2	2	5	3
m.18531	393	2	2	2	2	0	0	1	1
m.18550	321	4	3	4	4	2	1	6	5
m.18553	252	11	13	11	12	7	5	10	4
m.18556	357	15	17	16	16	10	8	10	10
m.18584	365	2	1	3	1	1	1	1	2
m.18586	202	2	3	3	3	0	0	2	1
m.10744	282	8	7	9	7	1	2	4	5
m.18614	518	1	1	2	0	0	1	1	0
m.1862	270	1	1	1	1	0	0	0	1
m.1866	1135	10	11	7	9	2	2	7	4
m.18667	123	0	0	0	0	1	1	0	0
m.1881	292	29	27	24	25	9	7	9	8
m.18818	131	2	2	2	1	0	0	1	2
m.18819	1444	27	30	26	31	14	14	26	23
m.18825	839	38	33	36	35	19	17	30	32
m.18834	354	8	8	9	9	3	2	6	5
m.18862	137	3	5	4	5	2	1	5	3
m.10763	330	0	0	1	1	0	1	2	0
m.1889	383	3	1	3	2	0	1	0	0
m.18969	102	4	3	2	3	1	1	2	2
m.1897	265	3	1	3	3	3	0	3	3
m.18995	284	1	0	0	1	0	0	0	0
m.1903	378	2	2	3	3	3	0	3	2
m.19079	424	1	1	0	0	0	0	0	0
m.19080	266	2	3	2	2	0	0	4	4
m.19151	186	8	6	8	10	7	11	6	3
m.1916	493	2	1	0	0	0	0	0	0
m.19161	269	0	1	1	0	0	0	2	2
m.10779	234	0	0	1	1	0	0	1	0
m.19191	287	2	2	3	3	0	0	0	0
m.19195	126	3	1	2	3	1	3	3	2
m.19225	469	4	3	1	3	2	4	3	2
m.1925	184	0	0	0	2	0	0	0	1
m.1936	223	2	2	1	1	1	1	1	2
m.19365	277	8	6	4	6	5	5	4	6
m.19407	438	3	1	2	2	0	0	0	0
m.19416	143	7	6	6	7	6	3	9	7
m.19419	213	0	1	1	1	0	0	1	1
m.19446	282	2	3	1	1	1	1	1	1
m.10807	572	33	36	31	37	20	18	28	29
m.19455	354	3	3	2	4	2	1	2	1
m.19460	144	5	3	4	3	1	0	2	3
m.19487	501	2	2	3	4	1	1	1	1
m.19494	241	1	1	0	1	1	1	0	1
m.19495	508	5	7	6	4	8	4	7	4
m.1950	311	1	0	1	2	1	0	2	2
m.19503	183	1	1	1	1	0	0	2	2
m.19504	313	0	0	2	2	0	0	1	2
m.19510	516	18	24	23	24	13	13	13	10
m.19514	1648	2	2	2	2	0	0	1	2
m.10812	189	4	5	4	4	2	2	5	5
m.19534	303	2	1	1	0	0	0	2	2
m.19543	104	1	3	3	3	0	2	3	4
m.19558	268	5	5	3	3	1	2	4	5
m.19580	222	5	5	3	3	0	0	0	0
m.19592	449	1	2	0	0	0	0	1	0
m.19597	531	10	15	10	12	8	5	9	11
m.19598	1537	1	1	4	4	1	3	2	2
m.196	258	4	1	2	4	0	0	1	0
m.19610	677	5	4	5	5	1	1	3	3
m.19621	362	1	1	3	2	0	0	0	1
m.10817	422	1	2	1	1	0	1	0	1
m.19643	262	1	0	0	1	0	0	0	0
m.19657	547	4	3	2	2	1	0	4	3
m.19685	242	2	2	3	1	1	2	2	3
m.19688	311	3	2	1	1	0	0	0	0
m.19704	127	3	3	4	3	2	1	4	4
m.19726	448	1	3	3	4	0	0	4	2
m.19748	107	2	1	2	2	0	0	1	1
m.19768	178	3	1	2	5	1	1	2	1
m.19801	196	1	0	0	2	0	0	1	2
m.19805	110	6	5	5	5	5	5	2	3
m.10818	372	4	3	1	1	1	1	2	1
m.1981	122	1	1	1	2	0	0	0	0
m.19866	117	1	4	2	5	1	0	4	2
m.19871	271	1	0	1	0	0	0	0	0
m.19899	782	0	0	1	0	1	1	1	4
m.19927	386	3	5	1	2	1	1	5	5
m.19936	369	0	1	0	0	0	0	0	0
m.19949	302	1	3	2	3	0	0	3	4
m.1996	868	17	18	18	17	16	13	16	16
m.19966	302	7	9	9	9	2	3	4	8
m.19978	746	7	9	8	4	3	0	4	4
m.10831	206	4	4	8	5	2	2	3	3
m.19983	183	6	3	5	5	3	2	6	4
m.19991	861	14	16	18	17	10	9	14	13
m.19993	588	0	2	1	1	1	0	2	2
m.2	157	3	4	5	5	3	4	4	7
m.200	1142	34	36	28	38	15	17	27	28
m.20009	465	2	1	1	2	0	0	1	1
m.20013	565	16	18	15	13	7	5	12	9
m.20024	272	2	0	1	1	0	0	0	1
m.20030	173	2	2	1	1	0	1	2	1
m.20041	230	21	21	23	19	9	8	12	12
m.10009	206	3	3	3	3	1	2	6	5
m.10852	208	2	0	1	1	1	1	0	1
m.20048	384	7	4	4	2	3	3	3	3
m.20062	124	2	2	2	2	1	0	3	2
m.20081	531	6	7	5	10	3	2	4	4
m.2011	367	1	0	0	1	0	0	1	1
m.20118	478	1	0	0	0	0	0	1	1
m.2012	191	1	0	0	1	0	0	1	3
m.20145	264	1	1	1	1	0	1	4	3
m.20152	312	0	1	0	0	0	0	1	0
m.20155	114	0	1	0	1	1	2	1	1
m.20175	165	3	3	4	2	1	0	0	0
m.10862	241	0	0	1	1	0	0	1	0
m.20195	410	1	0	2	2	3	2	1	1
m.2022	539	2	2	0	0	0	0	0	1
m.20253	281	3	2	2	2	2	3	4	4
m.2026	290	1	2	1	2	0	0	2	3
m.20317	123	3	2	2	1	2	1	1	0
m.2032	373	10	13	12	12	4	6	9	7
m.20374	285	3	4	3	3	1	3	2	3
m.204	881	1	0	0	0	0	0	0	1
m.20423	419	3	2	1	2	0	0	1	1
m.20468	481	3	1	5	1	0	0	0	0
m.10883	471	11	12	12	9	7	8	11	8
m.20487	290	1	0	2	1	0	0	1	0
m.2050	233	3	3	2	2	0	0	4	3
m.20509	361	4	1	2	4	1	0	2	3
m.20599	102	3	3	2	3	2	1	2	1
m.20656	236	4	4	3	4	0	0	3	3
m.2067	217	4	4	3	5	0	0	0	0
m.20828	231	2	2	2	2	0	0	2	3
m.20898	435	5	6	5	4	1	1	2	1
m.20916	317	8	11	7	10	5	4	6	6
m.1089	117	4	5	5	5	7	5	5	5
m.20918	315	3	5	4	3	1	0	3	3
m.20924	380	12	10	9	11	6	11	9	9
m.20941	628	7	6	3	3	0	1	1	2
m.20945	770	3	2	4	5	2	2	2	4
m.20951	166	3	2	1	1	7	4	5	2
m.20959	229	9	9	8	9	2	2	7	6
m.20967	304	0	0	0	0	0	0	1	1
m.20970	243	0	1	1	0	0	0	0	0
m.20978	138	7	6	7	7	3	6	5	5
m.21	461	52	52	32	37	23	21	30	28
m.10893	298	23	24	20	21	11	9	19	18
m.21000	372	4	5	3	3	2	3	4	2
m.21002	259	1	1	2	1	0	1	0	1
m.21018	369	1	1	0	1	0	0	0	1
m.21023	149	0	0	2	1	0	1	0	0
m.21024	188	3	3	1	1	0	1	1	1
m.21046	141	2	2	1	1	0	1	1	2
m.21047	294	3	3	2	2	1	0	2	1
m.21049	288	1	1	1	0	0	0	1	0
m.21056	322	2	3	3	3	0	0	0	1
m.21064	264	0	0	0	0	1	0	0	1
m.10905	398	9	8	7	10	2	1	5	8
m.2107	529	7	7	4	3	5	3	8	6
m.21070	221	1	2	2	1	0	0	1	1
m.21074	449	11	12	11	6	3	4	8	5
m.21131	238	0	2	1	1	0	1	1	2
m.21152	377	6	4	3	4	1	1	5	4
m.21179	265	9	11	8	7	9	8	10	9
m.21180	384	2	4	1	3	0	0	1	1
m.212	347	4	3	1	1	0	0	1	1
m.21227	279	1	2	1	0	0	0	1	0
m.21240	415	3	4	5	2	0	0	5	6
m.10920	962	1	1	1	0	0	0	1	1
m.21267	565	5	3	4	3	0	0	1	0
m.21268	784	2	1	1	2	0	1	2	2
m.21281	322	2	0	1	0	0	1	1	1
m.21294	335	0	0	2	1	0	0	0	0
m.21313	552	11	9	5	11	4	4	5	4
m.21336	339	2	0	1	0	0	0	2	0
m.2136	361	3	4	3	5	0	0	0	0
m.21372	330	1	3	1	1	0	0	1	1
m.21379	246	13	12	10	8	7	6	9	7
m.21388	376	0	1	0	1	0	0	1	1
m.10938	346	5	4	6	6	0	1	3	4
m.21438	701	9	10	9	10	2	2	9	6
m.21457	115	6	6	6	9	2	4	4	5
m.2146	314	2	2	1	2	0	0	2	1
m.2147	314	3	6	5	5	3	3	4	5
m.21474	364	0	0	0	0	0	0	0	1
m.215	195	11	10	12	11	8	10	7	10
m.21521	685	5	2	2	1	0	0	1	0
m.21529	322	1	2	1	0	0	0	1	1
m.21538	175	3	1	4	2	0	0	3	4
m.21596	525	15	14	10	12	8	7	8	11
m.10944	532	2	1	0	0	0	0	1	1
m.2164	240	3	4	1	1	0	0	2	2
m.21654	118	5	5	4	4	6	3	5	6
m.21674	280	1	1	1	1	1	1	1	1
m.21683	274	1	1	0	0	0	0	2	1
m.217	121	8	9	7	8	6	7	10	11
m.21702	178	2	0	2	0	1	0	3	1
m.2171	309	0	1	1	0	0	0	0	0
m.21710	219	1	1	1	1	0	0	0	0
m.21772	262	0	1	1	2	0	0	1	1
m.21798	281	0	0	1	0	0	0	0	0
m.10974	566	11	9	9	11	2	2	3	8
m.21812	233	2	2	1	0	0	0	0	0
m.21819	1189	2	2	0	1	0	0	5	4
m.21842	395	18	15	15	17	15	14	20	19
m.2185	737	0	0	0	0	1	1	3	3
m.21864	258	1	1	0	0	0	0	1	2
m.21911	295	0	2	1	0	0	0	2	1
m.21939	120	1	2	2	1	2	3	1	1
m.21954	305	1	0	1	0	0	0	1	0
m.22085	331	4	6	2	7	1	3	2	4
m.2212	675	1	2	1	2	2	2	2	2
m.10015	205	6	6	10	5	5	3	7	8
m.10998	251	1	3	1	1	0	0	1	1
m.22127	173	2	2	1	2	1	0	2	1
m.22180	238	3	3	3	3	1	3	1	1
m.22205	653	8	8	7	4	6	6	7	6
m.22274	438	9	6	6	5	5	3	3	2
m.22282	310	10	12	13	12	6	5	8	8
m.2229	343	2	1	1	2	0	0	1	1
m.22295	361	1	1	1	1	0	0	1	1
m.223	287	4	4	4	5	2	2	2	3
m.22300	797	1	0	2	1	0	0	1	1
m.22307	275	9	7	8	9	4	8	8	6
m.110	1165	46	50	50	45	33	30	42	44
m.22365	587	3	4	3	2	1	0	3	3
m.22392	222	8	8	7	7	6	6	9	7
m.22394	559	9	9	9	7	5	6	8	9
m.22405	246	4	3	5	3	3	1	3	4
m.2241	107	3	3	3	3	4	2	4	5
m.22412	708	0	0	2	4	1	0	1	1
m.22416	142	1	2	1	1	0	0	2	2
m.22424	314	13	8	9	9	2	2	9	9
m.22427	401	0	2	0	0	1	0	0	1
m.22434	265	4	3	1	0	2	0	2	0
m.1100	513	2	3	2	0	0	2	1	0
m.2244	1940	3	5	6	5	0	0	6	7
m.22447	261	6	5	4	4	0	0	0	0
m.22473	320	0	0	0	1	0	0	0	0
m.2249	195	2	3	1	2	1	1	2	2
m.2250	660	2	0	0	0	0	0	1	0
m.22518	514	1	3	2	2	2	0	3	4
m.22539	256	2	2	3	2	2	0	2	4
m.22542	615	90	81	100	90	40	22	58	51
m.22547	139	3	3	3	2	3	2	4	3
m.22549	514	4	5	4	4	0	0	1	1
m.1103	1107	3	4	3	4	0	0	2	1
m.22580	202	3	0	4	2	1	1	2	0
m.22589	501	1	1	0	1	0	0	0	0
m.22603	222	2	2	1	1	0	0	1	1
m.2262	545	0	0	0	2	0	0	0	0
m.22659	359	1	1	1	1	0	0	1	1
m.22676	166	1	1	1	1	0	0	0	0
m.22691	209	2	1	2	2	0	0	0	0
m.227	359	14	13	11	11	3	2	8	10
m.22707	617	2	3	3	3	1	0	2	2
m.11035	299	3	4	5	4	0	0	1	1
m.2278	237	0	0	0	1	0	0	2	2
m.22782	553	17	17	16	14	6	7	13	15
m.22799	396	1	1	3	1	0	0	1	1
m.22806	335	0	0	0	0	0	0	1	2
m.22810	245	3	5	2	2	1	1	1	2
m.22850	470	1	1	0	1	0	0	0	0
m.22904	580	16	11	10	9	4	4	10	8
m.22921	1220	2	4	3	4	1	1	5	3
m.22944	994	17	21	23	20	11	7	21	19
m.22952	530	7	12	6	7	3	4	5	3
m.11045	121	2	2	3	2	0	0	1	1
m.22977	195	1	1	0	0	0	0	1	0
m.230	211	9	10	10	7	6	7	10	10
m.23037	263	11	9	10	8	7	6	5	8
m.23042	858	6	9	4	4	2	2	3	5
m.23072	302	5	4	3	3	0	0	5	3
m.23079	454	2	0	2	1	0	0	1	0
m.2309	217	1	1	1	1	0	0	0	2
m.23101	403	1	2	1	1	1	0	1	2
m.23103	397	1	1	2	2	1	1	1	2
m.23134	126	7	8	1	2	0	0	2	2
m.11093	943	0	1	1	1	0	0	0	0
m.23145	569	1	1	0	0	0	0	0	0
m.2316	597	1	2	2	2	0	0	0	1
m.2317	307	3	4	3	4	1	1	4	5
m.23218	266	2	1	2	1	0	0	0	1
m.23233	725	12	5	4	6	1	1	4	4
m.23247	172	1	2	1	1	1	2	0	1
m.23275	219	3	3	0	3	2	1	3	4
m.23281	165	0	0	1	1	0	0	0	1
m.23371	196	2	3	3	2	0	0	2	1
m.23377	644	1	1	2	2	0	0	1	1
m.11100	1144	9	8	7	11	1	1	3	6
m.23397	127	5	6	3	4	2	3	3	4
m.23436	547	1	2	1	1	1	1	2	1
m.2349	652	1	1	1	2	1	1	2	1
m.2353	1773	4	3	3	4	0	3	2	4
m.23560	575	4	4	2	3	1	1	4	2
m.23572	144	2	2	0	0	0	0	0	0
m.23575	291	1	1	1	1	0	2	1	1
m.23588	389	3	3	3	4	1	1	1	2
m.23599	895	69	68	62	63	27	33	60	62
m.2360	1533	14	12	10	9	2	1	5	4
m.11107	150	9	12	9	10	8	8	8	10
m.23602	166	5	5	6	4	0	0	1	1
m.23607	647	20	19	20	17	6	7	17	14
m.23611	241	15	13	13	15	9	9	12	14
m.23613	106	3	5	3	4	0	1	3	4
m.23626	176	3	3	4	2	0	0	0	0
m.23629	351	6	4	8	4	0	1	4	2
m.23632	169	5	5	3	2	2	1	5	5
m.23661	550	3	4	3	3	1	2	4	4
m.23671	219	8	8	9	8	5	5	6	5
m.11149	227	9	10	11	11	4	3	5	6
m.23676	166	2	3	3	3	2	2	3	3
m.23681	182	1	1	1	1	0	0	1	1
m.23685	446	36	38	26	29	16	23	23	19
m.23696	547	0	0	1	1	0	0	1	1
m.23699	552	14	16	15	13	7	4	14	13
m.23708	164	4	1	2	3	0	0	4	4
m.23716	147	9	9	7	7	7	6	8	6
m.23728	760	5	2	4	4	0	0	0	2
m.23737	412	7	6	7	9	6	3	6	4
m.23776	270	6	5	5	5	6	6	6	10
m.1002	498	1	1	2	2	0	0	1	1
m.11152	593	0	0	2	2	0	0	1	1
m.23795	157	1	0	0	0	0	0	0	0
m.23814	289	3	3	3	2	2	1	3	3
m.23817	738	1	3	2	2	1	0	2	2
m.23821	306	22	24	22	24	19	13	22	21
m.23824	188	5	3	4	4	1	1	1	2
m.23859	213	1	0	0	0	0	0	0	0
m.23867	427	2	2	1	1	0	0	0	0
m.23918	356	0	2	1	0	0	0	2	0
m.23926	521	4	2	3	3	1	2	5	4
m.11180	213	1	0	1	2	0	0	0	0
m.23962	496	2	4	2	4	1	1	2	3
m.23996	320	2	2	1	2	0	0	3	1
m.23997	257	1	3	1	3	1	2	2	1
m.24011	345	3	3	2	4	1	1	2	4
m.24029	442	5	6	3	6	1	2	5	4
m.24046	310	1	2	5	2	0	0	1	1
m.24081	202	2	2	3	2	0	1	1	2
m.24092	176	3	5	3	3	3	3	1	3
m.24113	335	4	2	3	5	0	0	3	3
m.2412	527	0	2	1	1	0	1	1	1
m.11210	170	1	2	2	2	0	1	0	0
m.24170	270	2	4	2	2	0	0	2	1
m.24183	283	2	1	1	1	1	0	1	1
m.24205	912	1	3	2	0	0	1	0	1
m.24219	687	5	7	7	8	0	0	4	6
m.24221	132	3	3	2	2	2	1	2	1
m.2423	566	0	1	1	1	0	0	0	0
m.24247	254	2	2	3	2	0	0	1	0
m.24266	335	1	1	0	0	0	0	0	0
m.24267	357	2	2	1	1	0	0	0	0
m.24290	586	1	1	0	0	0	0	1	2
m.1126	148	5	6	3	4	2	2	6	6
m.24308	388	1	4	1	2	0	0	2	1
m.24310	205	2	2	2	1	0	1	4	2
m.24316	262	2	2	0	1	0	0	0	1
m.2433	832	3	5	3	5	1	1	4	3
m.24351	185	2	2	0	1	0	0	1	2
m.24356	255	3	3	0	0	0	0	1	0
m.2438	9514	35	37	38	29	3	5	22	18
m.24423	342	3	4	2	2	1	2	4	2
m.24437	139	2	2	3	4	1	1	1	0
m.24493	298	1	1	2	0	1	0	2	1
m.11265	213	2	3	2	1	2	3	3	3
m.245	272	1	3	1	1	0	0	1	1
m.24569	99	1	1	1	1	0	1	1	1
m.24620	241	15	12	17	17	16	14	19	19
m.247	406	3	4	2	4	1	0	3	4
m.24718	184	1	1	2	2	0	0	2	2
m.24722	174	2	2	1	0	0	0	0	0
m.2473	459	4	4	0	1	0	0	1	2
m.24916	265	1	1	0	0	0	1	0	0
m.24936	844	2	2	0	1	0	1	3	4
m.24947	295	11	10	12	13	8	6	14	11
m.11289	232	1	1	2	1	1	0	0	1
m.24948	811	3	3	4	4	0	1	3	4
m.2495	336	2	0	0	2	0	0	1	1
m.24964	992	15	13	13	13	3	3	10	8
m.24975	251	7	5	6	6	1	0	3	5
m.2503	175	3	2	2	2	0	0	1	1
m.25033	304	2	3	2	3	1	1	2	2
m.25041	188	2	1	1	1	1	0	0	1
m.25047	221	2	2	1	2	2	2	2	2
m.25060	237	3	2	1	3	1	0	1	2
m.251	263	14	11	19	22	9	8	14	13
m.11298	283	2	2	2	2	0	1	2	2
m.25100	471	6	4	5	5	0	0	5	3
m.25115	481	2	3	2	2	0	0	3	2
m.25121	520	2	2	4	4	1	0	5	4
m.25136	500	3	1	2	3	0	0	1	1
m.25139	549	12	12	8	7	3	4	4	6
m.25151	247	0	0	1	0	0	0	0	0
m.25153	155	3	4	2	2	3	1	2	2
m.25176	115	2	2	2	2	0	0	2	3
m.25195	896	0	2	1	1	0	0	3	2
m.11307	740	2	1	2	0	0	0	0	2
m.2520	559	7	9	7	7	0	0	6	4
m.25217	316	0	1	0	0	0	0	1	1
m.25218	280	20	19	7	7	6	10	9	9
m.25233	301	2	3	4	3	1	2	2	2
m.25244	393	2	3	2	2	3	2	5	5
m.25260	257	2	1	1	1	0	0	2	2
m.25270	173	1	1	1	1	1	1	1	1
m.2531	239	10	9	10	12	5	5	7	11
m.25325	239	3	3	1	3	0	0	1	1
m.25376	167	1	1	2	1	2	2	1	2
m.11319	252	2	2	2	1	0	0	1	1
m.2539	1354	5	6	6	5	2	4	6	6
m.25410	350	5	8	7	8	2	4	10	8
m.2542	649	18	12	16	13	4	4	11	10
m.25447	912	1	1	5	5	1	1	1	1
m.25449	552	1	2	2	1	0	1	1	1
m.25457	512	1	0	1	2	0	0	2	2
m.25471	214	1	0	0	0	0	0	0	0
m.255	815	19	14	11	11	9	6	7	8
m.25538	553	2	3	2	2	1	1	2	0
m.25546	453	8	9	7	8	4	6	3	3
m.1133	280	4	3	3	2	0	0	2	2
m.25552	512	1	1	3	1	0	0	1	1
m.25564	220	2	3	2	1	0	0	1	1
m.2558	405	1	0	1	0	0	1	1	1
m.25638	115	1	1	3	2	2	0	2	2
m.25678	189	12	12	13	11	4	6	9	9
m.25703	334	1	1	1	0	2	1	2	1
m.25715	184	0	1	1	0	1	1	1	0
m.25727	713	2	1	3	2	0	1	1	1
m.25798	273	2	2	0	0	1	0	2	0
m.25801	239	13	10	10	10	5	7	13	10
