PROTID	PROTLEN	0	0	1	1
m.10038	212	3	3.5	1	2.5
m.11340	155	2	3	2	2
m.25826	146	12.3333333333333	13.5	11.5	16
m.25869	277	3.33333333333333	3.5	2.5	3.5
m.25878	131	0	0	3	0.5
m.25912	450	0.666666666666667	0.5	2	0
m.25930	109	0.666666666666667	2	0.5	2.5
m.25949	781	2	3.5	1	1
m.2600	343	7.33333333333333	7	4	4.5
m.26006	448	70	70.5	65.5	69
m.26013	535	0.666666666666667	1.5	0	0.5
m.26049	373	0.333333333333333	0.5	0.5	0.5
m.1135	538	15.3333333333333	15.5	9	6.5
m.26080	182	1	1	0.5	0.5
m.2609	814	2	1	2	2.5
m.26093	209	2.66666666666667	2	2.5	2
m.2611	732	8.33333333333333	10.5	8	6.5
m.26158	399	5.33333333333333	5	5	5.5
m.26179	500	1	2.5	1.5	2
m.26235	513	0.666666666666667	1	2	2
m.26261	222	1	2	1.5	2.5
m.26278	149	1.33333333333333	0.5	0.5	1
m.2633	542	1	1	0	0
m.11354	351	4.33333333333333	6.5	5	3
m.26336	389	1.33333333333333	1	3	3
m.26339	197	2.66666666666667	3	1	1.5
m.26379	171	3.33333333333333	3.5	2.5	3.5
m.26409	122	1.33333333333333	1.5	2	3
m.26466	184	4.66666666666667	7.5	3	5
m.26519	179	0	0	0	0.5
m.2654	386	0.333333333333333	0	1	0
m.2655	450	4	5	5	5.5
m.266	1469	0.333333333333333	2	3.5	2.5
m.26602	100	1.66666666666667	0.5	2	2
m.11369	202	4	4.5	2	2
m.26650	151	0	0.5	1	0.5
m.26683	335	1.33333333333333	1	1	0.5
m.267	1212	0.333333333333333	0	0.5	0
m.26709	377	1	0.5	0	1
m.26727	287	0.666666666666667	0.5	0	0
m.26751	180	3	2	1.5	2
m.2677	291	0.333333333333333	1.5	3	2
m.26788	760	7	6	5.5	6
m.26871	106	2	4	3	3
m.26880	126	4.66666666666667	4.5	5	4
m.11382	877	1	1.5	0.5	0.5
m.26896	558	0	0.5	0	0
m.26907	311	8.66666666666667	8.5	13	14.5
m.26926	313	6	7.5	6.5	8.5
m.26933	140	2.66666666666667	4.5	5	4
m.26940	335	8	5.5	8	6.5
m.26970	515	1	2	0	0
m.26981	281	4	4.5	9	5
m.2705	268	17.3333333333333	13.5	13	14
m.27078	180	7.66666666666667	9.5	9.5	9
m.27110	419	0.666666666666667	0.5	1.5	2
m.1141	910	0.666666666666667	0.5	0.5	2.5
m.27111	329	2	2	2	1.5
m.27125	414	0	0	0.5	0.5
m.2715	610	23.3333333333333	24	25	19.5
m.27183	206	0.333333333333333	0.5	0.5	1
m.27197	142	2	1.5	2.5	3.5
m.27204	360	1.33333333333333	1	0	0
m.2723	969	0.333333333333333	0.5	0.5	0.5
m.27234	308	19	20	19.5	16.5
m.27301	1031	0	0	0.5	0
m.11430	456	6.66666666666667	3.5	0.5	0.5
m.27343	272	1	1.5	1.5	1.5
m.27366	279	1	2	1.5	2
m.2737	226	1.33333333333333	1	1	1.5
m.27407	217	1	1	0	0
m.2744	660	3	4.5	0	1.5
m.27472	139	0.666666666666667	1.5	0	1
m.27519	235	3	2.5	3	3
m.2758	817	0	0	0	1
m.27586	330	7	12	6.5	9
m.27605	263	2.66666666666667	3.5	2.5	2.5
m.11472	334	2	2.5	2.5	2
m.27613	234	3.66666666666667	4.5	3.5	3
m.27614	142	6.33333333333333	6	5.5	5.5
m.27625	216	0.333333333333333	0	0	0
m.27628	467	0.666666666666667	1	0	1
m.2764	1523	1	0.5	0	0.5
m.27646	180	3.66666666666667	4	4	5.5
m.2765	1329	1.33333333333333	2	2.5	2
m.27658	363	0.666666666666667	0.5	1.5	0.5
m.27664	165	4.33333333333333	5.5	3.5	5
m.27700	104	6	6.5	7	5
m.1149	736	1	1	1.5	1
m.27714	423	0.333333333333333	1	1	0.5
m.27772	428	2.33333333333333	3	2.5	1.5
m.27778	204	1.66666666666667	2.5	1.5	1
m.27791	585	7.33333333333333	8.5	6	8.5
m.27802	451	0.333333333333333	3	1.5	0.5
m.27813	362	2.33333333333333	1.5	1.5	2
m.27871	99	0.333333333333333	1	2.5	1
m.2794	658	35.6666666666667	39	29	35.5
m.27948	285	4.33333333333333	3.5	3	3.5
m.27998	400	6.66666666666667	7.5	5	4.5
m.115	216	10.3333333333333	11	8	9
m.28013	833	2.66666666666667	2.5	1.5	3
m.28097	108	3.33333333333333	3.5	5	3
m.28137	274	2	2	2	2.5
m.28144	117	0.333333333333333	0.5	0.5	0
m.28154	158	1.66666666666667	1.5	1	1
m.2824	459	3	4.5	5	5.5
m.28256	203	8	4.5	4.5	3
m.28278	688	5.66666666666667	4	2.5	2.5
m.28313	382	0.666666666666667	0.5	1	1
m.28364	198	0.666666666666667	0	0	0
m.1005	498	11.6666666666667	12.5	16	10.5
m.1152	2284	0.666666666666667	0	0	0.5
m.284	444	7	7.5	5.5	5.5
m.2841	371	2	0.5	2	2
m.28413	203	1	2	3.5	2.5
m.28419	437	3	2.5	2.5	4
m.28422	153	1	0	1.5	0
m.28430	410	5	4.5	4	4
m.28435	230	7.66666666666667	7.5	9.5	5.5
m.28438	291	2.66666666666667	4	3	3
m.28488	234	0	0	1	0
m.285	338	2.33333333333333	2.5	1	1
m.11543	385	12.3333333333333	10	7	6.5
m.28519	329	4.66666666666667	6	7	4.5
m.2853	518	4.66666666666667	5.5	2.5	3
m.28534	505	7.66666666666667	6	5.5	3.5
m.28537	125	1.33333333333333	1	1.5	1
m.28546	235	21.6666666666667	23	21.5	26.5
m.2856	532	21.3333333333333	21	17.5	16
m.2860	768	14.6666666666667	19	17	20.5
m.28620	138	0	2	0.5	0.5
m.28662	374	8	6.5	9.5	10.5
m.28742	295	2.33333333333333	3.5	2.5	2
m.11553	214	8.66666666666667	7	7	7
m.28770	229	1.66666666666667	1	1.5	2.5
m.2878	281	9.66666666666667	12	8.5	11
m.28820	245	8.66666666666667	11.5	8.5	10
m.28880	200	1	1	0	0.5
m.28999	107	1.33333333333333	1	1	0
m.29	104	4.33333333333333	6	4.5	4.5
m.29084	160	2	3	2.5	3
m.29137	625	3	2	1.5	2
m.29142	223	2	2	2.5	2
m.29240	253	7.66666666666667	8.5	6	6
m.2928	364	0	1.5	0	1
m.29291	227	0.666666666666667	0.5	1.5	1
m.29299	328	2.33333333333333	1.5	1	2.5
m.29350	356	0	0	0.5	0.5
m.29428	193	15	12	11	12
m.29450	117	1	0.5	0	0
m.295	166	6.66666666666667	9.5	9.5	8
m.29523	191	14.6666666666667	12.5	9.5	12.5
m.29527	167	0.666666666666667	3	0	1
m.29546	408	2	1	0.5	0
m.11603	537	2.66666666666667	2	1	1
m.29573	135	4	4	4	5
m.29601	249	3	3.5	2	2
m.29602	100	0.666666666666667	2	2	1.5
m.29606	138	2	2	1	1
m.29634	1184	0	1.5	0.5	0.5
m.297	271	2.33333333333333	3	2	1.5
m.2970	816	4	2.5	3	6
m.2971	483	0.333333333333333	1	2.5	1.5
m.29844	459	1.33333333333333	2	3	2
m.29861	185	14.3333333333333	17.5	16.5	11.5
m.1163	121	2	2.5	2.5	2.5
m.29888	284	4.33333333333333	4.5	6	6.5
m.29952	124	5.33333333333333	6.5	4	3.5
m.29972	1069	5	4	4	4
m.3004	377	3.66666666666667	3	3	1.5
m.3005	453	4.66666666666667	9	22.5	16
m.30091	627	0.333333333333333	0.5	0	0
m.30104	442	16.3333333333333	17	9	10
m.3013	523	1.33333333333333	0.5	0	0.5
m.30171	172	1	1	1	1
m.30203	117	2	4.5	4	4.5
m.11636	357	2.66666666666667	3	0	2
m.3027	702	1.66666666666667	2	1	2
m.3029	290	1	1.5	2	1
m.30295	390	12	11.5	11	12.5
m.30322	115	0.333333333333333	0.5	1	1
m.3037	1596	0.333333333333333	0.5	0.5	1.5
m.30396	488	29	32.5	30.5	29.5
m.304	134	3	2.5	2.5	2.5
m.30404	107	3.66666666666667	3.5	2.5	1.5
m.30436	263	1.33333333333333	2	0	1.5
m.11687	197	0	0	0.5	0.5
m.30492	247	10.3333333333333	9.5	6	6
m.30496	451	7.66666666666667	9.5	13	10.5
m.30517	248	8.66666666666667	9	7.5	9
m.30602	306	3	3	3	3.5
m.3061	248	4.33333333333333	5	3.5	4
m.30649	133	6.33333333333333	7.5	7.5	5.5
m.308	201	3	2	4.5	1.5
m.3082	374	1.33333333333333	1.5	1.5	2
m.11700	147	1.33333333333333	3	4	6.5
m.3090	880	7	8.5	6	5.5
m.30904	460	0	0.5	0	1.5
m.30909	383	0	0.5	0	0.5
m.30917	239	2	2.5	1.5	1.5
m.30927	172	28.6666666666667	31	30.5	27.5
m.30955	229	12	10.5	13.5	9.5
m.30957	121	2	2	1	1
m.30965	169	2.66666666666667	3	2	3
m.30968	150	6	5	4.5	4.5
m.3100	352	5.33333333333333	10	5.5	4.5
m.11721	335	1.33333333333333	1.5	0	1.5
m.31184	221	10.6666666666667	11	7	7
m.3130	1155	4.33333333333333	7.5	6	5
m.31300	423	4.33333333333333	7	5.5	4
m.3134	211	0.666666666666667	1	0.5	1
m.31437	438	5.66666666666667	6.5	4	6
m.31443	176	4.33333333333333	3.5	2	1.5
m.3146	160	2.66666666666667	3	5.5	3.5
m.31460	197	6	5	2	5
m.31506	166	0	0	0	0.5
m.1007	159	1.66666666666667	0.5	1	1
m.11724	829	7.33333333333333	6.5	7.5	5.5
m.3153	509	1.33333333333333	2.5	2	4
m.31542	149	0	0.5	0	0
m.316	240	4	4.5	5	4
m.31623	358	7	5.5	4	3
m.31625	195	2.66666666666667	2	1.5	3
m.3167	409	0	0	0.5	1
m.3168	200	1.66666666666667	1.5	0	0.5
m.317	569	0	0	0	2
m.31712	115	6.66666666666667	6	5.5	5
m.3172	280	1	2	1.5	2.5
m.11725	118	0.666666666666667	0.5	1	0.5
m.31755	194	0.333333333333333	1	0	0.5
m.3177	109	0.666666666666667	2	0	0.5
m.3187	131	6.66666666666667	7	5.5	5
m.31925	182	1	1	0	1
m.31948	99	1.33333333333333	1	1	2
m.31989	241	9.33333333333333	9	8	8
m.32071	562	3.66666666666667	2.5	2.5	2.5
m.32074	263	0.333333333333333	0	0	0.5
m.32095	297	1.33333333333333	1.5	1	1.5
m.32107	309	2.33333333333333	2	1.5	3
m.11740	629	2	0.5	1	0.5
m.32183	330	1	1.5	1	0.5
m.3220	414	6.33333333333333	8.5	3	3
m.3221	325	5.66666666666667	5.5	7.5	6
m.32284	203	1	1	1	0.5
m.323	492	7.33333333333333	9	3.5	5.5
m.32350	106	0.333333333333333	1	0	0.5
m.32357	153	1.66666666666667	3	2	3
m.32358	194	1	1.5	1.5	0.5
m.32359	150	0	0.5	0	0.5
m.32372	367	0	0	0	2
m.11744	384	2	2	1	1.5
m.32400	152	15	17	10.5	9.5
m.32403	306	1.33333333333333	1	2	2
m.32424	125	0.333333333333333	1	0	0.5
m.32437	322	7	9	5.5	8
m.32472	518	0	0	0	0.5
m.3251	282	2.66666666666667	1.5	1	1.5
m.3255	868	2.66666666666667	4	4.5	4
m.32551	99	2.33333333333333	2	2.5	0
m.32621	249	1.66666666666667	1	1.5	1
m.11754	237	4.66666666666667	3.5	4	3
m.32635	153	6.66666666666667	6.5	5	4.5
m.32645	340	0	0.5	0	0.5
m.3273	568	0.333333333333333	0	0	0
m.3276	306	0.333333333333333	1	0	0.5
m.32828	176	11.6666666666667	10.5	10	12
m.32831	225	9.33333333333333	8.5	4.5	10
m.3284	767	0.666666666666667	0.5	0	0
m.32846	176	1	1	1	1.5
m.32852	395	1	0.5	2	2
m.33026	112	3.33333333333333	4.5	4	3.5
m.11767	390	0.333333333333333	0	0	0
m.33059	120	1.66666666666667	1	1	1.5
m.33136	368	1.33333333333333	1.5	1	1
m.33160	897	0	0	0	0.5
m.332	282	56	57.5	57	64.5
m.33261	166	1	2.5	1.5	0
m.33410	147	1.33333333333333	1	0.5	1
m.33455	109	3.33333333333333	4.5	7	6.5
m.3347	452	0.666666666666667	2	0.5	0.5
m.33471	155	3	1	1.5	2
m.33472	425	7.33333333333333	8	5	6
m.33492	113	0.666666666666667	1.5	1	1
m.33503	162	1.33333333333333	2	2	1.5
m.33514	310	2.66666666666667	2.5	2.5	3
m.33520	102	2	4	0.5	3
m.33573	158	1.66666666666667	1	0.5	0
m.33585	222	1.66666666666667	3	3	6
m.33765	180	0.333333333333333	0.5	0.5	0.5
m.3377	199	6.33333333333333	6	5.5	5.5
m.33823	263	5	5	9.5	8
m.11786	188	5.33333333333333	5	5	4
m.33851	449	2.33333333333333	3	0	0.5
m.33885	143	1.66666666666667	0	0.5	0
m.33899	140	2	2	1.5	1.5
m.34056	168	3.66666666666667	5	5.5	5
m.34074	300	4.33333333333333	2.5	1	1
m.3410	419	2.33333333333333	2.5	3.5	2
m.34124	301	0.333333333333333	1.5	1	0.5
m.34153	162	1	2	2	2
m.34157	102	12.3333333333333	17	13	14.5
m.34189	296	4.33333333333333	6	3.5	4
m.11819	281	2	2	2	1
m.342	284	16	15	17	17
m.3422	302	0	0	1	2
m.34230	432	0.666666666666667	1	0.5	1.5
m.3426	883	0	0	0	0.5
m.34307	327	1	1	2	3
m.34320	345	5.33333333333333	5	4.5	4.5
m.34388	510	1.33333333333333	2.5	1.5	2
m.34425	200	2.33333333333333	3	2	2
m.3444	334	1.33333333333333	1.5	2.5	2
m.34462	419	6	7.5	8.5	8.5
m.11826	566	2.66666666666667	2	4.5	3.5
m.34493	172	6.66666666666667	8	7	7.5
m.34529	167	1	1.5	2	0
m.34604	140	3.66666666666667	4	2	2
m.34605	160	1	1	1	0.5
m.3462	8400	21.6666666666667	21	13	18.5
m.3463	3039	11.3333333333333	12	10.5	10
m.34688	318	3.66666666666667	3.5	2.5	1
m.34690	147	0	1.5	1	1.5
m.347	455	42.6666666666667	38	43	49.5
m.34713	109	2	2	1	1
m.10080	526	17	14	14.5	15
m.11831	212	2.66666666666667	2.5	0.5	1.5
m.34768	124	0.333333333333333	0	0	0
m.3477	1085	20.6666666666667	26.5	23	20
m.34772	240	0.666666666666667	2	1.5	2
m.34789	370	0	0	0	0.5
m.348	295	10.3333333333333	10.5	8	8.5
m.34960	270	0.333333333333333	1.5	1	1
m.34980	153	0	0	1	1
m.34991	288	3	4	4	4.5
m.34996	174	1.66666666666667	1	1	1
m.35068	261	0	0	4	2
m.11832	897	8.33333333333333	11	9.5	7.5
m.35071	140	2.33333333333333	2	3	2
m.35100	307	0.333333333333333	1	0.5	0
m.35136	334	1.33333333333333	3.5	3.5	3.5
m.35147	172	2.66666666666667	3	1.5	1.5
m.35243	207	0	0.5	0.5	0.5
m.35307	214	1.66666666666667	1.5	0.5	0.5
m.3535	553	2	1	0.5	0.5
m.3543	203	1.33333333333333	1	0.5	0.5
m.3547	337	0.333333333333333	0.5	1.5	0
m.3549	388	0	0	1	0
m.1184	205	1	0.5	1	0
m.355	256	33.6666666666667	35.5	33.5	31
m.35511	123	2.66666666666667	3	1.5	1
m.35564	204	4	3.5	2.5	1.5
m.3565	211	6	7	5.5	3
m.357	733	0.333333333333333	1	0	0
m.35843	140	0.333333333333333	1.5	1.5	1.5
m.3586	360	0.666666666666667	1	0	0
m.35895	213	1.66666666666667	2	1.5	1
m.35911	133	8.66666666666667	9.5	8.5	9.5
m.36003	135	2	2.5	3	3.5
m.11842	252	4.33333333333333	1.5	3	3.5
m.3601	988	0	0	0.5	0
m.36024	385	12	11.5	15	16.5
m.36124	147	2.66666666666667	2	2.5	2.5
m.3619	642	1.33333333333333	0	1.5	0
m.362	112	0.666666666666667	0.5	0.5	1.5
m.3621	404	1	2	1	1.5
m.36235	154	7.33333333333333	8	5.5	5
m.3627	290	2.33333333333333	4.5	3.5	3.5
m.36293	247	0.666666666666667	1.5	0	3
m.36294	179	1.33333333333333	1.5	0.5	1.5
m.11876	224	0.666666666666667	1.5	1.5	1
m.36295	190	0	0.5	0	0
m.36305	120	2.33333333333333	0	0.5	1
m.36358	231	0.666666666666667	2.5	1.5	1
m.36412	362	3	1.5	1.5	1
m.365	460	29	26	27.5	37.5
m.36655	249	1	2	2.5	2
m.36657	206	3.66666666666667	3.5	6.5	5.5
m.36658	156	7.33333333333333	7	6.5	5
m.36659	126	2.66666666666667	2.5	3	1
m.3666	213	31.6666666666667	34.5	34	25
m.1188	293	4.33333333333333	5.5	5.5	6
m.36673	175	0	0	2.5	0
m.36731	170	6	5	5	3.5
m.3675	482	3.33333333333333	5	4.5	7
m.3689	731	1.66666666666667	1.5	3.5	3
m.3691	708	1.33333333333333	1.5	1.5	1.5
m.37180	248	0	0	3	0
m.37188	283	0.666666666666667	1	1	0
m.3723	105	2.33333333333333	1.5	0.5	2
m.37396	133	7	4.5	5.5	6
m.37474	159	21	14	5.5	10.5
m.11907	647	1.66666666666667	2.5	0	0
m.3760	164	1.66666666666667	1	1	1.5
m.37732	163	1.33333333333333	1	1	0
m.3779	703	0.666666666666667	2.5	0	0
m.37794	114	0	0	0.5	1
m.378	200	13	12	14	13
m.37819	132	0.333333333333333	1	0	0
m.37833	126	7	8.5	7	7.5
m.37922	139	2.66666666666667	2.5	2	2
m.37941	99	0.333333333333333	0	0.5	0
m.37958	188	0.333333333333333	0	0	0
m.11921	315	1.33333333333333	3.5	9.5	7
m.37962	437	2.66666666666667	3	3.5	3
m.37963	226	2.33333333333333	1	1	1.5
m.38034	178	0.666666666666667	1	0.5	1
m.38037	198	8.33333333333333	9.5	9.5	9.5
m.38038	462	12.6666666666667	11	6.5	9.5
m.38073	190	3	2.5	3.5	2.5
m.3808	609	31	24	27	25
m.3817	410	1.33333333333333	0.5	1	1
m.38264	113	1	1	1	1.5
m.38396	326	0.333333333333333	0	0	0
m.11924	283	0.333333333333333	0.5	0	0.5
m.384	422	107.333333333333	105.5	94.5	101
m.38468	195	4.33333333333333	4	4	3
m.38478	153	1	0.5	1	0.5
m.38537	209	1.33333333333333	1	1	1
m.38555	178	1	2	1.5	0.5
m.38571	236	1	2	1	0.5
m.386	335	5.66666666666667	7.5	10	5.5
m.3861	463	0.666666666666667	1.5	0.5	1.5
m.38692	194	1.33333333333333	0	2.5	2.5
m.3871	422	0.333333333333333	0	1.5	0.5
m.11933	202	0	1	0	0
m.38847	116	4.33333333333333	2	0	0.5
m.39	352	0	0	0	0.5
m.3914	142	4.33333333333333	4.5	2	3
m.3929	668	2.33333333333333	1.5	1	0.5
m.3936	244	4	8	5	5.5
m.395	594	6.33333333333333	3	7	6
m.3953	259	2	3	3	3
m.3970	459	1.66666666666667	2	4	1.5
m.3978	582	10	12	10	8
m.3981	180	2.33333333333333	2	2	4.5
m.10093	673	1	1	1	1
m.11960	265	1.33333333333333	1.5	1	1
m.3991	359	4	1.5	2	0.5
m.4	1370	32.6666666666667	49.5	44.5	27.5
m.4026	349	2	3	4	3
m.405	356	1	1.5	3.5	3
m.408	537	3.66666666666667	2	3	2.5
m.4092	124	19.3333333333333	26	18.5	21
m.4111	173	1.33333333333333	1.5	0.5	1
m.4131	303	2.33333333333333	1.5	1.5	1.5
m.416	307	5.66666666666667	4	6.5	5
m.11993	245	1	1	1	2
m.4186	1024	0.666666666666667	2.5	0	1
m.4192	379	3	3	2.5	3
m.4199	411	1	2	3	2.5
m.4212	929	16	21.5	27	22
m.4224	397	7.33333333333333	8.5	11	7
m.4229	273	3.66666666666667	6.5	5	4
m.423	229	9.66666666666667	8	8.5	8.5
m.4233	452	3.66666666666667	2.5	2	2.5
m.4250	288	21.3333333333333	21.5	19.5	19
m.426	811	1	1.5	6.5	10
m.12002	156	1.33333333333333	3	1	1.5
m.4268	630	0	0.5	2	1.5
m.427	250	0.333333333333333	0	1.5	1.5
m.4279	306	1.33333333333333	2.5	1	0
m.428	332	2.66666666666667	2.5	4.5	3.5
m.429	369	1.33333333333333	0.5	0	0
m.43	257	0	1	0	0
m.4304	248	2	2	1.5	1.5
m.4309	396	0	0	0	0.5
m.431	153	1.66666666666667	1.5	1	1.5
m.4326	136	3	2	3	2.5
m.12007	433	10	8.5	7	8
m.4327	322	5	4.5	1	2.5
m.4353	392	3.33333333333333	5	4.5	5.5
m.4356	640	10.3333333333333	11.5	9	6.5
m.4358	403	3.66666666666667	3	2.5	3
m.437	429	1.33333333333333	2	2.5	1
m.4371	294	0.666666666666667	1	0.5	0
m.4377	263	1	2	2	1
m.4386	383	5	6.5	2.5	3
m.4387	576	1	0	1.5	0
m.4396	851	0.666666666666667	1	1	0.5
m.12009	511	1	1	0	1
m.4397	158	0.333333333333333	0	0.5	0.5
m.441	423	19	18	14	14
m.4416	678	1	2	0.5	0.5
m.443	202	3.33333333333333	3	2	2.5
m.444	342	0.333333333333333	1	0.5	0.5
m.4449	151	0	0.5	0	0
m.4453	365	1	2	3	2
m.4511	317	0.333333333333333	0	1	1
m.4533	744	0.333333333333333	0	1	0.5
m.454	722	1	0	1	1.5
m.12035	180	2.33333333333333	2	1.5	3.5
m.4541	228	0.333333333333333	0.5	0	0.5
m.4567	294	0.666666666666667	1	1.5	1.5
m.4575	193	0	0	1.5	1.5
m.458	572	1.33333333333333	3	1.5	0
m.459	339	6.66666666666667	5	9.5	6.5
m.4593	1009	5.66666666666667	1.5	4	4.5
m.460	402	15	11	14.5	11
m.461	891	1	2.5	2	1
m.4616	493	1.33333333333333	2	2	2.5
m.462	353	5	6.5	5	5.5
m.12048	569	14	16.5	13.5	11.5
m.4637	291	0.333333333333333	1	1	1
m.4641	249	0.333333333333333	2.5	0	0.5
m.4645	459	0.333333333333333	2.5	0	0
m.4694	414	8.66666666666667	8	11	12.5
m.47	1132	0.333333333333333	1.5	0	0
m.471	360	0.333333333333333	0.5	0.5	0.5
m.4728	213	3.33333333333333	7.5	4	5.5
m.473	628	9.66666666666667	9	10	10
m.4733	390	0	0.5	1.5	1
m.474	402	0	1	1.5	1
m.12056	309	2.33333333333333	2.5	3	4
m.4747	349	14.3333333333333	12.5	10.5	7
m.4759	223	6	9	6.5	4.5
m.4808	367	1	0	0	0
m.481	1150	12	13	12	17.5
m.4811	467	1	1	0	0
m.4855	1250	0	0.5	1	0
m.4863	154	0	0	0	0.5
m.4876	497	10.6666666666667	10.5	10	9
m.4878	331	25	25	23	23
m.12069	191	0	0	0.5	0
m.4883	240	1.66666666666667	1	1.5	2
m.4889	468	2.66666666666667	2.5	2.5	2.5
m.4892	422	1.66666666666667	2	2	1
m.4894	508	0.666666666666667	1	1.5	1
m.4897	319	15	15	13.5	16.5
m.4900	202	6.33333333333333	6.5	5	4.5
m.4903	2982	2	5.5	2	0
m.491	248	13.6666666666667	12.5	12.5	12
m.4911	552	74.3333333333333	80.5	72.5	74.5
m.4921	158	8	10.5	12.5	10.5
m.12097	491	0	0	0.5	0
m.4923	315	12.6666666666667	16	14	14.5
m.494	400	7	6	7	4.5
m.4943	647	45	46	42.5	43.5
m.4946	322	2	2	1.5	1.5
m.4958	221	1	1	0.5	0
m.4968	676	1.33333333333333	1	1	0
m.4969	645	0	0.5	0.5	0
m.4974	208	6.33333333333333	7.5	3.5	2.5
m.4978	368	30.3333333333333	32.5	31.5	30.5
m.4988	204	5	3.5	4.5	4
m.10111	222	0.333333333333333	2	0	1.5
m.1215	381	6	9.5	7	8
m.4990	351	3	3	0	4.5
m.4998	325	2.33333333333333	3	2.5	3
m.500	227	1.66666666666667	3	0.5	0.5
m.5003	527	0	0.5	0	0
m.5005	481	22.6666666666667	28	26	27
m.5012	2350	111	99.5	86.5	85
m.5020	224	9	7.5	8.5	7
m.5022	151	14	13	12	13.5
m.5026	617	0.666666666666667	0	0	0
m.5028	1007	27.6666666666667	28.5	24.5	26.5
m.12175	403	4	6	6.5	5.5
m.5036	327	1.66666666666667	1.5	1	0
m.5038	1493	0.333333333333333	1	1	0.5
m.5056	403	4.33333333333333	4	4	4.5
m.5061	506	13	15.5	14.5	15.5
m.5062	346	14.3333333333333	13.5	15	14.5
m.5064	342	4.66666666666667	6.5	6.5	10
m.5076	1105	4	5.5	4.5	5
m.508	371	4.66666666666667	5.5	6.5	5.5
m.5080	107	3.66666666666667	3.5	3	6
m.5081	198	5.33333333333333	10	4.5	8
m.12185	535	2.66666666666667	4	1	2
m.5109	131	2	2	1	1
m.5113	272	11	9	8.5	8
m.5116	342	0	0.5	0.5	0
m.5120	694	22.6666666666667	27	24.5	22.5
m.5128	376	3.66666666666667	3	4	3.5
m.5142	151	5.33333333333333	5.5	5	5
m.5146	126	8.33333333333333	7.5	5.5	7
m.5147	416	15	15.5	13	14
m.5148	167	3	3.5	3.5	3
m.515	303	0.666666666666667	1.5	3	3
m.12229	471	23.3333333333333	24	25.5	28.5
m.5150	488	2	3	2.5	3
m.5161	451	5	4.5	5.5	4.5
m.5169	263	0	0.5	0	0
m.5172	212	0.666666666666667	0	0.5	0
m.5182	409	12	15	11.5	10.5
m.5185	122	1.33333333333333	0.5	1.5	2.5
m.5186	242	44.6666666666667	51.5	44	39
m.519	515	15.6666666666667	20.5	9.5	14.5
m.5191	2106	10.3333333333333	18.5	12	13
m.5199	639	3	2.5	2	4
m.1223	739	2.33333333333333	3	3	2.5
m.5203	1963	1	2	1	1
m.5212	302	1	1	1.5	1
m.5216	1018	2	2	2	0
m.5248	375	1.66666666666667	2	1.5	1
m.5250	227	3.66666666666667	3.5	3	3
m.5253	335	35.3333333333333	34	30	28.5
m.5256	138	5	5.5	4	5.5
m.5258	222	3.66666666666667	2.5	1.5	1.5
m.5266	746	1.66666666666667	2	1.5	1
m.5277	148	2	2	2	1.5
m.12238	232	16.3333333333333	21	18.5	16
m.5288	344	0	1.5	0.5	2
m.5290	1690	32.3333333333333	28	24	23
m.5296	670	0.666666666666667	0	0	0
m.5305	270	3.33333333333333	3	4	2
m.5309	1972	163.333333333333	161	145	144
m.531	580	15.3333333333333	16.5	14	17
m.5315	882	10.6666666666667	9.5	9.5	8.5
m.532	113	4.66666666666667	3.5	3.5	4.5
m.534	225	12.6666666666667	11	14	16
m.5346	119	2.33333333333333	1	1.5	1.5
m.1225	1047	0	0.5	0.5	0
m.535	370	1.66666666666667	1.5	0	0
m.5352	328	1	0	0.5	2
m.5354	547	12.3333333333333	12	14.5	14
m.5364	172	10.3333333333333	10.5	8	8
m.5369	500	3	2	4.5	2.5
m.5376	135	1	1.5	0.5	1
m.5382	195	2.33333333333333	2.5	3.5	3
m.5390	842	6.66666666666667	5.5	5.5	9
m.5398	324	0.666666666666667	0.5	0	0
m.5400	164	4	6	4.5	3
m.12306	644	1	1.5	1.5	0.5
m.5401	114	5	0.5	0	0.5
m.5403	461	18	23	19	20
m.5407	595	9	5.5	6	6.5
m.5413	216	1.66666666666667	1.5	1	1.5
m.5415	188	3.33333333333333	4	4	2.5
m.5416	476	3.66666666666667	3.5	3.5	3.5
m.5422	1121	4	7.5	7.5	8.5
m.5425	415	36.6666666666667	33.5	42	43
m.5441	307	2.66666666666667	2.5	3	1.5
m.5442	167	13	13.5	13.5	13.5
m.12334	1458	2	1.5	1.5	2
m.5457	390	1	1.5	0.5	0.5
m.5459	641	0.333333333333333	0.5	1	0
m.5465	622	13	13	10.5	10
m.5473	170	3.66666666666667	3	5	5
m.5478	219	0	0	1	0
m.5484	707	4.33333333333333	3.5	3.5	1.5
m.5487	105	6	8.5	4.5	5
m.5493	248	0	0.5	0	0
m.550	489	31.6666666666667	33.5	32	33
m.5507	231	2.33333333333333	1	2	3
m.1235	511	0	0.5	0.5	1
m.5516	387	5.66666666666667	6.5	3.5	4
m.552	338	5.33333333333333	7	5	5.5
m.5522	429	3.33333333333333	3.5	3.5	4.5
m.5525	456	13	15.5	11.5	14
m.5528	192	4	4	4	3
m.5538	480	12	11.5	12	11.5
m.5566	116	1	2	1.5	1
m.5581	320	2	2	1	0
m.5583	175	3	4.5	4	3.5
m.5593	175	1	2	1.5	2.5
m.1013	969	1.33333333333333	2.5	0	0.5
m.12366	358	0	0.5	0	0.5
m.56	236	7.66666666666667	7	8.5	8
m.5603	203	2.66666666666667	5.5	2	2.5
m.5605	166	5	5	6	6
m.5606	190	4.66666666666667	6.5	7.5	4.5
m.5611	317	10	12	12	14
m.5613	134	7	7	4.5	4
m.5618	330	2	3	11.5	6
m.5620	959	3.33333333333333	3	2.5	4
m.5624	813	11	11	13.5	13.5
m.5628	431	28.3333333333333	28	24.5	20.5
m.1238	450	1.33333333333333	2.5	5	3
m.5643	338	3.66666666666667	5.5	3	3.5
m.5644	430	15.6666666666667	13.5	15	14.5
m.5659	127	4	5.5	4.5	5
m.5661	257	1.66666666666667	1.5	0	0
m.5664	242	14.3333333333333	16.5	12.5	12.5
m.5665	346	7.33333333333333	8	9	8.5
m.5672	207	0	0	0	0.5
m.5676	297	2.33333333333333	4.5	2.5	3.5
m.5677	398	8	6.5	8	6
m.5680	200	0	0.5	0	0
m.12417	694	2.33333333333333	2.5	1.5	2
m.5686	252	1.33333333333333	1.5	1	0
m.5692	394	1	1	1	1
m.5724	205	11	15	7.5	11.5
m.5735	289	1	2	1.5	0.5
m.5752	384	0	0	0	0.5
m.5753	396	3	1	3	1.5
m.5755	241	2.66666666666667	2	2	2.5
m.578	416	0.666666666666667	0	0.5	0.5
m.579	570	22.6666666666667	24	23	23.5
m.580	344	19	21	20.5	20
m.1249	263	14	15	9	15.5
m.5803	326	0.666666666666667	1	0	1
m.5804	1293	9.33333333333333	11	12	9
m.5811	486	21	21.5	19.5	19.5
m.5859	199	7	5	3.5	4
m.5862	284	3.33333333333333	3	3.5	2
m.5867	472	4.33333333333333	3	5.5	6.5
m.5868	232	1	1.5	0.5	1
m.5869	404	2	1.5	1.5	2
m.5870	1080	10.6666666666667	11.5	13	11.5
m.5891	357	1.33333333333333	2	2	3
m.12517	148	1.66666666666667	1	0.5	1.5
m.5898	324	0.666666666666667	0.5	1	1.5
m.5900	332	1.66666666666667	0.5	2	1
m.592	568	0.666666666666667	1.5	1.5	2.5
m.5924	163	4	6	4	3
m.5940	470	15.6666666666667	21.5	14	17.5
m.5946	412	4.33333333333333	5.5	3.5	3
m.5947	328	2.66666666666667	3.5	3.5	2
m.595	591	6.66666666666667	9.5	9	6.5
m.5953	1295	34.6666666666667	37.5	40	41
m.5958	540	0.333333333333333	0.5	0.5	0.5
m.12521	914	13	12.5	17.5	17
m.5961	726	44	50.5	50.5	44.5
m.5976	440	0.333333333333333	1	3.5	1
m.5981	145	5.33333333333333	6	5.5	4
m.6000	281	14.3333333333333	13.5	11	11
m.6006	339	32.6666666666667	35	30.5	26
m.6024	399	2.66666666666667	3	4	4
m.6025	191	12.3333333333333	16	6.5	16
m.604	626	11	10	11.5	9
m.6042	807	0	0	0.5	1.5
m.6043	332	0.333333333333333	0.5	0	1
m.12550	201	5	5	5	4
m.6046	318	1	2	2	2
m.6058	1126	1.66666666666667	2.5	0	1
m.606	401	14.6666666666667	15	17	18.5
m.6062	535	7	8	9	10
m.6067	290	2.33333333333333	3	1.5	2
m.6076	413	0	0.5	0.5	0
m.6093	277	0.666666666666667	1	1	1
m.6098	224	0	0.5	0	0
m.611	550	6.33333333333333	5.5	4.5	3
m.6130	287	17.3333333333333	17	14.5	17
m.12589	426	1.33333333333333	2	4	3.5
m.6137	829	2	1.5	1	0.5
m.6149	834	5.66666666666667	8.5	10	7.5
m.6153	459	4.66666666666667	4.5	3.5	2.5
m.6160	246	13	13	12	13.5
m.6161	297	1.66666666666667	4.5	2.5	0.5
m.6174	243	18.6666666666667	22	19.5	20
m.6192	463	18.6666666666667	16.5	12.5	12
m.6207	485	1.33333333333333	3	0.5	1
m.6208	1190	0.666666666666667	0.5	0	0
m.6212	640	40.3333333333333	42.5	31.5	34.5
m.12606	311	1.33333333333333	1.5	0.5	1.5
m.6219	1290	3	2	2	2.5
m.6233	239	3.66666666666667	5	5	5
m.6235	1030	0.666666666666667	1	2.5	1
m.6244	213	0	0	1	0
m.625	931	0	0.5	0	0
m.6258	470	3.33333333333333	3.5	3.5	3
m.6266	564	17	15.5	15	13.5
m.6279	328	0.333333333333333	2	0	0
m.628	379	1.33333333333333	4	3	3
m.1261	196	1	2.5	1	0.5
m.631	168	0.333333333333333	1	0	0
m.6338	688	0.333333333333333	0.5	0	1
m.6354	185	4	4	4	2.5
m.6361	1066	13.3333333333333	13.5	18.5	17.5
m.6363	693	2.33333333333333	2	3	3.5
m.637	726	0.666666666666667	3	4	2.5
m.6370	313	18.3333333333333	18.5	16.5	14
m.6400	282	1	1.5	1.5	1
m.6404	402	3	3.5	1	1
m.6408	422	0.333333333333333	0	1	0
m.10132	182	1.33333333333333	2	1.5	1.5
m.12641	187	2	1	0	0
m.6410	391	0.333333333333333	1.5	2	1
m.6414	454	4	5.5	3.5	6
m.6433	288	0.333333333333333	0.5	0	0
m.6495	278	2.33333333333333	3.5	3	2
m.650	554	6.33333333333333	6	5.5	5
m.6505	217	0	1	1	1
m.651	113	6.66666666666667	6.5	7	6.5
m.6511	281	8.33333333333333	10	7.5	10
m.6516	603	1.33333333333333	2	2	3
m.6522	302	17.3333333333333	19.5	21.5	16.5
m.12642	195	33.6666666666667	33	26.5	29.5
m.6524	587	24	25	25.5	20.5
m.6525	168	2.66666666666667	2.5	2.5	2.5
m.6534	473	1.66666666666667	0.5	0	0.5
m.6554	533	14.3333333333333	20	13.5	23
m.6562	225	1	2	2.5	4
m.657	677	6.33333333333333	8.5	6.5	7.5
m.6574	602	8.66666666666667	10	12.5	10.5
m.6603	632	2	2	3	4
m.6613	526	0.333333333333333	0.5	0	0.5
m.6614	1203	6.66666666666667	7.5	6.5	10
m.12648	162	1.33333333333333	1.5	0.5	1
m.6620	708	2.33333333333333	4.5	2	2.5
m.6630	215	0	1	0.5	0.5
m.6645	175	1	1.5	1	1.5
m.6650	137	2.33333333333333	1.5	1	1
m.6654	227	5.33333333333333	4.5	4	4.5
m.6678	2678	5	6	3	2
m.6688	381	2	4	1.5	2.5
m.6690	123	4	3	3.5	2.5
m.6698	487	32.3333333333333	35	38	31
m.6700	483	1.33333333333333	0.5	0.5	0
m.1265	381	1.33333333333333	0	1	0
m.6705	727	15.3333333333333	17.5	16	20.5
m.671	663	2	3	1.5	1.5
m.6724	676	23.6666666666667	29.5	21	19.5
m.673	891	0.333333333333333	0	0.5	0
m.6735	993	0.333333333333333	0.5	1	0
m.6750	260	9.33333333333333	10	10	8.5
m.6751	684	2.33333333333333	3	1.5	1.5
m.6756	433	1	1	0	0
m.6764	636	5	3.5	5	4
m.6777	271	1.66666666666667	3.5	1.5	1.5
m.12662	470	11.3333333333333	11.5	13.5	12.5
m.6795	338	2.66666666666667	3.5	3	2.5
m.681	2015	93.3333333333333	87	73	76
m.6816	173	3	3.5	0.5	1.5
m.6822	465	3	2.5	1.5	2.5
m.6835	423	1.66666666666667	3.5	3	3
m.6844	389	13	9	11	16.5
m.6864	607	0	0.5	0.5	2.5
m.6865	1038	1.33333333333333	2	1.5	3.5
m.6868	946	10.3333333333333	13	11	10
m.6883	567	14.6666666666667	17	11.5	12
m.12676	293	1.33333333333333	2	1	2
m.6915	184	2.33333333333333	1.5	0.5	1
m.694	857	4.33333333333333	4.5	3.5	2.5
m.6949	182	1.33333333333333	0.5	2.5	2.5
m.6956	142	0.333333333333333	0	0	0
m.6968	331	0	1	0	0
m.6975	388	2.33333333333333	2	1.5	1.5
m.698	256	0.333333333333333	1.5	1	0.5
m.6987	527	0.333333333333333	1.5	1	1
m.6990	479	4	4.5	3.5	2
m.6999	171	1.33333333333333	2	1.5	1
m.12686	459	2	3.5	3.5	3.5
m.70	207	3	4.5	2.5	3.5
m.7005	1086	52.6666666666667	53.5	41.5	38.5
m.707	329	1.33333333333333	3	2	1
m.7103	496	1.33333333333333	2.5	1.5	2
m.7107	168	0.333333333333333	0.5	0	1
m.711	289	2.66666666666667	2	0	0.5
m.7111	267	0.666666666666667	1.5	1.5	1
m.7115	1367	8.66666666666667	7	7	9.5
m.7131	978	4.33333333333333	4.5	4.5	3.5
m.7138	221	1	0	0	0
m.12693	1749	0	0	3	14
m.7140	275	13	11	10.5	8
m.7154	627	0	0	0	1
m.7159	1549	3.33333333333333	2.5	2	4
m.720	102	1.33333333333333	1	1	1
m.7206	974	4	5.5	6	6
m.721	1283	1.33333333333333	1.5	1.5	0.5
m.7211	854	1.66666666666667	1	2	1.5
m.7240	672	1.33333333333333	4	1.5	2
m.7242	348	0.333333333333333	2	1	1
m.725	200	1	1	0	0
m.12695	530	0.333333333333333	0	0.5	0
m.7262	373	14.3333333333333	16	13	14.5
m.7285	870	1.33333333333333	0.5	1	0
m.7288	361	11.3333333333333	12.5	10.5	9
m.7296	413	41.6666666666667	43	30.5	42
m.7297	100	9	8	9	7
m.733	773	9.33333333333333	11.5	10.5	7.5
m.7348	315	16	16.5	10.5	10
m.7362	351	0	1	1	0
m.7372	521	0.333333333333333	0	0.5	0
m.7375	539	1	1.5	0	0.5
m.12698	142	4.33333333333333	6	4.5	4.5
m.738	140	17.6666666666667	19	13	14
m.7382	319	0	0	0	1
m.7404	524	103.666666666667	105	118.5	106.5
m.7426	502	30.3333333333333	29	34	28.5
m.745	243	11.3333333333333	12	11	11.5
m.7457	110	9	11	8	5.5
m.7461	430	12.6666666666667	13.5	14	14.5
m.7469	537	1.33333333333333	4	4.5	3.5
m.7470	329	1	0.5	0	0.5
m.7487	461	0	0.5	0	0
m.10135	467	3.66666666666667	4	2.5	3.5
m.12707	398	3	0.5	2.5	0
m.750	800	1.66666666666667	1	0	2
m.7509	441	5.66666666666667	8.5	3.5	2
m.753	343	4.33333333333333	4	4	5
m.755	538	1	0.5	2	0.5
m.7552	386	0.666666666666667	0.5	1	1
m.7561	417	4	3.5	3	2.5
m.7582	540	3	3	2.5	3.5
m.7588	415	1	2.5	1	1.5
m.7592	467	9.66666666666667	13.5	11	12
m.7593	596	1.33333333333333	4	2.5	3
m.12716	167	3.33333333333333	1	1	0.5
m.7595	1291	58.3333333333333	63.5	43	44.5
m.7600	469	0.666666666666667	0.5	0.5	0.5
m.7628	331	0	0	0.5	0
m.7630	342	0.666666666666667	0	0	0.5
m.7637	482	7	5	7.5	5.5
m.7644	222	0.333333333333333	1	0	0
m.7647	1472	3	4.5	3.5	3
m.765	688	1	1.5	2	3.5
m.7660	262	0.333333333333333	0	0.5	0
m.12721	179	0	0	1	2
m.7663	465	1.33333333333333	2.5	1.5	1
m.7667	285	4.66666666666667	4.5	5	4.5
m.7674	481	7.33333333333333	9	8	6
m.7691	358	0.666666666666667	1.5	2	1
m.77	597	48.3333333333333	49.5	43	44
m.772	418	19.3333333333333	20	19.5	18
m.7741	384	90.6666666666667	89.5	88	84.5
m.7744	503	1.33333333333333	1	1	0
m.7751	288	16	16.5	14	16.5
m.7753	1062	0	0.5	0	0.5
m.12725	224	5	4.5	4.5	4
m.7798	205	0.666666666666667	1	0.5	1
m.782	388	36.6666666666667	43.5	28.5	31.5
m.7823	187	0	0.5	0	0
m.7834	739	2.33333333333333	2	2	2
m.7836	367	1.66666666666667	1	1	0.5
m.784	162	0.666666666666667	1.5	2	0
m.785	233	1.33333333333333	2.5	1	0.5
m.787	428	28	33	32	31
m.789	775	2.33333333333333	2	1.5	1.5
m.791	133	2	2.5	0.5	0
m.12732	698	39	43	27.5	32
m.793	584	0.333333333333333	0	1	0.5
m.7945	324	1.66666666666667	2	1.5	2.5
m.7961	340	0.666666666666667	1.5	0.5	0
m.7974	155	4	2	1	1
m.8003	356	3.33333333333333	5.5	4	4
m.8017	724	3.66666666666667	5.5	6	2.5
m.8023	472	1.33333333333333	2	1.5	1.5
m.8059	183	0.333333333333333	1	1	0.5
m.809	141	0.333333333333333	0	1	0
m.81	504	12	13.5	20	17
m.12737	490	0	0.5	0	0.5
m.8138	1023	0	0.5	0	0
m.8149	654	3	3.5	5.5	4.5
m.818	312	0	0	0	0.5
m.82	123	0.666666666666667	2.5	1	1.5
m.8222	467	26	33.5	23.5	25
m.8227	922	2.33333333333333	1.5	1	2.5
m.8232	523	2	4	1	3
m.8233	1215	28	29.5	25	27.5
m.8241	512	1.66666666666667	2	1	1
m.8246	632	0	0	1	0
m.12740	434	6.66666666666667	7	7	7
m.8318	815	0.333333333333333	0	0	0
m.8342	908	37.6666666666667	37	37	43.5
m.8376	1390	2.66666666666667	5	1.5	2
m.849	171	9	10	9	10
m.8553	598	0	0	0.5	0.5
m.8574	338	1	1.5	0	0.5
m.8594	352	4	3.5	2.5	2
m.860	473	9	13.5	12	9
m.8609	175	7.66666666666667	8.5	9.5	11
m.8622	179	2.33333333333333	1.5	1.5	2.5
m.12744	483	3.33333333333333	4	2	3.5
m.8646	552	1	2	1	0
m.865	271	9.33333333333333	11	10.5	9
m.8693	201	4.33333333333333	4.5	4	4
m.8696	278	0.666666666666667	2	0.5	0.5
m.8700	316	1	1	1.5	1
m.8703	160	2	2.5	2.5	2
m.8709	507	3.66666666666667	5.5	3.5	3.5
m.873	140	7	7	7	7.5
m.8730	570	2.33333333333333	3	1.5	2
m.8735	575	2.66666666666667	1	1.5	1
m.12757	255	9.33333333333333	7	6	6.5
m.8756	335	0	0.5	0.5	0
m.8796	376	3.33333333333333	6	5.5	6
m.8799	389	13.3333333333333	13.5	13.5	11
m.8820	398	0	0	1	0.5
m.886	1029	0.333333333333333	1	0.5	0.5
m.8870	312	16.6666666666667	15.5	16.5	15.5
m.8872	406	10.3333333333333	13	7	9
m.8875	267	7.66666666666667	8.5	5	5
m.8877	241	4	4.5	4.5	3.5
m.8885	757	22.3333333333333	22.5	12.5	24
m.1276	494	1.33333333333333	1	1	1.5
m.8900	399	16.6666666666667	18.5	11.5	13
m.8901	709	0	0.5	0.5	0
m.8908	660	2.33333333333333	1	2	0.5
m.8913	420	2.33333333333333	3	1	1.5
m.8914	480	1.33333333333333	1	1	1
m.892	692	5.66666666666667	4.5	4	3
m.8928	359	8	8	8.5	8
m.8936	197	3.66666666666667	4	2.5	2.5
m.8939	146	3	3	1.5	2
m.8941	216	6	7.5	5.5	9
m.10138	474	1.66666666666667	1	1.5	1.5
m.12762	252	27.3333333333333	25.5	18	23
m.8943	224	0.333333333333333	0.5	1	0.5
m.8947	2092	6.66666666666667	5.5	6	5
m.8953	221	7	8.5	7	5
m.8954	500	2	1.5	5.5	5.5
m.8957	494	3	3	2	2.5
m.8982	213	4	4	4.5	6
m.8984	345	0.666666666666667	0.5	0	1
m.8991	306	13.3333333333333	14	12.5	13
m.90	277	2.66666666666667	2	4.5	1.5
m.9006	624	1	2	0	0
m.12764	395	4.66666666666667	4	3	4.5
m.9013	389	8	9	8	10
m.9015	170	7	7	6.5	4
m.9022	1133	28.3333333333333	30.5	29.5	30
m.9023	1893	1	0.5	0	0
m.9029	177	0.333333333333333	0	0	0
m.904	870	5.66666666666667	6	6.5	4
m.9051	213	7	8	10.5	8
m.9052	1364	3.33333333333333	5.5	6	7.5
m.9058	352	13.6666666666667	15.5	13	14
m.12770	763	3.66666666666667	5	3	4
m.9072	179	1.33333333333333	1.5	2.5	1
m.9073	508	10	10.5	10	9.5
m.9086	773	19.6666666666667	21	19	16.5
m.9089	726	4.33333333333333	4.5	3	3
m.9097	494	5.33333333333333	5	2	3.5
m.9104	238	1.66666666666667	0.5	0	0
m.9109	151	3.33333333333333	2.5	3	2
m.911	192	0.666666666666667	2.5	1	0.5
m.9110	140	1.66666666666667	2.5	2	2
m.912	124	1	1	0	0.5
m.12774	857	0	0	0	0.5
m.9122	382	2	4	1	3.5
m.9133	155	8.33333333333333	6.5	7	7.5
m.9135	505	5	4.5	3	3
m.9137	549	18.6666666666667	20.5	13	15
m.9141	173	3.33333333333333	1.5	2	2
m.915	457	1	1	1	1.5
m.9151	279	2.33333333333333	4	4	2
m.9167	564	12.6666666666667	14	12.5	13
m.9170	543	1.66666666666667	2	2.5	2
m.9176	257	5	3.5	5.5	4
m.12783	327	0.666666666666667	0	2.5	1.5
m.918	345	9.66666666666667	8	7	9
m.9181	139	2.66666666666667	2	2.5	2.5
m.9193	136	1.33333333333333	1.5	1.5	2
m.9195	251	1	1	1.5	1
m.9200	158	1.66666666666667	1.5	1	1
m.9206	260	0	0	0.5	0
m.9224	322	3	5	6	6
m.9226	462	21	23.5	20	20.5
m.923	391	3	2	1.5	1
m.924	786	6.66666666666667	11.5	11	11.5
m.12790	138	6	5.5	4.5	5
m.9242	256	1.66666666666667	4	2	1.5
m.9252	695	0	1	0	0.5
m.9253	509	1.66666666666667	1.5	1.5	1.5
m.9267	132	0.666666666666667	2	0.5	0
m.9284	447	10.6666666666667	13	18.5	13.5
m.9290	1260	0.666666666666667	2	0.5	0
m.9295	226	2.66666666666667	1.5	2	3
m.9312	311	2	3	3	3
m.9319	314	4	4	4	4.5
m.9320	149	1.66666666666667	1	0.5	1.5
m.12795	196	3.33333333333333	2.5	1.5	1.5
m.9322	625	12	11.5	7	7
m.9331	568	1.66666666666667	2	0	2.5
m.9340	260	3	1.5	2	3.5
m.9341	306	6.33333333333333	4	4	3.5
m.9342	193	8.33333333333333	9	7.5	8
m.9366	437	1.33333333333333	0.5	1.5	1.5
m.9386	745	0.333333333333333	0	0	0
m.9389	756	0.333333333333333	0	0.5	0.5
m.9399	268	11.3333333333333	13.5	10.5	12
m.12796	156	7.33333333333333	8	9.5	8
m.940	484	4.66666666666667	6.5	6	6
m.9408	224	1.66666666666667	3	4	3.5
m.9411	328	9.33333333333333	13.5	10	11
m.9432	802	5.66666666666667	5.5	7	6
m.9440	538	0.333333333333333	1	1	0
m.9443	895	2	2.5	1	1
m.9447	704	4.66666666666667	8.5	7	8
m.9474	609	0.666666666666667	0	1	1.5
m.9478	1342	32.6666666666667	32	27	32
m.948	269	5	4.5	3.5	4
m.1281	317	0.333333333333333	1	0.5	0.5
m.949	153	10.3333333333333	10.5	10.5	7.5
m.9498	636	0	0	0	0.5
m.9510	372	1	1	1	0
m.9511	681	7.66666666666667	6	10.5	9
m.9524	422	1.66666666666667	1	4	3
m.9527	577	1	2	3.5	1.5
m.9546	175	4.33333333333333	3	5	3.5
m.9560	412	1.66666666666667	2.5	2.5	1.5
m.9561	429	9	9	5	9.5
m.9566	251	1.33333333333333	2.5	1	1.5
m.12810	529	10.6666666666667	12.5	9.5	5
m.9578	173	39	41.5	55	51
m.9587	410	1.66666666666667	1	0.5	0.5
m.9595	223	34.6666666666667	38.5	37	37.5
m.9596	217	1.33333333333333	1.5	2	1.5
m.9604	530	1.33333333333333	1.5	2	2
m.9621	354	0.333333333333333	0	0	0.5
m.9627	515	0	1	0	0
m.9628	960	3.66666666666667	2.5	1	3
m.965	551	14.3333333333333	14.5	15.5	14.5
m.10146	361	1.66666666666667	0.5	1	2.5
m.12818	193	5.66666666666667	5.5	6	7
m.9652	236	12.6666666666667	10	10	12
m.9654	1097	0.333333333333333	1	1	0.5
m.9689	170	11.3333333333333	11.5	11.5	9.5
m.9699	450	41.3333333333333	40	35	33
m.9713	489	0.333333333333333	0.5	0	0
m.9734	585	0.333333333333333	1	0.5	1.5
m.9740	719	1.33333333333333	1.5	0	0
m.9753	748	9.66666666666667	11	10	8.5
m.9756	182	5	7.5	5.5	5.5
m.9774	382	3.33333333333333	3.5	3.5	3
m.12824	377	21.6666666666667	22	18.5	16.5
m.9778	264	2.33333333333333	3.5	3	3.5
m.9816	202	2.66666666666667	2.5	2	1
m.983	610	1.33333333333333	2	1	1
m.9837	123	1.66666666666667	3	1.5	1
m.985	403	1.33333333333333	0.5	2	0.5
m.9853	405	2.33333333333333	3	3.5	1
m.9873	222	5	4.5	5	7.5
m.9880	463	1.33333333333333	2.5	1.5	1
m.9881	429	0.333333333333333	0	1.5	1
m.9886	890	3.33333333333333	2	2	2
m.12825	688	1.66666666666667	1.5	0	1
m.9891	150	11.3333333333333	14	9.5	9.5
m.9896	824	1.33333333333333	1	0.5	0.5
m.9912	268	1.33333333333333	1.5	0.5	1
m.9927	451	1	2	0.5	0
m.9935	160	3	3.5	3	2
m.9939	196	2.33333333333333	3.5	2.5	3
m.9956	418	2.66666666666667	1.5	2	2
m.9972	351	10.3333333333333	9	6	5.5
m.9986	274	7	6	7	4
m.9987	752	0	1	0.5	0
m.12826	335	0.333333333333333	1.5	0	0.5
symbB1.EST_k37c20_10192|m.23590	575	21.6666666666667	25.5	21	22.5
symbB1.EST_k37c20_10199|m.23603	313	2.66666666666667	3	3.5	1.5
symbB1.EST_k37c20_1036|m.2331	146	1.33333333333333	3	2.5	3
symbB1.EST_k37c20_10952|m.25393	404	2.66666666666667	6	3.5	2
symbB1.EST_k37c20_11005|m.25482	479	0.666666666666667	2	1	0.5
symbB1.EST_k37c20_11157|m.25744	424	0.666666666666667	1	2.5	1.5
symbB1.EST_k37c20_11310|m.26082	319	1	2	1.5	1
symbB1.EST_k37c20_1169|m.2671	307	9	10.5	10.5	9.5
symbB1.EST_k37c20_12165|m.28039	1291	0.666666666666667	0.5	1	0
m.12829	263	1	2	2	1.5
symbB1.EST_k37c20_12472|m.28674	778	0.333333333333333	0.5	0.5	0.5
symbB1.EST_k37c20_12680|m.29198	525	1	2	1	0.5
symbB1.EST_k37c20_12825|m.29527	152	1.33333333333333	1	0.5	0.5
symbB1.EST_k37c20_13424|m.30860	415	2.66666666666667	4.5	1	3
symbB1.EST_k37c20_1348|m.3129	292	1	1	1.5	2
symbB1.EST_k37c20_1369|m.3168	235	2.66666666666667	5.5	5	4
symbB1.EST_k37c20_14340|m.32799	3845	2.33333333333333	0.5	0.5	1
symbB1.EST_k37c20_151|m.344	204	3	4.5	4	4
symbB1.EST_k37c20_15413|m.35140	461	0	1	1	1
m.1283	112	3.33333333333333	3	3	3
symbB1.EST_k37c20_15530|m.35382	544	0	0	0.5	0
symbB1.EST_k37c20_16090|m.36633	157	0.666666666666667	0.5	2	1.5
symbB1.EST_k37c20_169|m.386	471	0	1	0	0
symbB1.EST_k37c20_17439|m.39726	295	0.333333333333333	0.5	1.5	1.5
symbB1.EST_k37c20_17557|m.39981	1210	1	0.5	0.5	1.5
symbB1.EST_k37c20_1763|m.4228	127	4.33333333333333	5	7	4
symbB1.EST_k37c20_17886|m.40673	796	0.666666666666667	0	1	0
symbB1.EST_k37c20_18007|m.40947	262	4.66666666666667	4.5	5.5	2.5
symbB1.EST_k37c20_1807|m.4315	605	0.333333333333333	0.5	2	1.5
symbB1.EST_k37c20_18914|m.42831	363	1	1	3	3.5
m.12839	312	1.33333333333333	3.5	2	1.5
symbB1.EST_k37c20_1935|m.4600	892	5.33333333333333	7	4	3
symbB1.EST_k37c20_2060|m.4873	147	2.66666666666667	4.5	6	3.5
symbB1.EST_k37c20_2071|m.4896	126	5.66666666666667	8	7	3.5
symbB1.EST_k37c20_20726|m.46522	157	4.33333333333333	3.5	4.5	4
symbB1.EST_k37c20_21115|m.47298	616	0.333333333333333	0.5	0.5	0.5
symbB1.EST_k37c20_21614|m.48388	335	2	1	2	1.5
symbB1.EST_k37c20_22246|m.49646	473	0.666666666666667	1	0	0
symbB1.EST_k37c20_2316|m.5488	344	0	1.5	1	0
symbB1.EST_k37c20_24260|m.53662	192	1	1.5	1.5	0.5
m.12859	409	1.33333333333333	1.5	1.5	2
symbB1.EST_k37c20_24332|m.53801	388	1	2.5	0	0.5
symbB1.EST_k37c20_2434|m.5762	166	0.333333333333333	0	0	1
symbB1.EST_k37c20_2548|m.6110	212	6	7.5	6	7
symbB1.EST_k37c20_262|m.561	1089	7.66666666666667	8	9	6.5
symbB1.EST_k37c20_27166|m.59212	346	4	3.5	2.5	3
symbB1.EST_k37c20_2835|m.6680	165	3	3.5	3	2
symbB1.EST_k37c20_2873|m.6770	351	2	2	3	1
symbB1.EST_k37c20_30052|m.64411	370	2	2	2	1.5
symbB1.EST_k37c20_3045|m.7223	570	2.66666666666667	4	6.5	3.5
symbB1.EST_k37c20_3137|m.7441	137	2	4.5	3.5	2
m.1286	2829	315	312	296.5	249
symbB1.EST_k37c20_3194|m.7561	532	1.33333333333333	4	5.5	2
symbB1.EST_k37c20_319|m.681	429	3	4	5.5	2
symbB1.EST_k37c20_3367|m.8026	143	1.66666666666667	3.5	4	2.5
symbB1.EST_k37c20_34811|m.72609	265	1.66666666666667	2.5	1	2
symbB1.EST_k37c20_3550|m.8423	118	1.66666666666667	3	1.5	1
symbB1.EST_k37c20_3763|m.8967	138	4.33333333333333	6.5	5	3.5
symbB1.EST_k37c20_40880|m.81403	200	2	1.5	2.5	2
symbB1.EST_k37c20_4454|m.10626	401	0.333333333333333	2.5	1	0
symbB1.EST_k37c20_4530|m.10835	1086	2.66666666666667	3	4	2.5
symbB1.EST_k37c20_4585|m.10961	135	5.33333333333333	6	6	4.5
m.12872	385	7	4.5	10	8
symbB1.EST_k37c20_47047|m.87468	188	0	0	1.5	1
symbB1.EST_k37c20_47631|m.87845	639	1.33333333333333	1.5	2.5	1
symbB1.EST_k37c20_47633|m.87846	268	0.666666666666667	0	1	1
symbB1.EST_k37c20_47646|m.87855	135	2.66666666666667	3	5	2.5
symbB1.EST_k37c20_48001|m.88307	156	2.66666666666667	2.5	3.5	4
symbB1.EST_k37c20_48025|m.88342	199	2.33333333333333	4.5	4	2.5
symbB1.EST_k37c20_48387|m.88800	121	1.66666666666667	1.5	1.5	3.5
symbB1.EST_k37c20_4866|m.11610	391	4.33333333333333	5.5	5	4
symbB1.EST_k37c20_48819|m.89293	326	0.666666666666667	0	2	0.5
symbB1.EST_k37c20_5116|m.12234	365	1.33333333333333	2	1	2
m.10164	157	0.333333333333333	0	0	0
m.12887	415	1	1	1	1
symbB1.EST_k37c20_55677|m.94421	130	1.66666666666667	1.5	1.5	0.5
symbB1.EST_k37c20_57176|m.95446	360	1.33333333333333	1.5	1.5	1.5
symbB1.EST_k37c20_5771|m.13757	265	3	4	3	3
symbB1.EST_k37c20_59568|m.96245	208	2.33333333333333	3.5	3	5
symbB1.EST_k37c20_6130|m.14576	559	1	2	1.5	1.5
symbB1.EST_k37c20_6155|m.14644	880	1	1.5	2	1
symbB1.EST_k37c20_6169|m.14671	436	1.33333333333333	2	1	1
symbB1.EST_k37c20_6258|m.14822	332	1.66666666666667	0.5	2.5	1.5
symbB1.EST_k37c20_6575|m.15589	213	3	3.5	4	1
m.129	503	3.66666666666667	2.5	2.5	3
symbB1.EST_k37c20_6593|m.15621	461	1.66666666666667	2.5	1.5	2
symbB1.EST_k37c20_6718|m.15903	478	0.333333333333333	1.5	0.5	1.5
symbB1.EST_k37c20_679|m.1487	246	2	2	2	1
symbB1.EST_k37c20_6866|m.16214	439	0	0.5	1	0.5
symbB1.EST_k37c20_753|m.1636	362	2.66666666666667	3	4	3.5
symbB1.EST_k37c20_7975|m.18657	473	0.666666666666667	1	1	1
symbB1.EST_k37c20_8064|m.18902	416	0.333333333333333	1	1	0
symbB1.EST_k37c20_8373|m.19579	378	7	7.5	7	7
symbB1.EST_k37c20_8896|m.20721	588	2	2	2	2
m.12917	415	6.66666666666667	7	7.5	7
symbB1.EST_k37c20_9275|m.21620	2120	0.666666666666667	1	2.5	2
symbB1.EST_k37c20_9362|m.21825	318	3	5	4.5	2
m.10061	510	3.66666666666667	2	3	5
m.10199	219	7	8.5	7	7.5
m.10264	203	0.333333333333333	0.5	0	0.5
m.4337	518	0.666666666666667	0.5	0	0
m.10324	680	4.33333333333333	4	2.5	3.5
m.1036	1192	1.33333333333333	1	2	1.5
m.12941	323	5	7.5	6	8.5
m.10517	796	1	0.5	0	1
m.10603	487	0.333333333333333	1	0.5	0.5
m.10605	698	4	5.5	2	2.5
m.10713	218	10.3333333333333	10.5	8	6
m.12813	219	3.33333333333333	5	5.5	5
symbB1.EST_k37c20_37952|m.77340	217	0	0	1	0.5
m.10928	723	14.6666666666667	4.5	10	8
m.11115	300	3.33333333333333	3.5	3	3
m.21828	279	3	3.5	2	1.5
m.2713	305	2.33333333333333	2	1.5	3
m.19703	231	1.66666666666667	1	0	1
m.113	378	56.6666666666667	59.5	49	44.5
symbB1.EST_k37c20_41902|m.82682	468	19.3333333333333	19	20	15
m.31439	231	8	9	8	6
m.11458	213	3.66666666666667	4	3	1.5
m.11995	326	3.66666666666667	4.5	6	6.5
m.31539	379	2	2.5	3.5	3.5
m.14932	175	0.666666666666667	1	1.5	1.5
m.5696	189	5	5.5	6	6
m.12129	447	126.333333333333	138	108	108
m.29835	460	117.666666666667	127.5	99.5	100
m.30405	235	81	87.5	69	65.5
m.2128	233	57.6666666666667	62.5	48.5	51
m.28478	448	29	30.5	30	29
m.36059	184	17	22	18	18
symbB1.EST_k37c20_23066|m.51297	469	28	29.5	30	28.5
m.12942	291	0.666666666666667	0.5	0	0
m.1245	204	21.6666666666667	24	24.5	24.5
m.15067	179	6	5	6.5	6.5
m.10914	217	4.66666666666667	6.5	5	6
m.17885	208	5	3.5	4	3.5
m.12699	199	10.3333333333333	8.5	11.5	11.5
m.14255	219	7	6	7	5
m.1509	223	6.33333333333333	5	4	4.5
m.18748	201	8	6.5	8.5	8
m.1242	255	5	3.5	3.5	3.5
symbB1.EST_k37c20_46370|m.87062	230	4	2.5	3	3
m.7341	237	3.66666666666667	2.5	3	3
m.22444	205	0	0	0.5	0
symbB1.EST_k37c20_56818|m.95252	228	5.33333333333333	4.5	7	7
m.12659	176	1	1.5	0	0.5
m.12690	150	0.666666666666667	1	0	2
m.12709	550	9.66666666666667	10	5.5	5.5
m.12711	510	7.33333333333333	9.5	4	7
m.12724	296	1.33333333333333	2.5	3.5	5
m.12733	700	10	10.5	10.5	9.5
m.12781	500	1.33333333333333	1.5	1	1.5
m.12890	232	2	1.5	2	0.5
m.12970	372	6.33333333333333	8.5	6	6
m.12945	765	0.333333333333333	0	0	0
m.13047	186	10	9	4.5	6.5
m.26081	187	11.3333333333333	10.5	6.5	8
m.13119	549	7	6	9	5.5
m.1334	391	1.33333333333333	0.5	1.5	0.5
m.13436	653	1	1	1.5	1.5
m.13638	869	0	0.5	1	1
m.13659	548	1	0.5	1	1
m.1168	430	0.333333333333333	0	0	0
m.13801	461	0.333333333333333	1	0.5	0
m.1390	448	7.66666666666667	7.5	6.5	8.5
m.1391	160	2.66666666666667	3	0.5	1
m.1396	509	3	1.5	0.5	1
m.13574	515	2.33333333333333	2.5	1	1.5
m.1296	468	3	4	3	2.5
m.14282	326	1	0	0.5	1.5
m.145	467	0.666666666666667	1	1.5	1
m.14924	360	0	0.5	0	0.5
m.1493	232	8.66666666666667	8.5	5	9
m.15139	435	47.3333333333333	43	47.5	46.5
symbB1.EST_k37c20_26730|m.58389	993	5.66666666666667	6	5	6.5
symbB1.EST_k37c20_1952|m.4632	728	4.66666666666667	4.5	3.5	4
symbB1.EST_k37c20_7002|m.16520	790	7.66666666666667	8	7.5	6
m.15220	508	6.66666666666667	6.5	9.5	10
m.15426	1113	4.66666666666667	7	6	6.5
m.15462	185	3.33333333333333	3	4	3.5
m.1569	147	0.666666666666667	1.5	0	0
m.15831	119	3.33333333333333	5.5	6	2
m.12976	264	4.33333333333333	4.5	3	3.5
m.16008	262	2	3	2.5	3.5
m.16090	446	23.3333333333333	27.5	18.5	21
m.16351	226	8.33333333333333	11.5	8.5	8
m.16371	297	3	2	1.5	1.5
m.16461	147	0.666666666666667	0	0	0
m.16813	293	0.333333333333333	1.5	1	0.5
m.17239	445	1	1	1.5	1
m.173	389	201.333333333333	203.5	178	184
m.184	376	210.666666666667	219	196	198
m.278	253	123.666666666667	133	120	125.5
m.26952	376	47.6666666666667	46.5	47.5	44.5
m.17435	484	19	21.5	17.5	18
m.17469	174	2	2	2	3
m.12991	100	35.3333333333333	37.5	32.5	30
m.17967	175	3.33333333333333	2.5	4	2
m.6185	175	2.33333333333333	1.5	4	2
m.1806	594	2	2	2	3.5
m.18179	295	12.6666666666667	14.5	6.5	6
m.26302	181	4	6	3	5
m.18366	538	5	5.5	4	5
m.18373	191	4.33333333333333	8	2	3.5
m.11555	111	1.66666666666667	3	1	1
m.18767	961	3	3	3.5	3.5
m.1911	462	3	3	3	1.5
m.1884	645	2.33333333333333	2	2.5	1.5
symbB1.EST_k37c20_26089|m.57196	562	0.333333333333333	0.5	0.5	0
symbB1.EST_k37c20_41705|m.82450	593	0.333333333333333	0.5	1	0
m.19242	719	7.33333333333333	7.5	8.5	9.5
m.19535	181	2	2	1.5	1
m.19661	333	7	7.5	4.5	4.5
m.12999	500	0.666666666666667	0.5	0.5	0.5
m.19674	317	5	5	6	7.5
m.19764	354	3.33333333333333	4	3.5	4
m.21346	340	2.33333333333333	5	4.5	4.5
m.16676	336	2.33333333333333	2.5	2	2.5
m.20126	239	1.33333333333333	1.5	1	2
m.5042	675	1	1	1	2.5
m.20952	109	1.33333333333333	0	1.5	1.5
m.20957	639	9	8	4.5	6.5
m.14998	1027	0.666666666666667	0.5	0.5	0
m.21013	777	1.33333333333333	1	3	3
m.18548	223	1	1	1	1
m.21153	225	3.33333333333333	2	2	3.5
m.21390	125	13.6666666666667	12	12	10
m.21690	240	1.33333333333333	0.5	0	0.5
m.218	310	12.3333333333333	12	12.5	13
m.22339	1615	0.666666666666667	2	0.5	0
m.10183	616	0.666666666666667	0	0	0
m.13002	220	1	1.5	1	2
m.22940	466	15	15	11	11.5
m.232	1282	6	3	5.5	3
m.23328	172	1.33333333333333	1	1	1
m.23454	187	22.3333333333333	24	27.5	20.5
m.23900	193	2.33333333333333	2.5	3	3
m.24137	338	2	4.5	2.5	2
m.24851	900	23.6666666666667	28	15.5	23
m.24952	767	0.666666666666667	0	0	0
m.24983	433	0.333333333333333	0	1	0
m.25258	278	5.33333333333333	6.5	2.5	5
m.1301	177	0.333333333333333	1.5	0.5	1
m.25369	237	1	0	1.5	0.5
m.25835	116	6.33333333333333	4	5	3
m.25985	421	20	19	17.5	18.5
m.26956	495	15.6666666666667	17	17	14
m.27117	475	5.33333333333333	6	5	4
m.2752	168	10.6666666666667	10.5	9	11
m.27687	497	2.33333333333333	3	3	3
m.27757	157	3	3	3	3
m.27890	192	4	6.5	0	4
m.2792	427	7.33333333333333	8.5	0.5	1.5
m.2030	436	6.33333333333333	6.5	1.5	2.5
m.13026	699	1.66666666666667	1	0.5	0
m.28159	179	1.33333333333333	2.5	1	0.5
m.28444	404	6	6	6	4.5
m.13796	395	0.666666666666667	1.5	0.5	0.5
m.2848	287	4.33333333333333	2.5	4.5	4
m.28480	131	0.666666666666667	0	1	0.5
m.18341	246	0.666666666666667	0	3	0
m.28687	461	1.33333333333333	3	1.5	0.5
m.2908	2325	4	3.5	2	2.5
symbB1.EST_k37c20_4259|m.10144	2381	2	0.5	1.5	1
m.29808	242	9	11	9	5.5
m.20285	293	3	4.5	2	2.5
m.29813	455	3.66666666666667	4	6	3.5
m.30980	429	4.33333333333333	4	4.5	3
m.13131	436	4.66666666666667	5.5	3.5	4
m.15859	410	6	5	7	5
m.12982	418	2.66666666666667	4.5	2	4
symbB1.EST_k37c20_6773|m.16013	432	2.66666666666667	3	3.5	3
m.3079	696	23.3333333333333	21	22	19.5
m.2150	326	2	2	2.5	2
m.31093	201	2	1	1	0
m.13039	212	2.66666666666667	3	3.5	1.5
m.31593	374	2.33333333333333	2.5	0.5	0.5
m.32004	521	10.6666666666667	12	10	10
m.32539	222	0.666666666666667	2	3.5	3
m.32785	121	0.666666666666667	1	0	0
m.6240	289	1.33333333333333	2	0	0
m.33135	103	37	41.5	38	36
m.33500	300	14.6666666666667	17.5	14.5	16.5
m.33850	297	0	0	0.5	0
m.3414	517	0.333333333333333	1	0.5	0
m.34165	271	2.33333333333333	1	1	1.5
m.3494	2140	165.333333333333	172.5	129.5	135.5
m.13041	309	1.33333333333333	0.5	0.5	0
m.36049	334	6	6.5	5.5	3.5
m.13050	236	1	1.5	0.5	0
m.36534	1157	0	0	0	1
m.37637	179	10.6666666666667	11.5	11	12
m.6583	194	0	0.5	0.5	0
m.38108	101	0	0	2	0
m.38282	359	4.66666666666667	4	6.5	4.5
m.17520	299	3.66666666666667	3	5	4
m.3835	317	0	0.5	2	0.5
m.3844	610	69.3333333333333	73	61	61
m.9144	101	16.6666666666667	17	12	15.5
m.38633	275	12	11.5	14	13.5
m.3872	704	3	3.5	3	3
m.392	136	23.3333333333333	23	19.5	19.5
m.13061	1080	0.666666666666667	0	0.5	1
m.4330	257	1	1.5	0	1
m.44	328	7	6.5	6.5	5
m.22336	329	8.66666666666667	8.5	8.5	6.5
m.449	162	5	6.5	6.5	5
m.4530	483	0.333333333333333	0	1.5	0
m.4781	617	18	19	10	12
m.4865	531	8	8.5	9.5	9
m.4884	253	17.6666666666667	15.5	18	17.5
m.4960	840	36.6666666666667	30	31.5	29
symbB1.EST_k37c20_2962|m.7004	867	2	1	3.5	0.5
m.5030	279	14.6666666666667	16	13.5	11.5
m.13075	235	1.66666666666667	1.5	1	1
m.506	193	5.33333333333333	4.5	3.5	3.5
m.5087	320	2	1.5	2.5	2.5
m.5096	1402	3.33333333333333	5	6	6
m.5098	411	2	2.5	1.5	1
m.29201	116	5	4.5	4	3
m.22041	329	2.33333333333333	1.5	0.5	0.5
m.32422	236	2	0.5	0	1
m.5115	549	7	8	8	10
m.5317	354	9.66666666666667	9.5	9.5	11
m.5270	380	6.33333333333333	6	4	6.5
m.5328	257	4	4.5	3	3.5
symbB1.EST_k37c20_745|m.1617	448	2.33333333333333	3	2.5	3
m.5347	415	8.33333333333333	9.5	9.5	8.5
m.537	304	2.33333333333333	3	1.5	2.5
m.5384	568	1.66666666666667	3.5	1	2
m.13076	445	2.33333333333333	4.5	4.5	3.5
m.5440	160	41	28.5	44	22
m.19482	215	34.3333333333333	24.5	37.5	19
symbB1.EST_k37c20_660|m.1437	241	33.6666666666667	23.5	37.5	18.5
m.5463	882	82.6666666666667	84.5	73	68
m.5486	109	2.66666666666667	1.5	1	2
m.5510	229	4.66666666666667	4	3.5	5
m.5513	246	5.33333333333333	5	4	5.5
m.5546	1101	16.6666666666667	17	14.5	17
m.5582	258	6.66666666666667	6	5.5	7
m.5619	199	4	5	5	6
m.5634	149	23.6666666666667	15.5	23	16
m.13401	174	19	13	16.5	13
m.5689	476	5.33333333333333	7	5.5	7
m.13085	424	1.33333333333333	3.5	2	3
m.5712	270	1.66666666666667	1.5	2	0.5
m.5746	161	11	12	11.5	9
m.5747	202	8	6.5	3.5	7
m.17615	183	1	1.5	1	2
m.29405	106	1	1	0	0
m.30564	140	1.33333333333333	1	0	0
m.20628	112	2	2.5	1.5	2
m.5828	1791	3.66666666666667	2.5	2	2.5
m.5839	328	1.66666666666667	2.5	4	4.5
m.5881	363	7.33333333333333	6.5	4.5	2.5
m.5892	125	8.33333333333333	9.5	9	8
m.5919	327	1	1	1.5	2
m.898	376	1.33333333333333	2	2	1.5
m.6100	310	24.6666666666667	22	24	19
m.6106	1183	2	4	4	3
m.13089	190	1.33333333333333	1.5	1.5	1
m.612	679	50.6666666666667	51.5	61	51.5
m.20930	647	38	43.5	31.5	38
m.8917	676	44.3333333333333	52.5	41.5	45.5
symbB1.EST_k37c20_680|m.1491	353	12	12	13.5	10.5
m.7437	674	9	9.5	10	7.5
symbB1.EST_k37c20_10470|m.24210	575	9.33333333333333	10	10.5	7.5
m.616	1072	41.3333333333333	35	32	30.5
m.6180	693	42.6666666666667	43.5	44.5	43
symbB1.EST_k37c20_3735|m.8908	705	3.33333333333333	6	8.5	5.5
m.6186	860	0	0	0	1
m.6203	143	6.66666666666667	6.5	8.5	7.5
m.644	181	15.3333333333333	15	15	13.5
m.401	181	14	15	16	12.5
m.32417	162	9.33333333333333	8.5	8	6.5
m.8903	180	14	14.5	16	12.5
m.6453	159	1.33333333333333	1	1.5	2
m.6463	6996	12.3333333333333	17.5	11	13
m.19708	361	3.66666666666667	3	3	3
m.9401	449	2	1.5	0.5	1
m.31478	374	1.66666666666667	1.5	0.5	1
m.6490	438	15.6666666666667	17.5	16.5	15
m.6499	297	18	17	15	13.5
m.10194	572	19.3333333333333	15.5	19	20
m.13090	174	1.33333333333333	3.5	1.5	1
m.6517	538	16	19.5	17.5	15.5
m.6593	1058	16	27	16.5	21.5
m.6627	1941	184.333333333333	204	132.5	138
m.6659	223	4.66666666666667	5	4	4
m.25093	208	2	2	1.5	2
m.6713	259	1.33333333333333	2	1	1.5
m.25763	303	2.33333333333333	3.5	2	2
m.697	208	3	3.5	3.5	4
m.6977	342	5.33333333333333	3.5	3	4.5
m.7051	436	7.66666666666667	10.5	8	5.5
m.7209	320	6.33333333333333	4.5	4	6
m.7374	436	5.33333333333333	5.5	6	2.5
m.13091	557	0	1	1.5	0.5
m.7527	791	5.33333333333333	3.5	3	2.5
m.760	542	6.66666666666667	6.5	4.5	6
m.8211	367	1.66666666666667	2	2.5	3
m.6492	285	1.33333333333333	2	2	2.5
m.8509	223	0.666666666666667	0	0	0
m.858	537	4	5	5	5.5
m.8669	206	2.33333333333333	2	2	2
m.8927	151	9	9	6.5	7
m.8932	510	9.66666666666667	16	12.5	11
m.8978	174	1.33333333333333	1.5	0.5	0
m.899	700	1.33333333333333	2.5	2.5	2
m.13094	265	3.33333333333333	3	2.5	2.5
m.900	248	45.3333333333333	45.5	40	47
m.5108	251	54	55	47.5	52
m.29219	277	33	32	32	33
m.5025	257	24	22	20	22
m.15022	221	26	26	20	23.5
m.19033	252	27	24	23	23.5
symbB1.EST_k37c20_6450|m.15307	248	20.3333333333333	19	18.5	20.5
symbB1.EST_k37c20_18328|m.41616	239	19	18	18	19.5
m.9188	352	5.33333333333333	3.5	4.5	6
m.22448	329	1.33333333333333	1	1	1
m.925	826	39.6666666666667	45.5	36	35
symbB1.EST_k37c20_12707|m.29253	798	3.33333333333333	3	2.5	1.5
m.9279	376	2.66666666666667	2.5	3	1.5
m.60	320	4.33333333333333	3.5	4.5	3
m.20	400	0.333333333333333	1	0	0
m.9299	205	19.6666666666667	24.5	21.5	23.5
m.9330	588	10.6666666666667	13.5	7.5	7
m.9373	1378	0.333333333333333	0	0.5	2
m.9424	545	69.3333333333333	78	70	62
symbB1.EST_k37c20_18731|m.42470	511	15	20	19.5	14.5
m.9431	161	1.66666666666667	3	0	1.5
m.9738	222	30.3333333333333	34.5	34.5	30.5
m.9119	158	15.3333333333333	18	18.5	16
m.13107	529	1	1.5	0.5	0.5
m.9807	393	14.6666666666667	15	12	14.5
m.9855	546	15.3333333333333	12	16	15
m.9865	419	9	10.5	9	10
m.9957	415	34	38	31.5	30
symbB1.EST_k37c20_2976|m.7040	656	0.333333333333333	0	0	0
symbB1.EST_k37c20_16196|m.36863	687	4.33333333333333	3	3.5	3.5
symbB1.EST_k37c20_10706|m.24774	508	4	5.5	7	6
symbB1.EST_k37c20_2935|m.6930	230	1.66666666666667	3.5	5	5
symbB1.EST_k37c20_2935|m.6931	199	1.66666666666667	2.5	3	2.5
symbB1.EST_k37c20_9582|m.22271	1052	3.33333333333333	4.5	6	5.5
symbB1.EST_k37c20_1113|m.2530	766	0.333333333333333	0	0.5	1
symbB1.EST_k37c20_11246|m.25932	1508	0.666666666666667	1.5	1.5	2
m.30676	389	0.333333333333333	1	0.5	0
symbB1.EST_k37c20_11748|m.27081	218	1.66666666666667	3	3	2.5
symbB1.EST_k37c20_1214|m.2760	628	0.333333333333333	0	2	0.5
symbB1.EST_k37c20_10268|m.23756	772	0.333333333333333	0	1.5	0
symbB1.EST_k37c20_12867|m.29616	484	0.666666666666667	0.5	0.5	0
m.13133	304	13.3333333333333	13	15	15
symbB1.EST_k37c20_14283|m.32649	470	2	2.5	2	2
symbB1.EST_k37c20_14475|m.33112	443	1.33333333333333	1.5	1	1
symbB1.EST_k37c20_1455|m.3360	395	12	11	15	15
symbB1.EST_k37c20_4529|m.10833	454	8.66666666666667	8.5	10.5	10
symbB1.EST_k37c20_149|m.340	412	7.33333333333333	10.5	10	8.5
symbB1.EST_k37c20_5213|m.12433	322	6	7.5	8	7.5
symbB1.EST_k37c20_1567|m.3635	725	15.6666666666667	20.5	25	18
symbB1.EST_k37c20_17098|m.38976	241	0.333333333333333	2	1.5	0.5
symbB1.EST_k37c20_17467|m.39790	676	8	6	14	18
symbB1.EST_k37c20_3155|m.7489	688	8	6	13.5	17
m.13136	222	0.666666666666667	1	0.5	1.5
symbB1.EST_k37c20_184|m.421	116	2.66666666666667	4.5	4	2.5
symbB1.EST_k37c20_1987|m.4708	533	2.33333333333333	3.5	6	2
symbB1.EST_k37c20_2023|m.4784	188	4.33333333333333	5	4.5	3.5
symbB1.EST_k37c20_2081|m.4909	358	4	4	7	8.5
symbB1.EST_k37c20_21294|m.47669	506	0	0.5	1	0.5
symbB1.EST_k37c20_2140|m.5027	307	0.333333333333333	0.5	0.5	0.5
symbB1.EST_k37c20_2164|m.5076	4652	1.33333333333333	1.5	1	1
symbB1.EST_k37c20_2245|m.5304	469	9.33333333333333	10.5	10	10.5
symbB1.EST_k37c20_902|m.2067	270	8.33333333333333	8.5	8	7.5
symbB1.EST_k37c20_6038|m.14360	104	6.33333333333333	8	8.5	8
symbB1.EST_k37c20_23101|m.51379	247	2.33333333333333	2	1.5	2.5
symbB1.EST_k37c20_23775|m.52673	454	0	1	0.5	0
m.13137	647	1	1	1	1
symbB1.EST_k37c20_2414|m.5716	453	3	5	5	3.5
symbB1.EST_k37c20_2817|m.6645	354	8	6	8.5	10.5
symbB1.EST_k37c20_11023|m.25500	171	11.3333333333333	13	20	16
m.38041	516	3.66666666666667	4	14	11.5
symbB1.EST_k37c20_4845|m.11546	980	5.33333333333333	4.5	11	10
symbB1.EST_k37c20_11022|m.25497	783	3.33333333333333	4	10	9
symbB1.EST_k37c20_21946|m.49032	657	5	5	11.5	10
symbB1.EST_k37c20_642|m.1388	170	3	3	5	4
symbB1.EST_k37c20_14788|m.33784	437	2	2	3.5	4
symbB1.EST_k37c20_2583|m.6170	305	2	1.5	2.5	1.5
symbB1.EST_k37c20_14961|m.34203	355	1.66666666666667	2	3	3.5
symbB1.EST_k37c20_11532|m.26613	389	1	0.5	1	0.5
symbB1.EST_k37c20_877|m.1991	589	3	3	7.5	8
m.23201	327	1.33333333333333	2	3	3
symbB1.EST_k37c20_28846|m.62323	470	0.333333333333333	0.5	1.5	1
symbB1.EST_k37c20_2900|m.6850	320	10.3333333333333	10.5	9.5	8
symbB1.EST_k37c20_3028|m.7191	391	11	11	10.5	10
symbB1.EST_k37c20_3070|m.7296	138	1.66666666666667	2	1	1
symbB1.EST_k37c20_3071|m.7301	172	1.33333333333333	2.5	1.5	1.5
symbB1.EST_k37c20_3138|m.7442	296	5.33333333333333	6.5	7.5	4
symbB1.EST_k37c20_3283|m.7800	496	6.33333333333333	7	7.5	5.5
symbB1.EST_k37c20_3326|m.7935	316	8	9.5	7.5	5.5
symbB1.EST_k37c20_5221|m.12447	319	7	10	9	5
symbB1.EST_k37c20_36410|m.75095	380	2	1	4.5	1
symbB1.EST_k37c20_13594|m.31220	315	3.66666666666667	2.5	4.5	3
m.13144	312	0	0	0	0.5
symbB1.EST_k37c20_3830|m.9127	133	2.66666666666667	3.5	2	2
symbB1.EST_k37c20_409|m.896	1046	0.333333333333333	1.5	2.5	0
symbB1.EST_k37c20_47206|m.87566	331	1.33333333333333	1.5	3.5	1.5
symbB1.EST_k37c20_47208|m.87569	118	1	0	2	1.5
symbB1.EST_k37c20_475|m.1111	752	2	0.5	3	1.5
m.34954	142	0.333333333333333	1	2	1.5
symbB1.EST_k37c20_4774|m.11339	320	3.33333333333333	2	9	8.5
symbB1.EST_k37c20_49226|m.89774	737	2.66666666666667	3.5	4	3
symbB1.EST_k37c20_521|m.1204	664	1.66666666666667	1.5	4	1
m.21400	524	0.666666666666667	0	0.5	1
symbB1.EST_k37c20_5269|m.12556	4620	1.33333333333333	1	1	0.5
symbB1.EST_k37c20_3669|m.8636	4548	1	0	1	0.5
symbB1.EST_k37c20_12291|m.28283	3958	1	0	1	0.5
symbB1.EST_k37c20_55830|m.94547	266	0.333333333333333	0.5	1.5	0.5
symbB1.EST_k37c20_48143|m.88480	266	0	0	1	0.5
symbB1.EST_k37c20_794|m.1769	228	0.333333333333333	0	0	0.5
m.13171	608	0.666666666666667	0	0	0.5
symbB1.EST_k37c20_5933|m.14161	198	2	3.5	3.5	3
symbB1.EST_k37c20_6507|m.15457	630	1.33333333333333	3.5	5.5	3
symbB1.EST_k37c20_6972|m.16460	195	2	4.5	2.5	2
symbB1.EST_k37c20_7183|m.16913	688	0.666666666666667	0.5	2	0.5
symbB1.EST_k37c20_7666|m.17974	572	3	2.5	2.5	2
symbB1.EST_k37c20_622|m.1334	503	2	1.5	2.5	1
symbB1.EST_k37c20_623|m.1338	545	3	2.5	3	2
symbB1.EST_k37c20_9496|m.22100	2133	4	5	6.5	3.5
symbB1.EST_k37c20_1915|m.4556	2152	1.66666666666667	2.5	2	1
symbB1.EST_k37c20_9115|m.21230	2162	0.333333333333333	0.5	0.5	0
m.10055	770	0.333333333333333	1	1	0.5
m.1027	157	1	2	2	1.5
m.10469	238	0	0	0	1
m.13180	357	9.33333333333333	8	4.5	3.5
m.10767	590	0.333333333333333	0.5	1	0.5
m.10886	397	0	0	0.5	0
m.11313	319	0.333333333333333	0.5	0	0
m.1157	147	2.33333333333333	2.5	3	2.5
m.12643	211	0.666666666666667	0	0	0
m.12769	144	0	0	1	0.5
m.13	994	0	0	0	0.5
m.13014	751	0	0	0	1.5
m.10205	893	0	0.5	0.5	0
m.13191	264	0	0	0	0.5
m.1320	427	0.333333333333333	0	0.5	0
m.14269	430	3	3	6.5	4.5
m.14377	379	0	0	0	0.5
m.15023	141	0.333333333333333	0	0	0
m.15259	327	3.66666666666667	2.5	3	3
m.15388	345	0	0	1	1
m.15422	456	1.33333333333333	2	1	1
m.15734	455	0.333333333333333	0	0	0
m.15837	260	0.666666666666667	0.5	0.5	0.5
m.16548	260	0	0.5	0	0
m.13193	278	2	2	0.5	0
m.16861	197	0.333333333333333	1	0	1
m.16864	208	0	0	0.5	1.5
m.1816	454	0	1	0	0.5
m.20660	110	0.333333333333333	0	0.5	0
m.20814	538	0	0	1	0.5
m.2094	592	0.333333333333333	0	0	0
m.21445	216	0	0.5	0.5	0
m.2198	339	0	0.5	0	0
m.22426	144	0.666666666666667	1	0.5	0.5
m.22617	193	0.666666666666667	1.5	2	1
m.13197	189	6.33333333333333	6	5	3.5
m.22958	120	0	0	0	1
m.23204	134	4.66666666666667	6.5	5	5
m.23733	129	0.666666666666667	0	0	0
m.24039	534	0.333333333333333	0.5	0	0
m.24306	306	0.333333333333333	0	1	1
m.24881	198	0	0.5	0	0
m.25208	791	0	0.5	0	0.5
m.25802	790	0.666666666666667	0.5	0.5	1.5
m.132	146	7	5.5	3.5	4
m.260	236	0	1.5	1	0
m.26295	159	0.333333333333333	0	0	0
m.26433	413	0	0.5	0	1
m.30054	147	1.66666666666667	1.5	1	2.5
m.3031	463	2.33333333333333	2	2	2
m.30973	434	0	0.5	0.5	0
m.32224	134	0.333333333333333	0	0	0.5
m.13206	240	3	3.5	3.5	2.5
m.32275	204	1.33333333333333	2	1	0
m.32280	100	0	0	0.5	1.5
m.32419	128	1	0	0	0
m.32790	184	1	1.5	1	0
m.36055	147	0	0	0	0.5
m.3747	251	1	1	1.5	1.5
m.3925	285	0.333333333333333	0	0	0
m.4790	759	0	0	0	0.5
m.4935	224	0.333333333333333	0	0.5	0.5
m.5110	582	0.666666666666667	0	0	0
m.13222	200	3.33333333333333	4.5	4.5	4.5
m.5448	204	1	0	1.5	1
m.5534	255	0.666666666666667	1	0.5	1
m.559	466	0.666666666666667	1	0.5	1
m.5691	711	0	1	1	1
m.5791	301	1	1	1	1.5
m.7090	348	0.666666666666667	0	0	0
m.7210	168	1	0.5	0.5	0.5
m.7304	285	0	0	0.5	0.5
m.13224	649	0	0	0	1
m.8231	396	0.666666666666667	1	0.5	0.5
m.8325	182	0.333333333333333	0	0	0
m.8454	243	2	1.5	1	0.5
m.8791	125	0	0	0.5	0
m.8809	274	0	0.5	0	0
m.8880	300	1.33333333333333	2	2	2
m.9062	253	1	1	1	1
m.9611	446	2	2	1.5	0.5
symbB1.EST_k37c20_13957|m.31989	701	1.33333333333333	1	0.5	0.5
symbB1.EST_k37c20_14815|m.33870	1477	1	0	1	1.5
m.13226	326	8	6.5	4	6.5
symbB1.EST_k37c20_16474|m.37535	172	0.666666666666667	0.5	0.5	1
symbB1.EST_k37c20_18722|m.42454	780	2.33333333333333	0	0	0
symbB1.EST_k37c20_24934|m.54977	285	0	0.5	0	0
symbB1.EST_k37c20_37403|m.76597	647	0	4	3	5
symbB1.EST_k37c20_42278|m.83126	244	2	2	1.5	2
symbB1.EST_k37c20_50116|m.90698	105	0	0.5	0	0
symbB1.EST_k37c20_5312|m.12672	147	0.333333333333333	0	1	0.5
symbB1.EST_k37c20_8675|m.20239	134	1	1.5	2.5	2.5
m.13240	197	1.66666666666667	2.5	3	3
m.10139	271	0	1	0.5	0
m.10342	512	1	0	0.5	0.5
symbB1.EST_k37c20_10131|m.23447	349	0	0	0	0.5
symbB1.EST_k37c20_11223|m.25887	300	3	3	3	2.5
symbB1.EST_k37c20_5636|m.13449	465	0.666666666666667	0	1	0.5
m.12204	184	1.66666666666667	0	0.5	1
m.12319	389	0	0.5	0	0
m.13256	546	0	0	0	0.5
m.15779	427	1.33333333333333	1	0	1
m.16303	320	0	1	0	0
m.1809	261	0.333333333333333	0	0.5	0
m.19423	152	1	1	1	1.5
m.20370	1024	0	0	0	0.5
m.21120	689	0	0	0.5	0
m.21223	127	0.333333333333333	0	0.5	0
m.10239	279	1	2	1.5	1
m.13278	257	2	2	2	2.5
m.22490	163	0	0.5	1	0.5
m.23963	466	0.666666666666667	1	0.5	0
m.27134	171	0	0.5	0	0
m.27198	282	0.333333333333333	1	0	0
m.28497	512	0.666666666666667	1.5	0	0.5
m.3433	518	0	0.5	0	0.5
m.34511	252	0.333333333333333	1	0	1
m.1328	203	1	2	2	1.5
m.3559	327	0.666666666666667	1	0	0
m.3942	152	0.666666666666667	1.5	0	0
m.3958	820	0.333333333333333	0	0.5	0.5
m.4719	628	0	0.5	0	0
m.548	221	1	1	0.5	1
m.6121	222	0	0	1	0
m.6171	973	0	0	0.5	1
m.13288	883	1	0	0.5	1.5
symbB1.EST_k37c20_1107|m.2509	910	0.333333333333333	0	0	0
symbB1.EST_k37c20_26417|m.57788	642	1	1.5	1.5	1
m.28490	201	0.333333333333333	1.5	1	1.5
m.33735	105	0	0.5	0.5	0.5
m.3922	691	2.66666666666667	0	0	0
symbB1.EST_k37c20_24898|m.54900	840	0	0	0	0.5
symbB1.EST_k37c20_3711|m.8852	350	0	0.5	0	0.5
m.10586	414	0.333333333333333	1.5	1	1
m.11167	387	0.666666666666667	0	0	0.5
m.13295	297	1.66666666666667	1	3	2
m.11916	339	0	0	1	0
m.13300	320	0.666666666666667	0	0	0.5
m.13531	269	0.333333333333333	0	0.5	0
m.15017	296	0.333333333333333	1.5	0	0
m.21863	436	0.333333333333333	0	0	0
m.22934	136	0.666666666666667	0	0.5	0.5
m.38421	218	0.666666666666667	0	0.5	1
m.13314	295	6	5.5	4	4.5
m.5372	300	0.666666666666667	1.5	1	1.5
m.5646	926	0.333333333333333	0	0.5	0.5
m.7032	375	1.33333333333333	0.5	0.5	0
m.739	482	0	1	0	0
m.8882	347	1	2	1.5	0
m.9152	194	0.666666666666667	0.5	0	0
m.9648	303	1.66666666666667	2	0	1
symbB1.EST_k37c20_16307|m.37144	383	1.66666666666667	1	2	2
symbB1.EST_k37c20_16682|m.38041	281	2	3	3	3
symbB1.EST_k37c20_19065|m.43125	627	0	0.5	0.5	0.5
m.13356	586	1	1	0.5	1
symbB1.EST_k37c20_3717|m.8859	492	1	1.5	1	1
symbB1.EST_k37c20_47040|m.87462	229	0	1.5	1.5	1
symbB1.EST_k37c20_976|m.2236	504	0.333333333333333	1	0	0
m.20249	222	0	0.5	0.5	0
symbB1.EST_k37c20_15345|m.34993	197	1.33333333333333	1.5	1	1
m.13078	280	5	2	1	1
m.133	397	0.666666666666667	0	0	0.5
m.13371	1200	11.3333333333333	14	9	13
m.16465	273	0.333333333333333	0.5	0	0
m.16490	518	0	0	0.5	0
m.17390	576	1	1	0.5	0
m.27600	192	1.33333333333333	0.5	0	1.5
m.33243	759	2	1.5	2	1
m.36079	426	0	0	0	0.5
m.4994	274	0.333333333333333	0.5	0.5	0
m.565	363	0.333333333333333	0	0	0
m.1339	464	13	15	21.5	15.5
m.9274	131	0.333333333333333	0	0.5	0
symbB1.EST_k37c20_22419|m.50026	1501	1.33333333333333	1	1	2
symbB1.EST_k37c20_9603|m.22318	388	0.666666666666667	0	0	0
m.10260	232	0	0.5	0.5	0.5
m.1145	390	0	0.5	0.5	0
m.18621	247	0.666666666666667	0	0	0
m.13423	531	4.33333333333333	5	6	6
m.2975	338	0.333333333333333	0	0.5	0.5
m.29890	126	0.333333333333333	0	0.5	0.5
m.34323	203	0.333333333333333	0	0	0
m.35539	566	0.333333333333333	1	1	1
m.9470	281	0	0.5	0	0
symbB1.EST_k37c20_43079|m.84058	495	1.66666666666667	2	2.5	2.5
symbB1.EST_k37c20_6001|m.14297	612	0	1.5	0	0
m.22827	185	0	0	0	1
m.13425	114	0.333333333333333	0.5	0	0.5
m.11137	540	1	0.5	0	0
m.13303	395	0.333333333333333	0	1	1
m.21278	311	0	0	0.5	0
m.26791	181	0	0	0.5	0
m.4094	218	0.333333333333333	0.5	1	1
m.5411	316	0	0	0.5	1
m.8629	370	0.333333333333333	0	0.5	0.5
m.9925	1408	0.333333333333333	1.5	1	1.5
m.13427	257	0.666666666666667	0.5	2	0
symbB1.EST_k37c20_4968|m.11868	359	2.33333333333333	2.5	3	3.5
m.10110	697	0	0.5	0	0
m.1567	309	0	0	0.5	0
m.17710	151	0	0	0	0.5
m.29582	292	0.666666666666667	1	0.5	0.5
m.32269	102	0	0	0.5	1
m.4359	370	0.666666666666667	0	0	0
m.5815	262	0.666666666666667	0.5	1.5	1.5
symbB1.EST_k37c20_7251|m.17057	1438	0.666666666666667	1	1	2.5
m.25343	331	0	1	0	0
symbB1.EST_k37c20_17410|m.39673	708	1.33333333333333	0.5	1.5	1
m.3392	310	0.333333333333333	0	0	0
m.4556	530	0	1	0	0
symbB1.EST_k37c20_1477|m.3395	2273	0.333333333333333	0	0.5	0.5
symbB1.EST_k37c20_4006|m.9590	256	0.333333333333333	0	0	0
m.13442	270	0	0	0	1
symbB1.EST_k37c20_8208|m.19231	2104	1.33333333333333	1.5	1.5	1.5
m.30950	171	0.333333333333333	0	0.5	1
m.16396	363	0	0	0.5	0
m.22947	323	0.333333333333333	0	1	0.5
m.24982	193	1	0.5	1	1
m.26426	199	0	0	1	0
m.466	178	0	0.5	0	0
m.13443	372	25.3333333333333	26	23.5	21.5
symbB1.EST_k37c20_46440|m.87105	143	0	0.5	1.5	0
m.36120	197	1	1	0	0
m.450	995	1	1	1	1
symbB1.EST_k37c20_15697|m.35743	248	1.33333333333333	1	1	0.5
symbB1.EST_k37c20_29069|m.62725	664	0	1	0	0
symbB1.EST_k37c20_51420|m.91961	492	0	0	0.5	0
m.10254	141	1.66666666666667	2	0	0
m.13444	605	3.33333333333333	5.5	1	0
m.12364	195	0.333333333333333	0.5	0	0
m.2997	222	0	0	0.5	0
m.37919	181	0.333333333333333	0.5	0.5	0.5
m.5579	791	0	1	0	0
m.585	748	0.333333333333333	0	0	0.5
m.9103	276	0.666666666666667	0	0.5	1
m.9624	266	0.333333333333333	3	0.5	1
m.13448	293	1	1	1	1
symbB1.EST_k37c20_15400|m.35107	584	0	0	1	0
m.15778	129	3	1	2	1
m.20986	292	2.66666666666667	2	2.5	1.5
m.17688	106	1.33333333333333	1	0.5	0.5
m.19310	151	0.666666666666667	0	0.5	0.5
m.20818	279	0.666666666666667	0	0	0
m.1346	158	13.3333333333333	15	11	12
m.22619	255	1	1.5	1	1
m.26096	232	0.666666666666667	1	0	0
m.27731	112	0.333333333333333	0	1	0
m.37897	102	0	0.5	0	0
m.5041	486	0.333333333333333	0.5	0	0
m.6009	1126	0.666666666666667	1.5	1.5	1
m.6129	534	0.666666666666667	1	0	0
m.6781	483	1	0.5	0.5	1
symbB1.EST_k37c20_12955|m.29796	346	2	1.5	1.5	1.5
symbB1.EST_k37c20_19619|m.44232	603	0	2	0	0
m.13471	151	1.66666666666667	4.5	3	2.5
symbB1.EST_k37c20_29965|m.64279	492	0.333333333333333	0.5	1	0
symbB1.EST_k37c20_2911|m.6886	357	0	1.5	0	0
symbB1.EST_k37c20_23403|m.51979	420	0	0	1.5	0
symbB1.EST_k37c20_6753|m.15979	351	0.666666666666667	0.5	1	0.5
m.11820	1432	0.333333333333333	0.5	0.5	0
m.11734	369	0	0	1.5	0.5
m.13475	469	2	1.5	1	1.5
m.6936	1201	0	0	0.5	0
symbB1.EST_k37c20_15464|m.35251	692	0	0.5	0	0
symbB1.EST_k37c20_22139|m.49456	187	0.333333333333333	1	1	1
symbB1.EST_k37c20_9675|m.22458	434	0.333333333333333	1	0	0.5
m.12700	435	0.333333333333333	0	0	0
m.3982	105	0.666666666666667	1	0	0
m.4879	605	0	0	0	0.5
m.13476	183	1.33333333333333	1.5	1	0.5
symbB1.EST_k37c20_2846|m.6706	695	0	0.5	0	0.5
m.13551	300	0.333333333333333	0	1	0.5
m.24162	164	0.333333333333333	0.5	1	1
symbB1.EST_k37c20_30360|m.65003	1124	0.666666666666667	0	0	0.5
m.10304	278	4.33333333333333	3.5	3	4
m.13486	292	16	19.5	14.5	19
m.11277	156	0.333333333333333	0.5	1	0.5
m.2327	164	0.333333333333333	1	0.5	0.5
m.35586	136	0.333333333333333	0	0	1
m.3827	229	0	0	0.5	0.5
m.37753	190	0	0	0	1
m.3720	243	0.666666666666667	1	0.5	0
m.13488	163	1	2	2	0.5
m.5908	242	1	1	1.5	1.5
m.599	163	0	0.5	0	0.5
m.17178	533	0.333333333333333	1	0	0
m.1733	1264	0	0.5	0	0
m.1763	638	0	0	0	0.5
m.26381	192	0	0.5	0	1
m.6692	457	0.666666666666667	0	0	0
symbB1.EST_k37c20_26748|m.58435	134	1	1	1	2.5
m.13490	255	1.66666666666667	2	2.5	2
m.14510	507	0.333333333333333	0	0	0
m.26121	284	0.666666666666667	0.5	0	0
m.29599	227	1	1	1	1
m.6992	516	0	0.5	0	0.5
m.13514	432	1.66666666666667	1	0.5	1
m.9178	193	0	0	0	0.5
symbB1.EST_k37c20_15198|m.34678	996	0.333333333333333	0	1	0
symbB1.EST_k37c20_22896|m.50938	501	2	1.5	2	1.5
m.16002	356	0	0.5	0	0
m.1875	114	1.33333333333333	1	0.5	0.5
m.13516	189	6.66666666666667	8	7.5	7
symbB1.EST_k37c20_19602|m.44199	473	0.333333333333333	1.5	1.5	0
m.1355	1555	8.66666666666667	9	7.5	7
m.1474	312	0.666666666666667	0	0.5	0
m.4498	185	0	0.5	0	0
m.9363	503	0.666666666666667	0	0.5	0
m.23889	612	0	0.5	0.5	1
m.13552	557	0.333333333333333	1	1	1
m.22417	185	0.333333333333333	0.5	0	0.5
m.3200	260	0.666666666666667	0	0.5	0
m.11482	410	1	0	0	0
m.13885	1031	0.666666666666667	0.5	0	0
m.1813	275	0.333333333333333	0	0	0.5
symbB1.EST_k37c20_51549|m.92078	253	0.333333333333333	0	0.5	0
m.13557	339	4	4.5	2.5	3
m.25982	154	1.33333333333333	1	1.5	1.5
m.21583	404	0	0	0.5	0.5
m.13590	549	24.6666666666667	29	22.5	20.5
m.6225	650	0.333333333333333	0	1	0
symbB1.EST_k37c20_1842|m.4423	1008	1	1.5	1	2
m.25428	275	0.333333333333333	0	0	0.5
m.37924	103	1	0	0	0
m.8021	276	0.333333333333333	0	0	0
m.136	295	1	0.5	0.5	0
m.20767	129	0.333333333333333	0	0	0
m.37559	262	0.333333333333333	0	0	0
m.4348	157	0.333333333333333	0	0	0
m.17363	155	0.333333333333333	0	0	0
m.25379	155	0.333333333333333	0.5	0	1
m.10327	1122	2.33333333333333	2	2	2
m.13617	393	1.66666666666667	2.5	1.5	0
m.1159	503	0	1	0.5	0
m.18307	451	0.333333333333333	1	0	0.5
m.288	547	0.333333333333333	0.5	0	0
m.37027	210	0	0.5	0	0.5
m.13680	770	0.333333333333333	0	1	0
m.22843	793	0.333333333333333	1.5	0.5	1
m.29431	334	0.666666666666667	0	0	0
symbB1.EST_k37c20_6952|m.16418	513	0	0.5	0.5	0
m.1369	374	54.6666666666667	66	63.5	60
m.9983	124	0	0	0.5	0
m.22472	265	0	0	0	0.5
m.6314	557	0.666666666666667	0	0	0
m.13710	208	0.666666666666667	1.5	1.5	1
m.5774	539	0.333333333333333	0	0	0
m.15620	573	0.666666666666667	0	0.5	0.5
symbB1.EST_k37c20_22445|m.50090	1279	0.666666666666667	0.5	0	0
m.22320	648	0.666666666666667	0	0	0
symbB1.EST_k37c20_2835|m.6679	174	0.333333333333333	0.5	0	0
m.13720	455	0.333333333333333	0.5	0	1
symbB1.EST_k37c20_33296|m.70072	438	0	0	0	0.5
m.7273	883	0.333333333333333	0	0	1.5
m.13742	710	0	0	0	1.5
m.31335	295	1	1	1	1.5
m.3502	403	0.333333333333333	0.5	0	1
m.3457	126	0.333333333333333	0	0	0
symbB1.EST_k37c20_9128|m.21252	672	1	1.5	2	1
m.13743	311	7.66666666666667	8	5	8
m.27716	303	0.333333333333333	0	0.5	0
m.13744	138	0.333333333333333	2	4.5	2.5
m.22122	295	0.333333333333333	0	0	0
m.8921	707	0.333333333333333	0	0	0.5
symbB1.EST_k37c20_24096|m.53328	290	0	0	1	0
m.33479	104	0.333333333333333	0	0	0
m.13753	335	2	2.5	2	1.5
m.7201	1122	0	0.5	0	0.5
symbB1.EST_k37c20_16704|m.38084	422	1.33333333333333	1.5	0.5	0
m.10346	250	2.33333333333333	2.5	1	2.5
m.13791	176	1	0	1.5	1
m.12784	410	0.666666666666667	0	0	0.5
m.10765	227	1.66666666666667	2	2	2
m.27567	293	0	0	0	0.5
symbB1.EST_k37c20_7453|m.17508	942	1	1	0	0
m.13811	436	1.66666666666667	2	1.5	2
m.36274	150	0	0.5	0	0.5
m.13833	263	0.333333333333333	0	1	0.5
symbB1.EST_k37c20_45956|m.86783	429	0.666666666666667	1	1	1
m.14949	162	0.666666666666667	0	0.5	0
m.15074	356	0	0	0.5	0.5
symbB1.EST_k37c20_8055|m.18877	1017	0.666666666666667	0	1	0
m.13842	680	16	13	14	13.5
symbB1.EST_k37c20_22916|m.50972	768	0.333333333333333	0	1.5	1.5
m.1020	1917	0	0	0.5	0.5
m.19692	606	0.333333333333333	0	1	0
m.13862	447	1.33333333333333	3	2	2
symbB1.EST_k37c20_55947|m.94652	326	0.333333333333333	0	0.5	1
m.13863	1106	18	17.5	13.5	9.5
m.139	190	4	3.5	2.5	3
m.64	594	0.666666666666667	1	0	0
symbB1.EST_k37c20_33350|m.70148	510	0.333333333333333	0	0.5	0
m.13977	445	17.6666666666667	17.5	22.5	21.5
m.37151	120	0	0.5	0	1.5
m.31640	155	0	0	0	0.5
m.1408	226	6	7	5	8.5
m.14083	1506	2	1	0.5	0.5
m.10360	636	1	2	1.5	1.5
m.141	436	36.3333333333333	35.5	32.5	28.5
m.14108	268	1.33333333333333	2.5	0.5	2.5
m.14109	662	3.66666666666667	3.5	2.5	2
m.14128	211	15	18	15	16.5
m.1413	338	9	8	7	9.5
m.14152	569	1	1	2	1
m.14201	145	0	1	1	1.5
m.14213	220	4	4.5	2	1.5
m.14242	428	0	1	0.5	0
m.14297	518	1	2	1.5	0.5
m.10378	725	2	2.5	2.5	2.5
m.14312	960	15	14.5	16	17.5
m.14349	643	2	3	1	1
m.14355	846	17.6666666666667	17.5	19.5	14.5
m.1436	550	37.3333333333333	38	37	38.5
m.1437	515	1	0.5	0	0.5
m.14375	119	1.66666666666667	2	2	2.5
m.1440	833	3.66666666666667	1.5	1	2.5
m.14422	417	0	2.5	0.5	2
m.14438	273	2	3.5	1	1
m.14458	126	4.33333333333333	4.5	3.5	4
m.1038	113	4.66666666666667	4	4.5	4.5
m.14465	536	0	0.5	4.5	2.5
m.1447	450	2.33333333333333	1.5	1	0.5
m.14490	140	2.33333333333333	3	1.5	2
m.1454	475	3.33333333333333	4	4	4
m.14543	392	1	2	1.5	2
m.1456	431	1.66666666666667	1	1	1.5
m.14575	826	0	0	0.5	0
m.1461	469	2	2	2	1.5
m.1463	394	4.33333333333333	2.5	4.5	4
m.14712	256	1.33333333333333	2.5	1.5	2
m.10387	484	6.33333333333333	5.5	7	6
m.1472	277	4.33333333333333	5.5	3.5	4.5
m.1473	555	12.6666666666667	17	7.5	12
m.14738	152	3.33333333333333	3	4	4
m.14739	401	3	3	4	2.5
m.14754	356	7.33333333333333	5.5	4	2.5
m.14756	396	6.66666666666667	7.5	7.5	8.5
m.14765	420	1.33333333333333	1.5	1.5	3
m.1478	617	1.33333333333333	1	1	1
m.14813	275	1	1	1	1
m.1485	256	8	7	4.5	5
m.104	1674	66.3333333333333	65	61.5	64
m.14875	111	0.666666666666667	1	1	1
m.14897	346	2.33333333333333	2	2	1.5
m.14910	573	6	6.5	4.5	3
m.14914	470	2	3	3	3
m.14915	293	26	31	35	33
m.14918	406	1.33333333333333	1.5	2	4.5
m.3719	533	0	0.5	0	0
m.14920	231	1	0	0	1.5
m.14923	328	3	3.5	5	5.5
m.14938	965	5	1	4	1
m.14952	249	4.66666666666667	5.5	5	7
m.1041	396	5	5.5	4.5	3
m.14963	1061	23	28.5	20	18.5
m.14967	111	3	4	2.5	2.5
m.14968	138	0.333333333333333	2	0	0
m.33414	147	0	0	0	0.5
m.14975	171	2.66666666666667	2.5	1.5	0.5
m.17308	285	0.666666666666667	0	0	0.5
m.2640	292	0.333333333333333	0	0	0
m.14983	218	4.33333333333333	5	5.5	5.5
m.14984	440	10.6666666666667	12	10	8
m.14985	790	0	0	0.5	2
m.14987	313	0	0	0.5	0.5
m.14994	562	0.666666666666667	2	2	0.5
m.14999	503	78.6666666666667	73.5	77	69
m.1042	331	3	3.5	3.5	3.5
m.1500	101	1.66666666666667	2.5	2	2.5
symbB1.EST_k37c20_17187|m.39173	946	0.333333333333333	0	0	0
m.15018	456	10	10	11	8
m.15026	538	1	1	1.5	2
m.15038	332	2.33333333333333	2.5	0.5	1.5
m.1504	136	3.33333333333333	3.5	2.5	4
m.15047	323	13.6666666666667	12	13.5	12.5
m.1505	423	5	5	6	5
m.15054	242	17	16.5	12.5	13.5
m.15063	195	1.66666666666667	1.5	1	2
m.15079	260	9.66666666666667	15.5	15	15
m.1044	836	0.333333333333333	0.5	0	0
m.15083	267	1.66666666666667	1.5	0.5	1
m.15096	468	1.33333333333333	1.5	2	2
m.15098	368	5	4	3.5	4
m.151	201	2	1.5	1	1
m.15111	545	31.3333333333333	38	35.5	35.5
m.15114	369	4.66666666666667	5	4.5	3.5
m.15121	194	0.333333333333333	0.5	1	1.5
m.15126	176	0.666666666666667	0.5	0	0.5
m.15132	728	1.66666666666667	0.5	0	0
m.15134	1205	0.666666666666667	1.5	1.5	1
m.10457	752	0	0	1	1
m.15141	227	12.3333333333333	13.5	12.5	9.5
m.15142	273	0.666666666666667	0	1	0.5
m.15155	891	1	4.5	1.5	2.5
m.15158	259	1	1	1	1
m.15162	152	19	22	20.5	18.5
m.15166	611	1.33333333333333	2.5	3	1.5
m.15170	715	5.66666666666667	7.5	9	9
m.15172	116	3.66666666666667	3.5	2	1.5
m.15175	266	5.33333333333333	6	3.5	6.5
m.15185	362	26.3333333333333	28	22	22.5
m.10463	220	0	0.5	0.5	1
m.15189	147	1.66666666666667	2	1.5	1.5
m.15196	185	0	1	0	0
m.152	115	3.33333333333333	5.5	3.5	5.5
m.15200	788	10.3333333333333	5	6.5	8
m.15204	648	31.3333333333333	26	23.5	24.5
m.15205	198	3	1	1	1.5
m.15208	655	0.333333333333333	0	0	0
m.1522	770	0	0	1.5	1.5
m.15241	654	9	9.5	6	6.5
m.15244	481	2	2.5	1.5	1.5
m.10468	320	8	9.5	8	9
m.15247	289	4	2	3	3.5
m.1527	299	19	18.5	15	16
m.15279	668	0.666666666666667	1	2	0.5
m.15280	205	2.66666666666667	2.5	1.5	1.5
m.15290	959	8	8	7.5	9.5
m.153	398	2	1.5	3	1.5
m.1530	391	4.33333333333333	8	6	8.5
m.15306	507	0	0.5	0	0.5
m.15314	289	0.666666666666667	1.5	1	0.5
m.28786	108	0.666666666666667	0	0	0.5
m.15316	161	1	2.5	2.5	2
m.10472	547	5.33333333333333	7.5	7.5	4.5
m.15323	305	8.66666666666667	10.5	8	9
m.15325	4828	0.333333333333333	0.5	0.5	1
m.15331	209	7.33333333333333	10.5	7	7.5
m.15370	180	11.3333333333333	10.5	21	14.5
m.15377	555	18	19.5	20.5	20.5
m.15396	329	3.33333333333333	4.5	3	3.5
m.15400	429	6	5	5.5	7
m.15409	308	1	0.5	0.5	1
m.15449	425	0.333333333333333	0	2	1.5
m.15457	489	3.33333333333333	2.5	2	2
m.10484	222	1	1	1	0
m.1547	193	3	3	3.5	3.5
m.15471	509	6.33333333333333	8	7	5.5
m.15484	173	0	1	0	1
m.15491	328	0.666666666666667	1	1	0
m.15526	304	3.33333333333333	3.5	3.5	4
m.15544	155	3.66666666666667	4.5	4	4
m.15573	170	1.33333333333333	0	1.5	1
m.15586	275	6.33333333333333	6	8	6
m.1560	548	9	10.5	7	6.5
m.15618	675	2.66666666666667	3	2	1
m.10496	298	9	11.5	8.5	7
m.15633	448	46.3333333333333	43.5	41.5	43
m.15646	189	0.333333333333333	0.5	1	0
m.15686	206	2.66666666666667	3	3.5	3
m.15693	310	6	4	6.5	4.5
m.15700	399	6.33333333333333	4.5	5.5	5
m.15722	235	21.3333333333333	17	17	20.5
m.15724	695	2	2.5	4.5	1.5
m.15750	815	1	1	0	1
m.15756	276	1.66666666666667	2.5	0.5	0
m.1576	513	6.66666666666667	7	7	6
m.10499	214	1.66666666666667	3.5	2	1.5
m.15763	343	0.333333333333333	1.5	2	2
m.15764	225	3.66666666666667	3.5	3.5	3.5
m.15803	206	3	3	2.5	0.5
m.1582	284	2	1.5	1.5	2
m.15822	319	1	2	0	1
m.1583	327	6.33333333333333	6	5	7
m.15839	183	6.33333333333333	5.5	5	6
m.15850	195	1	0.5	1	1
m.15857	420	3.66666666666667	4	3	5.5
m.15862	387	1	1.5	0	0
m.1054	285	8.33333333333333	9.5	9.5	6.5
m.15899	456	4	3.5	3	2
m.1592	810	2	2.5	0.5	3
m.15923	2429	25.3333333333333	32	22	16
m.15941	522	1.33333333333333	1	1	1.5
m.1600	347	0	0	0	0.5
m.16005	488	2	1.5	1.5	2
m.16009	808	2.33333333333333	3	3	3
m.16029	467	0	0.5	0.5	0.5
m.16036	305	1.66666666666667	2	5	2.5
m.10558	176	1	3	1	2.5
m.16060	768	0.666666666666667	1	1.5	2
m.16119	234	1	1	1.5	1.5
m.16132	345	2.66666666666667	2	2.5	0.5
m.16180	508	1.33333333333333	3	1.5	2
m.16211	276	0.666666666666667	1	0.5	0.5
m.16222	296	1.66666666666667	1	1	1
m.16226	279	4	2.5	1.5	2
m.16233	161	6	7	6	5.5
m.16246	388	4	6	3	1
m.16258	131	0.333333333333333	0.5	0.5	0
m.10560	427	9.33333333333333	10.5	6.5	9.5
m.1626	326	7	7	7.5	4.5
m.16276	140	0	0	0.5	0
m.16281	177	1.33333333333333	1	1	1
m.16282	297	1.33333333333333	2.5	1.5	1.5
m.16309	388	2	4.5	3.5	2.5
m.16319	224	1.33333333333333	0.5	0.5	0
m.16423	301	0	0.5	1.5	1.5
m.16425	264	0.666666666666667	1	1	1
m.16446	276	0.666666666666667	1.5	1	0.5
m.16449	935	10.6666666666667	9.5	12	12
m.10567	295	1	1	0	0
m.1652	495	30.3333333333333	30	24.5	27.5
m.16526	293	2.66666666666667	1.5	2.5	1
m.1655	411	2	3	3	2.5
m.16552	236	0.666666666666667	1	0	1
m.16570	215	0.666666666666667	1.5	1	1
m.16591	233	3	2	2.5	2.5
m.16598	409	0.333333333333333	2	2	2
m.166	168	3	1	0.5	1
m.1664	421	0.333333333333333	0.5	0.5	1
m.16651	319	2.33333333333333	2.5	2	2
m.10575	652	1.33333333333333	1.5	1.5	1
m.16692	411	9.66666666666667	13.5	11	12
m.16730	536	0.666666666666667	1	0	0
m.16736	134	1.66666666666667	3	1.5	3
m.1680	375	1.66666666666667	3.5	2	2
m.1685	362	0.333333333333333	1	0	1
m.16859	1199	1.66666666666667	2.5	1.5	2
m.16863	391	0.333333333333333	0.5	0.5	0
m.1688	655	3.66666666666667	6.5	1.5	2.5
m.16887	302	0.333333333333333	0	0	0
m.1	362	0	0	0.5	1.5
m.16910	2217	21.3333333333333	23.5	14.5	16
m.16923	260	1.66666666666667	0.5	0	0
m.16994	221	9.33333333333333	10	10	15
m.16997	579	38	43.5	37	32.5
m.17002	969	1.33333333333333	1.5	1	1.5
m.17007	211	1.33333333333333	1	2.5	1.5
m.17032	119	4	3.5	2	1
m.1706	388	2.33333333333333	1	1.5	1.5
m.17099	205	3	3.5	3.5	3.5
m.171	2522	0.333333333333333	1	1.5	0.5
m.1060	147	2.33333333333333	3.5	2.5	4
m.17101	439	8	10	6	9.5
m.17110	253	0.666666666666667	2.5	0	0.5
m.17128	1219	2	2	1	3.5
m.1714	264	0.666666666666667	1	0.5	0
m.17144	187	2.33333333333333	5.5	1.5	2
m.17166	360	0	0	1	0.5
m.17237	424	0.333333333333333	1	0	0
m.1729	398	4	3.5	2	3
m.17323	421	23	27	25.5	22.5
m.10621	420	3.66666666666667	3.5	2	2.5
m.17346	797	2	1.5	1	2
m.17401	143	1	0.5	0	0
m.17423	295	0.333333333333333	0.5	0	0
m.17427	215	7.33333333333333	8	7	7
m.17452	658	0	0.5	0	0
m.17466	666	18	21.5	21.5	20.5
m.17476	386	2.66666666666667	2	3	2.5
m.17491	193	4.33333333333333	2.5	3	2.5
m.17493	334	0	0	0.5	0
m.17496	405	3.66666666666667	4.5	5	4.5
m.10669	322	0	0.5	0	0
m.17509	429	3.66666666666667	5	3	1
m.17514	369	1.66666666666667	1.5	2	1
m.17521	185	19.6666666666667	16	16.5	13
m.17527	348	2.33333333333333	2.5	1.5	1.5
m.17538	642	0	0.5	0	0
m.17547	505	3.66666666666667	4.5	5	5
m.17553	123	2	2	1	0
m.17560	348	3.33333333333333	2.5	4.5	4.5
m.17562	293	0.333333333333333	0.5	0.5	1
m.17572	133	6.33333333333333	9	5	4
m.1069	424	2.66666666666667	3.5	2.5	5
m.17582	562	11	14	8	6.5
m.17587	233	1	1	1	1
m.17594	254	1	0.5	0.5	1.5
m.17595	424	7.66666666666667	9	5.5	5.5
m.17609	155	5.33333333333333	4	4.5	3.5
m.1761	2437	11.6666666666667	9.5	8.5	10
m.17619	306	1	1.5	0	0.5
m.17634	303	2.33333333333333	2.5	2.5	3
m.17635	354	0.333333333333333	0	1.5	0
m.17642	405	3.33333333333333	3	3.5	3.5
m.10693	451	1.33333333333333	3.5	2	1
m.17653	215	8.33333333333333	9.5	10	7.5
m.17655	964	7	11.5	7	9
m.17662	137	4	6	4	4.5
m.17682	122	2.33333333333333	2.5	2	2
m.17686	418	5	5	0.5	0.5
m.17718	670	12.6666666666667	16.5	10	11
m.17738	499	0	0	0	0.5
m.17739	255	10.3333333333333	12.5	11	11
m.17769	574	3.66666666666667	3.5	2	3.5
m.107	99	8.66666666666667	9	7.5	8
m.1777	810	0	1	1	0.5
m.17776	322	5.66666666666667	6.5	4.5	3.5
m.17784	409	0.666666666666667	0.5	0.5	0.5
m.17794	846	18	16	18	22
m.17804	580	13	12.5	11.5	10.5
m.17812	263	1	0.5	1.5	1
m.17821	322	24.3333333333333	27	27.5	30.5
m.17836	548	0.666666666666667	0	1.5	0.5
m.1784	485	1.33333333333333	0.5	0	0
m.17853	531	0	0	0	0.5
m.10714	429	7.66666666666667	10	7	7.5
m.17857	135	1.33333333333333	3	2	2
m.17859	221	2	1	0.5	1.5
m.17886	251	0	0.5	0	0
m.17895	500	6.33333333333333	5	2	4.5
m.17897	385	5.33333333333333	5.5	4	7.5
m.17910	625	1	1.5	1.5	1
m.17927	304	0.333333333333333	1	0	0
m.1793	310	4.66666666666667	3.5	2	2
m.17939	224	0	0.5	0	0
m.1796	557	7.33333333333333	8.5	12	11
m.10723	443	2.66666666666667	2	2	3
m.17962	105	0.666666666666667	1.5	1.5	2
m.17970	233	4	4	0.5	1
m.17977	658	1.66666666666667	3.5	1.5	2.5
m.17984	639	10	12	15	12.5
m.17992	724	11.3333333333333	18	13	14
m.180	623	1.66666666666667	2	1.5	2
m.18001	225	0.666666666666667	0.5	0.5	0.5
m.18009	870	2.66666666666667	1.5	1	1
m.1802	545	1.66666666666667	1	0	1
m.18040	327	8.33333333333333	7	7.5	6
m.10726	1630	2.66666666666667	2.5	4	3.5
m.18048	376	13.6666666666667	15	10.5	9.5
m.18060	194	2.66666666666667	1.5	2.5	3
m.18062	181	6.66666666666667	7	7	7.5
m.18064	292	1.33333333333333	0	1	1
m.18070	421	3.66666666666667	4.5	4.5	5.5
m.1811	272	1.66666666666667	3	3.5	3
m.18144	177	2.33333333333333	4	1.5	4
m.18155	470	6.33333333333333	6	6	4.5
m.18216	767	3	2.5	2.5	2
m.1000	214	28.6666666666667	29.5	25.5	25.5
m.1073	371	3.66666666666667	4.5	4	3
m.18280	786	0.333333333333333	0.5	0	0.5
m.18336	196	0	0	0.5	0
m.1834	596	6	8	8.5	6
m.18355	140	2	5.5	6	5
m.18359	423	1	0.5	2	1.5
m.18362	249	5	2.5	4	4.5
m.18370	247	2.66666666666667	4	1.5	2
m.18387	243	3.33333333333333	4	3	1.5
m.18428	171	0.666666666666667	2.5	1.5	1.5
m.18439	485	1.66666666666667	2	1	2
m.1074	292	0.666666666666667	1	0	1
m.18470	326	3.66666666666667	7	4.5	6
m.18491	290	0.666666666666667	0	0	0
m.18493	251	3	2.5	1.5	3.5
m.1850	391	6	5	4.5	6
m.18531	393	0	0.5	0.5	1.5
m.18550	321	2	2	1.5	2.5
m.18553	252	10.6666666666667	11.5	12.5	13
m.18556	357	13.6666666666667	14.5	19	14
m.18584	365	2	1	1	1
m.18586	202	2	2	1.5	3
m.10744	282	6.33333333333333	9	4	7
m.18614	518	0	0.5	0	0.5
m.1862	270	0.333333333333333	0.5	0	0.5
m.1866	1135	5	7	5	7.5
m.18667	123	0.666666666666667	0.5	0	0
m.1881	292	23.6666666666667	26	24.5	24.5
m.18818	131	2.33333333333333	2	0.5	2.5
m.18819	1444	17.3333333333333	22	20	22.5
m.18825	839	36	31.5	29	29.5
m.18834	354	7.66666666666667	6.5	8	8.5
m.18862	137	4.33333333333333	3	4	2.5
m.10763	330	0	0	1	0.5
m.1889	383	2	2	1	1.5
m.18969	102	1	2.5	0.5	3
m.1897	265	0.666666666666667	2.5	2.5	3.5
m.18995	284	1	2.5	0.5	0
m.1903	378	4	3.5	2	3
m.19079	424	0.333333333333333	0	0	0
m.19080	266	2	1.5	0.5	0.5
m.19151	186	11.3333333333333	7	8	6.5
m.1916	493	0	0	1.5	1
m.19161	269	1	2	1	1
m.19191	287	1	1	0.5	0.5
m.19195	126	3	2.5	2.5	3.5
m.19225	469	3.33333333333333	6.5	2	1.5
m.1925	184	0.333333333333333	0	0	0
m.1936	223	0.333333333333333	1.5	2	2
m.19365	277	6.66666666666667	6.5	5	4
m.19407	438	0	0	0	1.5
m.19416	143	5	6.5	6	5
m.19419	213	1.66666666666667	1	0.5	1
m.19446	282	1	2	1	1.5
m.10807	572	28.6666666666667	27.5	31.5	31
m.19455	354	2.33333333333333	4	1.5	1
m.19460	144	3.33333333333333	2	1	1
m.19487	501	2.33333333333333	2	3	3
m.19494	241	0.333333333333333	1	0.5	0
m.19495	508	6	3.5	6	4.5
m.1950	311	1.66666666666667	3	0.5	2
m.19503	183	0.666666666666667	1	1	1.5
m.19504	313	0	0.5	0.5	0.5
m.19510	516	20.3333333333333	24.5	27	25
m.19514	1648	2.33333333333333	4	1.5	1
m.10812	189	5.66666666666667	4.5	2.5	3
m.19534	303	0.666666666666667	1.5	1.5	2
m.19543	104	2.66666666666667	2	3	3
m.19558	268	3.33333333333333	4	4	4.5
m.19580	222	4	4.5	3.5	6
m.19592	449	1	1	1	1.5
m.19597	531	9.33333333333333	11	7	9
m.19598	1537	1.33333333333333	2.5	1.5	2
m.196	258	1.33333333333333	1	1.5	2.5
m.19610	677	3.66666666666667	4.5	5	3
m.19621	362	0.333333333333333	1	2	2
m.10817	422	1	1.5	0.5	0.5
m.19643	262	0	0	0	0.5
m.19657	547	2.33333333333333	2	2	1
m.19685	242	2.66666666666667	1.5	2	2.5
m.19688	311	0	1	1	0.5
m.19704	127	3	3.5	2	1.5
m.19726	448	1.66666666666667	3	1	1
m.19748	107	0.333333333333333	1	0	1
m.19768	178	2	3.5	1.5	2
m.19801	196	0	1	0	0
m.19805	110	5	6	5	6.5
m.10818	372	1.66666666666667	4	2	5
m.1981	122	0.333333333333333	0	1.5	1.5
m.19866	117	2.33333333333333	2	2.5	1.5
m.19871	271	0.666666666666667	1.5	0	0.5
m.19899	782	1	0.5	1	1.5
m.19927	386	3.66666666666667	5	1.5	2.5
m.19936	369	0.333333333333333	0	1	0
m.19949	302	2	2.5	1.5	1
m.1996	868	13.6666666666667	17.5	18	16
m.19966	302	7	7.5	5	8
m.19978	746	7.33333333333333	7	7.5	7
m.10831	206	4	4	4	4
m.19983	183	1.66666666666667	4.5	3	5.5
m.19991	861	13.6666666666667	17	12.5	12.5
m.19993	588	1.33333333333333	0	0.5	0.5
m.2	157	5	4.5	5.5	4
m.200	1142	33.3333333333333	33.5	25.5	24
m.20009	465	0.666666666666667	1	1	0.5
m.20013	565	14.6666666666667	15.5	18	19
m.20024	272	1.33333333333333	1	0	0
m.20030	173	3.66666666666667	2	2	2.5
m.20041	230	22	19.5	16.5	23.5
m.10009	206	3	3	3	2.5
m.10852	208	1	1	1	2.5
m.20048	384	3.33333333333333	3	3	4
m.20062	124	2.33333333333333	2	2	1.5
m.20081	531	5.33333333333333	6.5	7	3.5
m.20118	478	0.333333333333333	1.5	0.5	0
m.2012	191	1	0.5	0	0
m.20145	264	0	1.5	1.5	1
m.20152	312	0.333333333333333	0	0	0
m.20155	114	0.666666666666667	0	1.5	0
m.20175	165	2.66666666666667	3.5	2.5	1
m.10862	241	0	0.5	0	1
m.20195	410	0	0.5	2	0
m.2022	539	1.66666666666667	1	1	1.5
m.20253	281	2.33333333333333	2	2.5	2.5
m.2026	290	2.33333333333333	2.5	2	1
m.20317	123	0.666666666666667	1.5	0.5	0.5
m.2032	373	11.6666666666667	12	12	10.5
m.20374	285	1	1	2	1
m.20423	419	1	1.5	0	0
m.20468	481	0.333333333333333	0.5	0.5	0
m.10883	471	10.3333333333333	13	9	11
m.20487	290	0.666666666666667	0.5	1.5	0.5
m.2050	233	2.33333333333333	4	2.5	2.5
m.20509	361	2.66666666666667	2	2.5	2.5
m.20599	102	3.33333333333333	3.5	3	3
m.20656	236	2	2.5	1.5	3.5
m.2067	217	3.33333333333333	5.5	4.5	2.5
m.20828	231	1.33333333333333	1	2	2
m.20898	435	3.66666666666667	5	5.5	3
m.20916	317	6.33333333333333	9	7	8
m.1089	117	5.66666666666667	7	6	6
m.20918	315	3.66666666666667	3.5	2.5	3
m.20924	380	7.33333333333333	10.5	10	5.5
m.20941	628	4	4.5	4	5.5
m.20945	770	4.33333333333333	2	1.5	1.5
m.20951	166	4.66666666666667	3.5	5	2.5
m.20959	229	6.66666666666667	8.5	9.5	9
m.20967	304	0	0.5	0	0
m.20970	243	1	0.5	0	0
m.20978	138	7	7.5	7	7
m.21	461	48.3333333333333	50.5	41.5	46.5
m.10893	298	21	21.5	14	16.5
m.21000	372	5.33333333333333	6	5	3
m.21002	259	0.666666666666667	1	0	0
m.21018	369	2	1	0	0.5
m.21023	149	1	0	1	0
m.21024	188	5	4.5	0.5	2
m.21046	141	2.33333333333333	2	1	1
m.21047	294	3.33333333333333	4	3	2.5
m.21049	288	1.33333333333333	0.5	0.5	2.5
m.21056	322	1.33333333333333	1	1.5	1
m.21064	264	0	0.5	0.5	0
m.10905	398	5	5	6	3
m.2107	529	4.66666666666667	6	5	4
m.21070	221	0.666666666666667	0.5	0.5	1
m.21074	449	9.66666666666667	9.5	11	8
m.21131	238	0.666666666666667	0.5	1	0.5
m.21152	377	3.33333333333333	3	4.5	2.5
m.21179	265	8	6.5	8	5.5
m.21180	384	1	2	1	3
m.212	347	3	4.5	1	2
m.21227	279	0	1	0	0
m.21240	415	2.66666666666667	2.5	3.5	2.5
m.10920	962	0	0.5	0	0
m.21267	565	0	3	2	4
m.21268	784	0.333333333333333	1.5	2	0.5
m.21281	322	0.333333333333333	1	0	0
m.21294	335	0.333333333333333	0.5	0.5	0.5
m.21313	552	9	9	9	8
m.21336	339	0.666666666666667	1.5	1	0
m.2136	361	0.333333333333333	0.5	0	0
m.21372	330	0.666666666666667	2.5	2	1.5
m.21379	246	8	9	7	9.5
m.21388	376	0.666666666666667	0	0	0
m.10938	346	3.66666666666667	5	5	4.5
m.21438	701	6.33333333333333	3.5	7.5	5
m.21457	115	5.66666666666667	7.5	6	6
m.2146	314	0.666666666666667	0.5	2	1
m.2147	314	5	5	4.5	3.5
m.21474	364	0.333333333333333	0	0	0.5
m.215	195	11.6666666666667	12	10.5	12
m.21521	685	1	0.5	1	1.5
m.21529	322	1	1	0.5	0
m.21538	175	2.33333333333333	2.5	2.5	1
m.21596	525	14	15	11	14.5
m.10944	532	0.666666666666667	2.5	0.5	0.5
m.2164	240	1.33333333333333	2	2	0.5
m.21654	118	2.66666666666667	5.5	3.5	4.5
m.21674	280	1	1	0.5	0.5
m.21683	274	0	0	0.5	1
m.217	121	9.66666666666667	8.5	8.5	8
m.21702	178	1.66666666666667	2	0	0.5
m.21710	219	1	2	1	1
m.21772	262	1	1	1	1
m.21798	281	0.333333333333333	0.5	0.5	0
m.10974	566	7.66666666666667	11.5	8	9
m.21812	233	1	0.5	0.5	2
m.21819	1189	3.33333333333333	4.5	1	0.5
m.21842	395	19	19.5	11.5	10
m.2185	737	1	1.5	1	1
m.21864	258	0.333333333333333	0	0	0
m.21911	295	0.333333333333333	0.5	0.5	0
m.21939	120	4	3	2.5	2
m.21954	305	0	0	0.5	2
m.22085	331	3	3	4	2.5
m.2212	675	1.33333333333333	3	1	0.5
m.10015	205	5.33333333333333	5.5	7.5	5.5
m.10998	251	0.666666666666667	1	0	0
m.22127	173	1.33333333333333	1	1.5	1.5
m.22180	238	1.33333333333333	2	1.5	3
m.22205	653	7.33333333333333	8	6	6.5
m.22274	438	5	6	4.5	4.5
m.22282	310	10	13.5	12	11.5
m.2229	343	1	1	0.5	1
m.22295	361	0.666666666666667	0	1	0
m.223	287	3.66666666666667	4	4	4.5
m.22300	797	0.333333333333333	0.5	0.5	1
m.22307	275	10	9	6	7.5
m.110	1165	43.6666666666667	56	37	45
m.22365	587	1.66666666666667	3.5	2	2.5
m.22392	222	8	8	8.5	7.5
m.22394	559	7	9	8.5	7.5
m.22405	246	3.33333333333333	4	4	3.5
m.2241	107	2.33333333333333	2.5	2	3
m.22412	708	1.33333333333333	2	2	1.5
m.22416	142	1	1	1	2.5
m.22424	314	12.3333333333333	8.5	5.5	6.5
m.22427	401	0.333333333333333	1	0	1
m.22434	265	0.333333333333333	2	0.5	1.5
m.1100	513	2	3	2	1
m.2244	1940	3.33333333333333	5	4	2
m.22447	261	1	4	3.5	2
m.22473	320	0	0.5	0	0
m.2249	195	3.33333333333333	2	1	1
m.22518	514	2.33333333333333	1.5	1.5	1
m.22539	256	2.33333333333333	2	0.5	2
m.22542	615	90	86.5	80.5	95.5
m.22547	139	3	3.5	3	2
m.22549	514	4.33333333333333	0.5	2.5	5
m.1103	1107	0.666666666666667	3	0.5	1
m.22580	202	2	0.5	1	2
m.22589	501	0.333333333333333	0.5	1	0
m.22603	222	0.333333333333333	0.5	0	1
m.2262	545	0	0.5	0	0.5
m.22620	173	1	0.5	0	1
m.22659	359	1	1.5	1	1
m.22676	166	1	2	1	0.5
m.22691	209	2.66666666666667	1.5	2	2
m.227	359	8.33333333333333	9	8.5	10.5
m.22707	617	1.66666666666667	2.5	2	4
m.11035	299	0	0.5	0	1.5
m.2278	237	0.333333333333333	0.5	0.5	1
m.22782	553	16	16	19	19.5
m.22799	396	0	0	0.5	0
m.22806	335	0	0.5	0.5	0
m.22810	245	3.66666666666667	4	2	3
m.22850	470	0.333333333333333	0.5	0.5	1
m.22904	580	12	11	7.5	8.5
m.22921	1220	2	3	1	0.5
m.22944	994	20	22	16.5	19.5
m.22952	530	5.33333333333333	8.5	6	5
m.11045	121	2	1	2.5	2
m.22977	195	0.666666666666667	1.5	1	1
m.230	211	8	8	8	7.5
m.23037	263	11.3333333333333	11	7	7.5
m.23042	858	5.33333333333333	6	3	5
m.23072	302	1	2	2.5	2.5
m.23079	454	1	1.5	0	1
m.2309	217	1	0	0	0.5
m.23101	403	2	0.5	1	1.5
m.23103	397	1	1	0	1
m.23134	126	2	1	1	3
m.11093	943	0.333333333333333	0	0.5	0
m.23145	569	0.333333333333333	0.5	0	0
m.2316	597	1.33333333333333	2	2	1
m.2317	307	3.33333333333333	5.5	3	3
m.23218	266	0	0.5	0.5	0.5
m.23233	725	4.66666666666667	5	3	4
m.23247	172	1.66666666666667	1	1.5	2
m.23275	219	3.66666666666667	4	1	3
m.23281	165	0.333333333333333	0	0.5	0.5
m.23371	196	1	2	1	3
m.23377	644	2	1	1.5	1
m.11100	1144	6	6.5	7.5	7.5
m.23397	127	5	4	4	4
m.23436	547	1.33333333333333	1.5	0	1.5
m.2349	652	1	1	0.5	1
m.2353	1773	1.66666666666667	5.5	2.5	3.5
m.23560	575	5	4	2.5	3
m.23572	144	2.33333333333333	2	0	1.5
m.23575	291	0.666666666666667	1	1	1
m.23588	389	2	1	1.5	2
m.23599	895	45.3333333333333	57	61	63
m.2360	1533	4.66666666666667	5.5	6	8.5
m.11107	150	7.66666666666667	10	9.5	11
m.23602	166	4.33333333333333	4.5	4.5	6
m.23607	647	13	15	12.5	11.5
m.23611	241	11.3333333333333	11.5	12.5	10
m.23613	106	3.66666666666667	4	3	2
m.23626	176	0	1	2.5	2.5
m.23629	351	3.33333333333333	3	2.5	3.5
m.23632	169	4.66666666666667	5.5	2	3
m.23661	550	4	5	3	2.5
m.23668	113	0.666666666666667	0	1.5	0.5
m.23671	219	9.33333333333333	9	9	8
m.11149	227	9.33333333333333	11	9	7
m.23676	166	3.66666666666667	2.5	3	4
m.23681	182	0.333333333333333	0	0	0.5
m.23685	446	29.6666666666667	31	34.5	36
m.23696	547	0	0	0.5	0
m.23699	552	12.3333333333333	14.5	13	15.5
m.23708	164	2.66666666666667	2	2.5	2.5
m.23716	147	9	10.5	8.5	8.5
m.23728	760	3.66666666666667	4.5	3	2.5
m.23737	412	5.66666666666667	6.5	5.5	5
m.23776	270	4	5	5	3.5
m.1002	498	0.333333333333333	1	1.5	1
m.11152	593	1	0.5	0	1
m.23795	157	0	1	0	1
m.23814	289	2	1.5	2.5	1
m.23817	738	1.33333333333333	2	0.5	2
m.23821	306	23	24	20.5	21
m.23824	188	1.66666666666667	3.5	2.5	2.5
m.23856	894	0.333333333333333	0.5	0.5	0
m.23859	213	1.33333333333333	0	0.5	0.5
m.23867	427	3.33333333333333	0.5	2	1.5
m.23918	356	1	1	0	0
m.23926	521	2	2.5	1	1.5
m.11180	213	0.333333333333333	1	0	0
m.23962	496	2	1.5	3	4
m.23996	320	1.33333333333333	1	1.5	1.5
m.23997	257	1.33333333333333	2	1	2
m.24011	345	2	3	2	2.5
m.24029	442	4.33333333333333	4	2.5	1.5
m.24046	310	1	1	1	1.5
m.24081	202	2.66666666666667	2.5	1.5	1.5
m.24092	176	2.66666666666667	3	3.5	4.5
m.24113	335	2.66666666666667	2	3	3
m.2412	527	0.333333333333333	1	1	1
m.11210	170	0.666666666666667	1.5	2	2
m.24170	270	1	1	1.5	1
m.24183	283	1	1	1	1
m.24205	912	0.333333333333333	0.5	1	0.5
m.24219	687	4.33333333333333	4.5	5	4
m.24221	132	2	2.5	2	1.5
m.2423	566	0	0	0.5	0
m.24247	254	0.333333333333333	0.5	1.5	1
m.24266	335	0	1	0	0
m.24267	357	1.33333333333333	1	2	2
m.1126	148	2.66666666666667	3	4.5	2.5
m.24308	388	2	1.5	2.5	1.5
m.24310	205	0	1	2	0.5
m.24316	262	1.66666666666667	2	1	1.5
m.2433	832	4	3.5	3.5	2.5
m.24351	185	1	1.5	0.5	2
m.24356	255	3	3.5	1	1
m.2438	9514	8	16	8.5	24.5
m.24423	342	2	2.5	3.5	3
m.24437	139	4.33333333333333	4	1.5	0.5
m.24493	298	1.66666666666667	1.5	0.5	1
m.11265	213	3	3	2	2.5
m.245	272	0.666666666666667	1	1	1
m.24569	99	0.666666666666667	1.5	0	0
m.24620	241	25	25	11.5	13.5
m.247	406	2	2.5	2.5	1
m.24718	184	0	0	1	1
m.24722	174	0.333333333333333	1	1.5	1.5
m.2473	459	2	3.5	2	4.5
m.24916	265	0.333333333333333	0.5	0.5	1
m.24936	844	5	4.5	1	0
m.24947	295	9.33333333333333	11.5	9	10
m.11289	232	1	2.5	1	1.5
m.24948	811	2.66666666666667	2.5	1.5	2
m.2495	336	1.66666666666667	1	1	0
m.24964	992	9.33333333333333	9	8.5	9
m.24975	251	2.66666666666667	2.5	2.5	2.5
m.2503	175	2.33333333333333	3.5	2	2
m.25033	304	1	0.5	1	2
m.25041	188	1	1.5	1	1.5
m.25047	221	1.66666666666667	2.5	2	2
m.25060	237	2.33333333333333	2	3.5	2.5
m.251	263	26	19.5	17.5	18.5
m.11298	283	1.66666666666667	2	1.5	2
m.25100	471	3.33333333333333	3.5	3	3.5
m.25115	481	1	2	0.5	3
m.25121	520	1.66666666666667	2	0	2
m.25136	500	1.66666666666667	0.5	1.5	1.5
m.25139	549	4.66666666666667	8	3.5	6.5
m.25151	247	1.33333333333333	1	0	1
m.25153	155	3.33333333333333	2	3.5	2
m.25176	115	1	2.5	1.5	2
m.25195	896	0.666666666666667	0.5	1	0
m.11307	740	0.333333333333333	1	0	0.5
m.2520	559	5.33333333333333	6	5	5
m.25217	316	0.333333333333333	0.5	0	0
m.25218	280	14.3333333333333	18.5	7.5	15.5
m.25233	301	2.66666666666667	4.5	4	3
m.25244	393	3	1.5	3	1
m.25260	257	0.333333333333333	0.5	1	1
m.25270	173	1.33333333333333	1	1	1
m.2531	239	8	8	8.5	9.5
m.25325	239	2.66666666666667	2	2	1.5
m.25376	167	2	1.5	1	1.5
m.11319	252	0.666666666666667	1	1	1
m.2539	1354	3	3.5	2	3
m.25410	350	8.33333333333333	9	7	6.5
m.2542	649	12.6666666666667	19	13.5	16
m.25447	912	0	0.5	3.5	2.5
m.25449	552	0	0	1	0
m.25457	512	0.666666666666667	3	0.5	0.5
m.25471	214	0.333333333333333	0	0	0
m.255	815	10.6666666666667	13	10	13.5
m.25538	553	1	2	2.5	3
m.25546	453	7.33333333333333	7.5	9.5	7.5
m.1133	280	3.66666666666667	3.5	1.5	1
m.25552	512	2.33333333333333	2.5	1	0
m.25564	220	1	0.5	1.5	1.5
m.2558	405	0.333333333333333	0.5	1	0
m.25638	115	1.66666666666667	2	1.5	2
m.25678	189	11.3333333333333	12.5	9.5	11.5
m.25703	334	1	0.5	1	0
m.25715	184	1.66666666666667	0	0.5	0
m.25727	713	1.66666666666667	1.5	0	1.5
m.25798	273	0.333333333333333	1	0	0.5
m.25801	239	12.6666666666667	11.5	6	7
